0;-0;
0.001;8.99e-09;
0.002;7.184e-08;
0.003;2.4219e-07;
0.004;5.7344e-07;
0.005;1.11875e-06;
0.006;1.93104e-06;
0.007;3.06299e-06;
0.008;4.56704e-06;
0.009;6.49539e-06;
0.01;8.9e-06;
0.011;1.18326e-05;
0.012;1.53446e-05;
0.013;1.94874e-05;
0.014;2.43118e-05;
0.015;2.98687e-05;
0.016;3.62085e-05;
0.017;4.33816e-05;
0.018;5.1438e-05;
0.019;6.04274e-05;
0.02;7.03994e-05;
0.021;8.14034e-05;
0.022;9.34883e-05;
0.023;0.000106703;
0.024;0.000121096;
0.025;0.000136716;
0.026;0.000153611;
0.027;0.000171828;
0.028;0.000191416;
0.029;0.000212421;
0.03;0.00023489;
0.031;0.000258872;
0.032;0.000284411;
0.033;0.000311555;
0.034;0.00034035;
0.035;0.000370841;
0.036;0.000403074;
0.037;0.000437095;
0.038;0.000472948;
0.039;0.000510678;
0.04;0.000550331;
0.041;0.000591949;
0.042;0.000635578;
0.043;0.000681261;
0.044;0.000729042;
0.045;0.000778963;
0.046;0.000831068;
0.047;0.000885401;
0.048;0.000942002;
0.049;0.00100091;
0.05;0.00106218;
0.051;0.00112584;
0.052;0.00119194;
0.053;0.00126051;
0.054;0.00133161;
0.055;0.00140526;
0.056;0.00148151;
0.057;0.0015604;
0.058;0.00164196;
0.059;0.00172625;
0.06;0.00181329;
0.061;0.00190313;
0.062;0.00199581;
0.063;0.00209135;
0.064;0.00218981;
0.065;0.00229122;
0.066;0.00239561;
0.067;0.00250302;
0.068;0.00261349;
0.069;0.00272706;
0.07;0.00284376;
0.071;0.00296363;
0.072;0.0030867;
0.073;0.00321301;
0.074;0.00334259;
0.075;0.00347547;
0.076;0.0036117;
0.077;0.00375131;
0.078;0.00389432;
0.079;0.00404077;
0.08;0.0041907;
0.081;0.00434413;
0.082;0.0045011;
0.083;0.00466164;
0.084;0.00482578;
0.085;0.00499356;
0.086;0.00516499;
0.087;0.00534012;
0.088;0.00551898;
0.089;0.00570158;
0.09;0.00588797;
0.091;0.00607816;
0.092;0.0062722;
0.093;0.0064701;
0.094;0.00667189;
0.095;0.00687761;
0.096;0.00708727;
0.097;0.00730091;
0.098;0.00751854;
0.099;0.0077402;
0.1;0.00796591;
0.101;0.0081957;
0.102;0.00842958;
0.103;0.00866758;
0.104;0.00890974;
0.105;0.00915606;
0.106;0.00940657;
0.107;0.00966129;
0.108;0.00992026;
0.109;0.0101835;
0.11;0.010451;
0.111;0.0107228;
0.112;0.0109989;
0.113;0.0112793;
0.114;0.0115641;
0.115;0.0118533;
0.116;0.0121468;
0.117;0.0124448;
0.118;0.0127472;
0.119;0.013054;
0.12;0.0133653;
0.121;0.0136811;
0.122;0.0140013;
0.123;0.0143261;
0.124;0.0146554;
0.125;0.0149892;
0.126;0.0153275;
0.127;0.0156704;
0.128;0.0160179;
0.129;0.0163699;
0.13;0.0167266;
0.131;0.0170878;
0.132;0.0174536;
0.133;0.0178241;
0.134;0.0181992;
0.135;0.0185789;
0.136;0.0189633;
0.137;0.0193523;
0.138;0.0197459;
0.139;0.0201443;
0.14;0.0205473;
0.141;0.0209549;
0.142;0.0213673;
0.143;0.0217843;
0.144;0.022206;
0.145;0.0226324;
0.146;0.0230635;
0.147;0.0234993;
0.148;0.0239397;
0.149;0.0243849;
0.15;0.0248347;
0.151;0.0252892;
0.152;0.0257484;
0.153;0.0262123;
0.154;0.0266809;
0.155;0.0271541;
0.156;0.0276321;
0.157;0.0281147;
0.158;0.0286019;
0.159;0.0290938;
0.16;0.0295904;
0.161;0.0300916;
0.162;0.0305975;
0.163;0.031108;
0.164;0.0316231;
0.165;0.0321428;
0.166;0.0326671;
0.167;0.033196;
0.168;0.0337295;
0.169;0.0342675;
0.17;0.0348101;
0.171;0.0353573;
0.172;0.035909;
0.173;0.0364651;
0.174;0.0370258;
0.175;0.037591;
0.176;0.0381606;
0.177;0.0387347;
0.178;0.0393132;
0.179;0.0398962;
0.18;0.0404835;
0.181;0.0410752;
0.182;0.0416713;
0.183;0.0422716;
0.184;0.0428763;
0.185;0.0434853;
0.186;0.0440986;
0.187;0.0447161;
0.188;0.0453379;
0.189;0.0459638;
0.19;0.0465939;
0.191;0.0472282;
0.192;0.0478665;
0.193;0.048509;
0.194;0.0491556;
0.195;0.0498061;
0.196;0.0504607;
0.197;0.0511193;
0.198;0.0517818;
0.199;0.0524483;
0.2;0.0531186;
0.201;0.0537928;
0.202;0.0544709;
0.203;0.0551527;
0.204;0.0558382;
0.205;0.0565276;
0.206;0.0572206;
0.207;0.0579172;
0.208;0.0586175;
0.209;0.0593214;
0.21;0.0600288;
0.211;0.0607397;
0.212;0.0614542;
0.213;0.062172;
0.214;0.0628932;
0.215;0.0636178;
0.216;0.0643458;
0.217;0.065077;
0.218;0.0658114;
0.219;0.066549;
0.22;0.0672898;
0.221;0.0680337;
0.222;0.0687807;
0.223;0.0695306;
0.224;0.0702836;
0.225;0.0710395;
0.226;0.0717983;
0.227;0.0725599;
0.228;0.0733243;
0.229;0.0740915;
0.23;0.0748614;
0.231;0.075634;
0.232;0.0764091;
0.233;0.0771868;
0.234;0.077967;
0.235;0.0787497;
0.236;0.0795349;
0.237;0.0803223;
0.238;0.0811121;
0.239;0.0819041;
0.24;0.0826984;
0.241;0.0834948;
0.242;0.0842933;
0.243;0.0850939;
0.244;0.0858965;
0.245;0.0867011;
0.246;0.0875075;
0.247;0.0883157;
0.248;0.0891258;
0.249;0.0899376;
0.25;0.0907511;
0.251;0.0915662;
0.252;0.0923829;
0.253;0.093201;
0.254;0.0940207;
0.255;0.0948417;
0.256;0.0956641;
0.257;0.0964878;
0.258;0.0973127;
0.259;0.0981388;
0.26;0.098966;
0.261;0.0997943;
0.262;0.100624;
0.263;0.101454;
0.264;0.102285;
0.265;0.103117;
0.266;0.103949;
0.267;0.104783;
0.268;0.105617;
0.269;0.106452;
0.27;0.107287;
0.271;0.108122;
0.272;0.108958;
0.273;0.109795;
0.274;0.110632;
0.275;0.111468;
0.276;0.112306;
0.277;0.113143;
0.278;0.11398;
0.279;0.114817;
0.28;0.115655;
0.281;0.116492;
0.282;0.117329;
0.283;0.118165;
0.284;0.119002;
0.285;0.119838;
0.286;0.120673;
0.287;0.121508;
0.288;0.122343;
0.289;0.123177;
0.29;0.12401;
0.291;0.124843;
0.292;0.125675;
0.293;0.126506;
0.294;0.127336;
0.295;0.128165;
0.296;0.128993;
0.297;0.12982;
0.298;0.130646;
0.299;0.13147;
0.3;0.132294;
0.301;0.133116;
0.302;0.133936;
0.303;0.134756;
0.304;0.135574;
0.305;0.13639;
0.306;0.137204;
0.307;0.138018;
0.308;0.138829;
0.309;0.139638;
0.31;0.140446;
0.311;0.141252;
0.312;0.142056;
0.313;0.142858;
0.314;0.143657;
0.315;0.144455;
0.316;0.145251;
0.317;0.146044;
0.318;0.146835;
0.319;0.147624;
0.32;0.14841;
0.321;0.149194;
0.322;0.149976;
0.323;0.150755;
0.324;0.151531;
0.325;0.152305;
0.326;0.153076;
0.327;0.153844;
0.328;0.15461;
0.329;0.155373;
0.33;0.156132;
0.331;0.156889;
0.332;0.157643;
0.333;0.158394;
0.334;0.159142;
0.335;0.159887;
0.336;0.160629;
0.337;0.161367;
0.338;0.162102;
0.339;0.162834;
0.34;0.163563;
0.341;0.164288;
0.342;0.165009;
0.343;0.165728;
0.344;0.166442;
0.345;0.167154;
0.346;0.167861;
0.347;0.168565;
0.348;0.169266;
0.349;0.169962;
0.35;0.170655;
0.351;0.171344;
0.352;0.17203;
0.353;0.172711;
0.354;0.173389;
0.355;0.174063;
0.356;0.174732;
0.357;0.175398;
0.358;0.17606;
0.359;0.176718;
0.36;0.177371;
0.361;0.178021;
0.362;0.178666;
0.363;0.179307;
0.364;0.179944;
0.365;0.180577;
0.366;0.181206;
0.367;0.18183;
0.368;0.18245;
0.369;0.183066;
0.37;0.183677;
0.371;0.184284;
0.372;0.184887;
0.373;0.185485;
0.374;0.186079;
0.375;0.186668;
0.376;0.187253;
0.377;0.187833;
0.378;0.188409;
0.379;0.188981;
0.38;0.189547;
0.381;0.19011;
0.382;0.190667;
0.383;0.191221;
0.384;0.191769;
0.385;0.192313;
0.386;0.192852;
0.387;0.193387;
0.388;0.193917;
0.389;0.194443;
0.39;0.194963;
0.391;0.19548;
0.392;0.195991;
0.393;0.196498;
0.394;0.197;
0.395;0.197497;
0.396;0.19799;
0.397;0.198478;
0.398;0.198962;
0.399;0.199441;
0.4;0.199915;
0.401;0.200384;
0.402;0.200849;
0.403;0.201309;
0.404;0.201764;
0.405;0.202215;
0.406;0.202661;
0.407;0.203103;
0.408;0.203539;
0.409;0.203972;
0.41;0.204399;
0.411;0.204822;
0.412;0.20524;
0.413;0.205654;
0.414;0.206063;
0.415;0.206468;
0.416;0.206868;
0.417;0.207263;
0.418;0.207654;
0.419;0.208041;
0.42;0.208423;
0.421;0.2088;
0.422;0.209173;
0.423;0.209542;
0.424;0.209906;
0.425;0.210266;
0.426;0.210621;
0.427;0.210972;
0.428;0.211319;
0.429;0.211661;
0.43;0.211999;
0.431;0.212333;
0.432;0.212663;
0.433;0.212989;
0.434;0.21331;
0.435;0.213627;
0.436;0.21394;
0.437;0.214249;
0.438;0.214554;
0.439;0.214855;
0.44;0.215152;
0.441;0.215445;
0.442;0.215734;
0.443;0.216019;
0.444;0.216301;
0.445;0.216578;
0.446;0.216852;
0.447;0.217122;
0.448;0.217388;
0.449;0.217651;
0.45;0.21791;
0.451;0.218166;
0.452;0.218418;
0.453;0.218666;
0.454;0.218911;
0.455;0.219153;
0.456;0.219391;
0.457;0.219626;
0.458;0.219858;
0.459;0.220086;
0.46;0.220311;
0.461;0.220534;
0.462;0.220753;
0.463;0.220969;
0.464;0.221182;
0.465;0.221392;
0.466;0.221599;
0.467;0.221804;
0.468;0.222005;
0.469;0.222204;
0.47;0.2224;
0.471;0.222594;
0.472;0.222785;
0.473;0.222973;
0.474;0.223159;
0.475;0.223343;
0.476;0.223524;
0.477;0.223703;
0.478;0.22388;
0.479;0.224055;
0.48;0.224227;
0.481;0.224397;
0.482;0.224566;
0.483;0.224732;
0.484;0.224897;
0.485;0.22506;
0.486;0.225221;
0.487;0.22538;
0.488;0.225537;
0.489;0.225694;
0.49;0.225848;
0.491;0.226001;
0.492;0.226153;
0.493;0.226303;
0.494;0.226452;
0.495;0.2266;
0.496;0.226747;
0.497;0.226893;
0.498;0.227038;
0.499;0.227181;
0.5;0.227324;
0.501;0.227467;
0.502;0.227608;
0.503;0.227749;
0.504;0.227889;
0.505;0.228028;
0.506;0.228168;
0.507;0.228306;
0.508;0.228445;
0.509;0.228583;
0.51;0.228721;
0.511;0.228859;
0.512;0.228997;
0.513;0.229135;
0.514;0.229273;
0.515;0.229411;
0.516;0.22955;
0.517;0.229688;
0.518;0.229827;
0.519;0.229967;
0.52;0.230107;
0.521;0.230248;
0.522;0.230389;
0.523;0.230531;
0.524;0.230674;
0.525;0.230818;
0.526;0.230963;
0.527;0.231109;
0.528;0.231256;
0.529;0.231404;
0.53;0.231553;
0.531;0.231704;
0.532;0.231856;
0.533;0.23201;
0.534;0.232165;
0.535;0.232321;
0.536;0.23248;
0.537;0.23264;
0.538;0.232802;
0.539;0.232966;
0.54;0.233132;
0.541;0.2333;
0.542;0.23347;
0.543;0.233642;
0.544;0.233817;
0.545;0.233994;
0.546;0.234173;
0.547;0.234355;
0.548;0.23454;
0.549;0.234727;
0.55;0.234917;
0.551;0.235109;
0.552;0.235305;
0.553;0.235503;
0.554;0.235705;
0.555;0.235909;
0.556;0.236117;
0.557;0.236328;
0.558;0.236542;
0.559;0.23676;
0.56;0.236981;
0.561;0.237205;
0.562;0.237433;
0.563;0.237665;
0.564;0.2379;
0.565;0.23814;
0.566;0.238383;
0.567;0.23863;
0.568;0.238881;
0.569;0.239136;
0.57;0.239395;
0.571;0.239659;
0.572;0.239926;
0.573;0.240198;
0.574;0.240475;
0.575;0.240756;
0.576;0.241041;
0.577;0.241331;
0.578;0.241626;
0.579;0.241925;
0.58;0.24223;
0.581;0.242539;
0.582;0.242853;
0.583;0.243172;
0.584;0.243496;
0.585;0.243825;
0.586;0.244159;
0.587;0.244499;
0.588;0.244844;
0.589;0.245194;
0.59;0.24555;
0.591;0.245911;
0.592;0.246277;
0.593;0.246649;
0.594;0.247027;
0.595;0.247411;
0.596;0.2478;
0.597;0.248195;
0.598;0.248596;
0.599;0.249002;
0.6;0.249415;
0.601;0.249834;
0.602;0.250258;
0.603;0.250689;
0.604;0.251126;
0.605;0.25157;
0.606;0.252019;
0.607;0.252475;
0.608;0.252937;
0.609;0.253405;
0.61;0.25388;
0.611;0.254361;
0.612;0.254849;
0.613;0.255343;
0.614;0.255844;
0.615;0.256352;
0.616;0.256866;
0.617;0.257387;
0.618;0.257914;
0.619;0.258449;
0.62;0.25899;
0.621;0.259538;
0.622;0.260092;
0.623;0.260654;
0.624;0.261222;
0.625;0.261798;
0.626;0.26238;
0.627;0.262969;
0.628;0.263566;
0.629;0.264169;
0.63;0.264779;
0.631;0.265397;
0.632;0.266021;
0.633;0.266652;
0.634;0.267291;
0.635;0.267936;
0.636;0.268589;
0.637;0.269249;
0.638;0.269916;
0.639;0.270589;
0.64;0.27127;
0.641;0.271959;
0.642;0.272654;
0.643;0.273356;
0.644;0.274066;
0.645;0.274782;
0.646;0.275506;
0.647;0.276236;
0.648;0.276974;
0.649;0.277719;
0.65;0.27847;
0.651;0.279229;
0.652;0.279995;
0.653;0.280767;
0.654;0.281547;
0.655;0.282333;
0.656;0.283126;
0.657;0.283926;
0.658;0.284733;
0.659;0.285546;
0.66;0.286367;
0.661;0.287193;
0.662;0.288027;
0.663;0.288867;
0.664;0.289713;
0.665;0.290566;
0.666;0.291426;
0.667;0.292291;
0.668;0.293163;
0.669;0.294041;
0.67;0.294926;
0.671;0.295816;
0.672;0.296712;
0.673;0.297614;
0.674;0.298522;
0.675;0.299436;
0.676;0.300356;
0.677;0.30128;
0.678;0.302211;
0.679;0.303147;
0.68;0.304088;
0.681;0.305034;
0.682;0.305985;
0.683;0.306941;
0.684;0.307902;
0.685;0.308868;
0.686;0.309838;
0.687;0.310813;
0.688;0.311792;
0.689;0.312775;
0.69;0.313762;
0.691;0.314753;
0.692;0.315748;
0.693;0.316747;
0.694;0.317749;
0.695;0.318754;
0.696;0.319762;
0.697;0.320774;
0.698;0.321788;
0.699;0.322805;
0.7;0.323824;
0.701;0.324845;
0.702;0.325869;
0.703;0.326895;
0.704;0.327922;
0.705;0.32895;
0.706;0.32998;
0.707;0.331011;
0.708;0.332043;
0.709;0.333075;
0.71;0.334108;
0.711;0.335141;
0.712;0.336173;
0.713;0.337206;
0.714;0.338238;
0.715;0.339269;
0.716;0.340299;
0.717;0.341327;
0.718;0.342354;
0.719;0.343379;
0.72;0.344402;
0.721;0.345423;
0.722;0.34644;
0.723;0.347455;
0.724;0.348466;
0.725;0.349474;
0.726;0.350478;
0.727;0.351477;
0.728;0.352472;
0.729;0.353461;
0.73;0.354446;
0.731;0.355425;
0.732;0.356398;
0.733;0.357364;
0.734;0.358324;
0.735;0.359277;
0.736;0.360222;
0.737;0.361159;
0.738;0.362089;
0.739;0.363009;
0.74;0.363921;
0.741;0.364823;
0.742;0.365715;
0.743;0.366598;
0.744;0.367469;
0.745;0.368329;
0.746;0.369178;
0.747;0.370015;
0.748;0.37084;
0.749;0.371651;
0.75;0.372449;
0.751;0.373234;
0.752;0.374004;
0.753;0.374759;
0.754;0.375499;
0.755;0.376223;
0.756;0.376931;
0.757;0.377622;
0.758;0.378296;
0.759;0.378952;
0.76;0.37959;
0.761;0.380208;
0.762;0.380808;
0.763;0.381387;
0.764;0.381946;
0.765;0.382483;
0.766;0.382999;
0.767;0.383493;
0.768;0.383964;
0.769;0.384412;
0.77;0.384835;
0.771;0.385234;
0.772;0.385608;
0.773;0.385956;
0.774;0.386277;
0.775;0.386572;
0.776;0.386838;
0.777;0.387077;
0.778;0.387286;
0.779;0.387466;
0.78;0.387616;
0.781;0.387734;
0.782;0.387821;
0.783;0.387876;
0.784;0.387898;
0.785;0.387886;
0.786;0.38784;
0.787;0.387759;
0.788;0.387643;
0.789;0.38749;
0.79;0.3873;
0.791;0.387072;
0.792;0.386806;
0.793;0.386501;
0.794;0.386155;
0.795;0.38577;
0.796;0.385342;
0.797;0.384873;
0.798;0.384361;
0.799;0.383806;
0.8;0.383206;
0.801;0.382562;
0.802;0.381872;
0.803;0.381135;
0.804;0.380351;
0.805;0.379519;
0.806;0.378639;
0.807;0.377709;
0.808;0.376729;
0.809;0.375699;
0.81;0.374616;
0.811;0.373482;
0.812;0.372294;
0.813;0.371053;
0.814;0.369757;
0.815;0.368406;
0.816;0.366999;
0.817;0.365535;
0.818;0.364013;
0.819;0.362434;
0.82;0.360796;
0.821;0.359098;
0.822;0.35734;
0.823;0.355521;
0.824;0.35364;
0.825;0.351697;
0.826;0.349691;
0.827;0.347621;
0.828;0.345487;
0.829;0.343288;
0.83;0.341023;
0.831;0.338692;
0.832;0.336293;
0.833;0.333828;
0.834;0.331294;
0.835;0.328691;
0.836;0.326019;
0.837;0.323277;
0.838;0.320465;
0.839;0.317582;
0.84;0.314627;
0.841;0.3116;
0.842;0.3085;
0.843;0.305328;
0.844;0.302082;
0.845;0.298761;
0.846;0.295367;
0.847;0.291897;
0.848;0.288353;
0.849;0.284733;
0.85;0.281036;
0.851;0.277264;
0.852;0.273415;
0.853;0.269489;
0.854;0.265486;
0.855;0.261405;
0.856;0.257247;
0.857;0.253011;
0.858;0.248697;
0.859;0.244305;
0.86;0.239835;
0.861;0.235287;
0.862;0.23066;
0.863;0.225955;
0.864;0.221171;
0.865;0.216309;
0.866;0.211369;
0.867;0.206351;
0.868;0.201255;
0.869;0.196081;
0.87;0.19083;
0.871;0.185501;
0.872;0.180096;
0.873;0.174613;
0.874;0.169054;
0.875;0.16342;
0.876;0.15771;
0.877;0.151925;
0.878;0.146065;
0.879;0.140132;
0.88;0.134125;
0.881;0.128046;
0.882;0.121895;
0.883;0.115673;
0.884;0.109381;
0.885;0.103019;
0.886;0.0965889;
0.887;0.0900908;
0.888;0.0835265;
0.889;0.0768967;
0.89;0.0702025;
0.891;0.0634451;
0.892;0.0566252;
0.893;0.049745;
0.894;0.0428054;
0.895;0.0358077;
0.896;0.028753;
0.897;0.0216435;
0.898;0.0144805;
0.899;0.00726549;
0.9;1.73807e-07;
0.901;-0.00731417;
0.902;-0.0146749;
0.903;-0.0220806;
0.904;-0.0295294;
0.905;-0.0370192;
0.906;-0.0445487;
0.907;-0.0521146;
0.908;-0.0597155;
0.909;-0.0673489;
0.91;-0.0750133;
0.911;-0.0827052;
0.912;-0.0904227;
0.913;-0.0981635;
0.914;-0.105925;
0.915;-0.113705;
0.916;-0.1215;
0.917;-0.129308;
0.918;-0.137125;
0.919;-0.144951;
0.92;-0.15278;
0.921;-0.16061;
0.922;-0.168438;
0.923;-0.176262;
0.924;-0.184078;
0.925;-0.191883;
0.926;-0.199673;
0.927;-0.207445;
0.928;-0.215196;
0.929;-0.222923;
0.93;-0.230621;
0.931;-0.238288;
0.932;-0.245919;
0.933;-0.253512;
0.934;-0.261062;
0.935;-0.268565;
0.936;-0.276018;
0.937;-0.283417;
0.938;-0.290758;
0.939;-0.298036;
0.94;-0.305248;
0.941;-0.31239;
0.942;-0.319458;
0.943;-0.326448;
0.944;-0.333354;
0.945;-0.340174;
0.946;-0.346902;
0.947;-0.353535;
0.948;-0.360068;
0.949;-0.366497;
0.95;-0.372817;
0.951;-0.379024;
0.952;-0.385114;
0.953;-0.391082;
0.954;-0.396923;
0.955;-0.402633;
0.956;-0.408208;
0.957;-0.413642;
0.958;-0.418932;
0.959;-0.424073;
0.96;-0.429061;
0.961;-0.43389;
0.962;-0.438557;
0.963;-0.443056;
0.964;-0.447384;
0.965;-0.451535;
0.966;-0.455507;
0.967;-0.459292;
0.968;-0.462889;
0.969;-0.466291;
0.97;-0.469495;
0.971;-0.472497;
0.972;-0.475292;
0.973;-0.477876;
0.974;-0.480244;
0.975;-0.482394;
0.976;-0.48432;
0.977;-0.486019;
0.978;-0.487487;
0.979;-0.48872;
0.98;-0.489714;
0.981;-0.490466;
0.982;-0.490972;
0.983;-0.491228;
0.984;-0.491232;
0.985;-0.49098;
0.986;-0.490469;
0.987;-0.489695;
0.988;-0.488656;
0.989;-0.48735;
0.99;-0.485773;
0.991;-0.483923;
0.992;-0.481798;
0.993;-0.479395;
0.994;-0.476712;
0.995;-0.473748;
0.996;-0.4705;
0.997;-0.466968;
0.998;-0.463149;
0.999;-0.459043;
1;-0.454649;
1.001;-0.449965;
1.002;-0.444991;
1.003;-0.439727;
1.004;-0.434172;
1.005;-0.428326;
1.006;-0.42219;
1.007;-0.415765;
1.008;-0.409049;
1.009;-0.402046;
1.01;-0.394754;
1.011;-0.387176;
1.012;-0.379315;
1.013;-0.371171;
1.014;-0.362746;
1.015;-0.354044;
1.016;-0.345066;
1.017;-0.335816;
1.018;-0.326295;
1.019;-0.316509;
1.02;-0.306462;
1.021;-0.296155;
1.022;-0.285595;
1.023;-0.274785;
1.024;-0.263731;
1.025;-0.252438;
1.026;-0.24091;
1.027;-0.229155;
1.028;-0.217176;
1.029;-0.204982;
1.03;-0.192579;
1.031;-0.179973;
1.032;-0.167172;
1.033;-0.154183;
1.034;-0.141013;
1.035;-0.127674;
1.036;-0.114169;
1.037;-0.10051;
1.038;-0.0867044;
1.039;-0.0727619;
1.04;-0.0586938;
1.041;-0.0445066;
1.042;-0.0302122;
1.043;-0.0158225;
1.044;-0.00134475;
1.045;0.0132067;
1.046;0.0278241;
1.047;0.0424945;
1.048;0.0572043;
1.049;0.0719452;
1.05;0.0867016;
1.051;0.101465;
1.052;0.11622;
1.053;0.130953;
1.054;0.145654;
1.055;0.160307;
1.056;0.174902;
1.057;0.189423;
1.058;0.203855;
1.059;0.218188;
1.06;0.232403;
1.061;0.246492;
1.062;0.260437;
1.063;0.274222;
1.064;0.287837;
1.065;0.301266;
1.066;0.314492;
1.067;0.327503;
1.068;0.340282;
1.069;0.352819;
1.07;0.365095;
1.071;0.377096;
1.072;0.388809;
1.073;0.400218;
1.074;0.41131;
1.075;0.422071;
1.076;0.432484;
1.077;0.442537;
1.078;0.452216;
1.079;0.461507;
1.08;0.470397;
1.081;0.478871;
1.082;0.486917;
1.083;0.494522;
1.084;0.501674;
1.085;0.50836;
1.086;0.514568;
1.087;0.520287;
1.088;0.525504;
1.089;0.53021;
1.09;0.534394;
1.091;0.538045;
1.092;0.541154;
1.093;0.543713;
1.094;0.545711;
1.095;0.547141;
1.096;0.547996;
1.097;0.548269;
1.098;0.547952;
1.099;0.54704;
1.1;0.545528;
1.101;0.543411;
1.102;0.540685;
1.103;0.537346;
1.104;0.533393;
1.105;0.528823;
1.106;0.523636;
1.107;0.51783;
1.108;0.511405;
1.109;0.504365;
1.11;0.496709;
1.111;0.488441;
1.112;0.479564;
1.113;0.470083;
1.114;0.460003;
1.115;0.44933;
1.116;0.438071;
1.117;0.426234;
1.118;0.413827;
1.119;0.400862;
1.12;0.387346;
1.121;0.373292;
1.122;0.358714;
1.123;0.343621;
1.124;0.328032;
1.125;0.311958;
1.126;0.295416;
1.127;0.278426;
1.128;0.261;
1.129;0.243162;
1.13;0.224927;
1.131;0.206317;
1.132;0.187355;
1.133;0.168058;
1.134;0.148455;
1.135;0.128564;
1.136;0.108411;
1.137;0.0880243;
1.138;0.0674244;
1.139;0.0466403;
1.14;0.0257016;
1.141;0.00463109;
1.142;-0.0165378;
1.143;-0.0377812;
1.144;-0.059067;
1.145;-0.0803626;
1.146;-0.101643;
1.147;-0.122871;
1.148;-0.144021;
1.149;-0.16506;
1.15;-0.185951;
1.151;-0.206669;
1.152;-0.227176;
1.153;-0.247443;
1.154;-0.267436;
1.155;-0.287119;
1.156;-0.306465;
1.157;-0.325436;
1.158;-0.344004;
1.159;-0.362133;
1.16;-0.379791;
1.161;-0.396948;
1.162;-0.413569;
1.163;-0.429628;
1.164;-0.44509;
1.165;-0.459924;
1.166;-0.474104;
1.167;-0.487598;
1.168;-0.500378;
1.169;-0.512419;
1.17;-0.52369;
1.171;-0.53417;
1.172;-0.543831;
1.173;-0.552649;
1.174;-0.560604;
1.175;-0.567672;
1.176;-0.573834;
1.177;-0.57907;
1.178;-0.583363;
1.179;-0.586697;
1.18;-0.589057;
1.181;-0.59043;
1.182;-0.590803;
1.183;-0.590168;
1.184;-0.588515;
1.185;-0.585838;
1.186;-0.582132;
1.187;-0.577394;
1.188;-0.571623;
1.189;-0.564819;
1.19;-0.556984;
1.191;-0.548125;
1.192;-0.538247;
1.193;-0.527359;
1.194;-0.51547;
1.195;-0.502594;
1.196;-0.488748;
1.197;-0.473944;
1.198;-0.458205;
1.199;-0.441549;
1.2;-0.424;
1.201;-0.405586;
1.202;-0.386329;
1.203;-0.366263;
1.204;-0.345415;
1.205;-0.32382;
1.206;-0.301517;
1.207;-0.278536;
1.208;-0.254923;
1.209;-0.230712;
1.21;-0.20595;
1.211;-0.180683;
1.212;-0.154951;
1.213;-0.128806;
1.214;-0.102299;
1.215;-0.0754741;
1.216;-0.0483904;
1.217;-0.0210945;
1.218;0.0063561;
1.219;0.0339026;
1.22;0.0614952;
1.221;0.0890699;
1.222;0.116575;
1.223;0.143949;
1.224;0.171129;
1.225;0.198062;
1.226;0.224682;
1.227;0.250935;
1.228;0.276757;
1.229;0.302086;
1.23;0.326869;
1.231;0.351039;
1.232;0.374545;
1.233;0.397325;
1.234;0.419319;
1.235;0.440478;
1.236;0.46074;
1.237;0.480058;
1.238;0.498376;
1.239;0.515643;
1.24;0.531813;
1.241;0.546838;
1.242;0.560672;
1.243;0.573274;
1.244;0.584603;
1.245;0.594623;
1.246;0.603298;
1.247;0.610595;
1.248;0.616486;
1.249;0.620944;
1.25;0.623946;
1.251;0.625473;
1.252;0.625508;
1.253;0.624038;
1.254;0.621053;
1.255;0.616548;
1.256;0.610521;
1.257;0.602975;
1.258;0.593913;
1.259;0.583348;
1.26;0.57129;
1.261;0.557758;
1.262;0.542776;
1.263;0.526366;
1.264;0.508559;
1.265;0.489393;
1.266;0.468899;
1.267;0.447124;
1.268;0.42411;
1.269;0.399908;
1.27;0.374574;
1.271;0.348161;
1.272;0.320735;
1.273;0.292354;
1.274;0.263089;
1.275;0.233015;
1.276;0.202198;
1.277;0.170724;
1.278;0.138665;
1.279;0.106108;
1.28;0.0731404;
1.281;0.0398434;
1.282;0.00631382;
1.283;-0.027365;
1.284;-0.0610961;
1.285;-0.0947814;
1.286;-0.128334;
1.287;-0.161649;
1.288;-0.194638;
1.289;-0.2272;
1.29;-0.259235;
1.291;-0.290654;
1.292;-0.321356;
1.293;-0.351243;
1.294;-0.380228;
1.295;-0.408212;
1.296;-0.435111;
1.297;-0.460834;
1.298;-0.48529;
1.299;-0.508404;
1.3;-0.530088;
1.301;-0.550271;
1.302;-0.568878;
1.303;-0.585838;
1.304;-0.601088;
1.305;-0.614565;
1.306;-0.626216;
1.307;-0.635989;
1.308;-0.643838;
1.309;-0.649723;
1.31;-0.65361;
1.311;-0.655472;
1.312;-0.655285;
1.313;-0.653033;
1.314;-0.648708;
1.315;-0.642305;
1.316;-0.633831;
1.317;-0.623294;
1.318;-0.610714;
1.319;-0.596112;
1.32;-0.579522;
1.321;-0.560984;
1.322;-0.54054;
1.323;-0.518246;
1.324;-0.494157;
1.325;-0.468341;
1.326;-0.440875;
1.327;-0.411831;
1.328;-0.381302;
1.329;-0.349372;
1.33;-0.316142;
1.331;-0.281721;
1.332;-0.246208;
1.333;-0.209727;
1.334;-0.172386;
1.335;-0.134315;
1.336;-0.0956432;
1.337;-0.056494;
1.338;-0.0170057;
1.339;0.0226799;
1.34;0.0624328;
1.341;0.102102;
1.342;0.141555;
1.343;0.180644;
1.344;0.219218;
1.345;0.257145;
1.346;0.294271;
1.347;0.330463;
1.348;0.365578;
1.349;0.399473;
1.35;0.432021;
1.351;0.463083;
1.352;0.49254;
1.353;0.520264;
1.354;0.546135;
1.355;0.570047;
1.356;0.591889;
1.357;0.611567;
1.358;0.628986;
1.359;0.64406;
1.36;0.656717;
1.361;0.666886;
1.362;0.674511;
1.363;0.679542;
1.364;0.681939;
1.365;0.681673;
1.366;0.678724;
1.367;0.673085;
1.368;0.664756;
1.369;0.653752;
1.37;0.640094;
1.371;0.623819;
1.372;0.604975;
1.373;0.583615;
1.374;0.559812;
1.375;0.533638;
1.376;0.505188;
1.377;0.474565;
1.378;0.441873;
1.379;0.407239;
1.38;0.370786;
1.381;0.332657;
1.382;0.293005;
1.383;0.251977;
1.384;0.209746;
1.385;0.166474;
1.386;0.122344;
1.387;0.0775429;
1.388;0.0322495;
1.389;-0.0133386;
1.39;-0.0590199;
1.391;-0.104606;
1.392;-0.149887;
1.393;-0.194671;
1.394;-0.238751;
1.395;-0.281921;
1.396;-0.323993;
1.397;-0.36476;
1.398;-0.40404;
1.399;-0.44164;
1.4;-0.477374;
1.401;-0.511073;
1.402;-0.542561;
1.403;-0.571686;
1.404;-0.598292;
1.405;-0.622235;
1.406;-0.643392;
1.407;-0.661638;
1.408;-0.676871;
1.409;-0.688995;
1.41;-0.697931;
1.411;-0.703614;
1.412;-0.705993;
1.413;-0.705033;
1.414;-0.700715;
1.415;-0.693035;
1.416;-0.682004;
1.417;-0.667652;
1.418;-0.650027;
1.419;-0.629188;
1.42;-0.605216;
1.421;-0.578203;
1.422;-0.548262;
1.423;-0.515523;
1.424;-0.480122;
1.425;-0.442223;
1.426;-0.40199;
1.427;-0.359613;
1.428;-0.315294;
1.429;-0.269233;
1.43;-0.221663;
1.431;-0.172804;
1.432;-0.122903;
1.433;-0.0722136;
1.434;-0.0209803;
1.435;0.0305239;
1.436;0.0820456;
1.437;0.13331;
1.438;0.184042;
1.439;0.233982;
1.44;0.282857;
1.441;0.330393;
1.442;0.376341;
1.443;0.420433;
1.444;0.462431;
1.445;0.50209;
1.446;0.539174;
1.447;0.573474;
1.448;0.604775;
1.449;0.632895;
1.45;0.657651;
1.451;0.678884;
1.452;0.696455;
1.453;0.710239;
1.454;0.720134;
1.455;0.726058;
1.456;0.72795;
1.457;0.72577;
1.458;0.719505;
1.459;0.709158;
1.46;0.694762;
1.461;0.676372;
1.462;0.654062;
1.463;0.627934;
1.464;0.598118;
1.465;0.564751;
1.466;0.528012;
1.467;0.488083;
1.468;0.445179;
1.469;0.399537;
1.47;0.351396;
1.471;0.301036;
1.472;0.248727;
1.473;0.194774;
1.474;0.139495;
1.475;0.0831983;
1.476;0.02623;
1.477;-0.0310841;
1.478;-0.088392;
1.479;-0.145338;
1.48;-0.201586;
1.481;-0.256772;
1.482;-0.310564;
1.483;-0.362612;
1.484;-0.412577;
1.485;-0.460146;
1.486;-0.504994;
1.487;-0.546833;
1.488;-0.585374;
1.489;-0.620347;
1.49;-0.651515;
1.491;-0.678651;
1.492;-0.701551;
1.493;-0.720046;
1.494;-0.733984;
1.495;-0.743246;
1.496;-0.74774;
1.497;-0.747405;
1.498;-0.74221;
1.499;-0.732159;
1.5;-0.717282;
1.501;-0.697646;
1.502;-0.673352;
1.503;-0.644525;
1.504;-0.611332;
1.505;-0.573958;
1.506;-0.53263;
1.507;-0.487605;
1.508;-0.439152;
1.509;-0.387587;
1.51;-0.333227;
1.511;-0.276432;
1.512;-0.217581;
1.513;-0.157049;
1.514;-0.0952516;
1.515;-0.0326136;
1.516;0.0304503;
1.517;0.0934888;
1.518;0.156076;
1.519;0.217763;
1.52;0.278102;
1.521;0.336672;
1.522;0.393034;
1.523;0.446784;
1.524;0.497517;
1.525;0.544842;
1.526;0.58841;
1.527;0.627871;
1.528;0.662921;
1.529;0.693274;
1.53;0.718674;
1.531;0.73891;
1.532;0.753795;
1.533;0.763187;
1.534;0.766981;
1.535;0.765111;
1.536;0.757555;
1.537;0.744334;
1.538;0.725507;
1.539;0.70118;
1.54;0.671507;
1.541;0.636668;
1.542;0.596899;
1.543;0.552477;
1.544;0.5037;
1.545;0.450927;
1.546;0.394524;
1.547;0.334911;
1.548;0.272536;
1.549;0.207852;
1.55;0.141363;
1.551;0.073563;
1.552;0.00498368;
1.553;-0.0638312;
1.554;-0.132356;
1.555;-0.200028;
1.556;-0.266319;
1.557;-0.330684;
1.558;-0.392587;
1.559;-0.451529;
1.56;-0.507002;
1.561;-0.558548;
1.562;-0.605717;
1.563;-0.648091;
1.564;-0.685305;
1.565;-0.717014;
1.566;-0.74292;
1.567;-0.762779;
1.568;-0.776383;
1.569;-0.783583;
1.57;-0.784276;
1.571;-0.778418;
1.572;-0.766014;
1.573;-0.747131;
1.574;-0.721883;
1.575;-0.690446;
1.576;-0.653055;
1.577;-0.609981;
1.578;-0.56157;
1.579;-0.508191;
1.58;-0.45028;
1.581;-0.388317;
1.582;-0.3228;
1.583;-0.254293;
1.584;-0.183359;
1.585;-0.110614;
1.586;-0.0366943;
1.587;0.0377722;
1.588;0.112121;
1.589;0.185682;
1.59;0.257813;
1.591;0.327842;
1.592;0.395146;
1.593;0.459093;
1.594;0.519078;
1.595;0.574548;
1.596;0.624958;
1.597;0.669828;
1.598;0.708709;
1.599;0.741203;
1.6;0.76698;
1.601;0.785753;
1.602;0.797312;
1.603;0.8015;
1.604;0.798235;
1.605;0.787502;
1.606;0.769357;
1.607;0.743922;
1.608;0.711395;
1.609;0.672045;
1.61;0.626196;
1.611;0.574257;
1.612;0.516674;
1.613;0.453974;
1.614;0.386735;
1.615;0.315566;
1.616;0.241138;
1.617;0.164167;
1.618;0.0853684;
1.619;0.00552141;
1.62;-0.0746155;
1.621;-0.154245;
1.622;-0.232569;
1.623;-0.30882;
1.624;-0.382211;
1.625;-0.45201;
1.626;-0.517487;
1.627;-0.577953;
1.628;-0.632783;
1.629;-0.681376;
1.63;-0.723213;
1.631;-0.757824;
1.632;-0.784809;
1.633;-0.803851;
1.634;-0.814706;
1.635;-0.817213;
1.636;-0.811296;
1.637;-0.796968;
1.638;-0.774324;
1.639;-0.743552;
1.64;-0.70493;
1.641;-0.658809;
1.642;-0.605639;
1.643;-0.545928;
1.644;-0.480275;
1.645;-0.40935;
1.646;-0.333863;
1.647;-0.25461;
1.648;-0.1724;
1.649;-0.0881094;
1.65;-0.00264575;
1.651;0.0830933;
1.652;0.168158;
1.653;0.251639;
1.654;0.332603;
1.655;0.410141;
1.656;0.483397;
1.657;0.551523;
1.658;0.613749;
1.659;0.669343;
1.66;0.717642;
1.661;0.758076;
1.662;0.790135;
1.663;0.81342;
1.664;0.827611;
1.665;0.832495;
1.666;0.827964;
1.667;0.814013;
1.668;0.79075;
1.669;0.758382;
1.67;0.717234;
1.671;0.66772;
1.672;0.610367;
1.673;0.545803;
1.674;0.474719;
1.675;0.397924;
1.676;0.316263;
1.677;0.230676;
1.678;0.142157;
1.679;0.0517108;
1.68;-0.0395805;
1.681;-0.130661;
1.682;-0.220433;
1.683;-0.307809;
1.684;-0.391748;
1.685;-0.471202;
1.686;-0.545207;
1.687;-0.612828;
1.688;-0.673202;
1.689;-0.725567;
1.69;-0.769232;
1.691;-0.803608;
1.692;-0.82823;
1.693;-0.842732;
1.694;-0.846882;
1.695;-0.840566;
1.696;-0.823806;
1.697;-0.796747;
1.698;-0.759676;
1.699;-0.712991;
1.7;-0.657227;
1.701;-0.593044;
1.702;-0.521192;
1.703;-0.442553;
1.704;-0.358072;
1.705;-0.268801;
1.706;-0.175868;
1.707;-0.080421;
1.708;0.016302;
1.709;0.113083;
1.71;0.208658;
1.711;0.301768;
1.712;0.391209;
1.713;0.475781;
1.714;0.554338;
1.715;0.625834;
1.716;0.68927;
1.717;0.743778;
1.718;0.788576;
1.719;0.823012;
1.72;0.846575;
1.721;0.858886;
1.722;0.859718;
1.723;0.848994;
1.724;0.826798;
1.725;0.79336;
1.726;0.749081;
1.727;0.694491;
1.728;0.630283;
1.729;0.557292;
1.73;0.476455;
1.731;0.388859;
1.732;0.295657;
1.733;0.198119;
1.734;0.0975871;
1.735;-0.00457754;
1.736;-0.106932;
1.737;-0.208069;
1.738;-0.306545;
1.739;-0.400949;
1.74;-0.489945;
1.741;-0.57223;
1.742;-0.646588;
1.743;-0.711934;
1.744;-0.767268;
1.745;-0.811754;
1.746;-0.844686;
1.747;-0.865523;
1.748;-0.873903;
1.749;-0.869633;
1.75;-0.852706;
1.751;-0.823299;
1.752;-0.78178;
1.753;-0.728682;
1.754;-0.664735;
1.755;-0.590811;
1.756;-0.507955;
1.757;-0.417361;
1.758;-0.320313;
1.759;-0.218248;
1.76;-0.112644;
1.761;-0.00507775;
1.762;0.102827;
1.763;0.209469;
1.764;0.313213;
1.765;0.412456;
1.766;0.505685;
1.767;0.591422;
1.768;0.668333;
1.769;0.735178;
1.77;0.790868;
1.771;0.834494;
1.772;0.865306;
1.773;0.882763;
1.774;0.886516;
1.775;0.876436;
1.776;0.852604;
1.777;0.815325;
1.778;0.765107;
1.779;0.702677;
1.78;0.628968;
1.781;0.545074;
1.782;0.452298;
1.783;0.352052;
1.784;0.245913;
1.785;0.13557;
1.786;0.022752;
1.787;-0.0907042;
1.788;-0.20299;
1.789;-0.312261;
1.79;-0.416708;
1.791;-0.514623;
1.792;-0.604353;
1.793;-0.684372;
1.794;-0.753328;
1.795;-0.810007;
1.796;-0.853418;
1.797;-0.882761;
1.798;-0.897472;
1.799;-0.897232;
1.8;-0.368131;
1.801;-0.238874;
1.802;-0.105154;
1.803;0.0304564;
1.804;0.165387;
1.805;0.297016;
1.806;0.422847;
1.807;0.54045;
1.808;0.64756;
1.809;0.74216;
1.81;0.822433;
1.811;0.886892;
1.812;0.934334;
1.813;0.963906;
1.814;0.975122;
1.815;0.96785;
1.816;0.942336;
1.817;0.899179;
1.818;0.839343;
1.819;0.764094;
1.82;0.675024;
1.821;0.573994;
1.822;0.46306;
1.823;0.344508;
1.824;0.220708;
1.825;0.0941599;
1.826;-0.0326049;
1.827;-0.157117;
1.828;-0.276918;
1.829;-0.389728;
1.83;-0.493391;
1.831;-0.585965;
1.832;-0.665792;
1.833;-0.731453;
1.834;-0.781871;
1.835;-0.816276;
1.836;-0.834242;
1.837;-0.835697;
1.838;-0.820902;
1.839;-0.790459;
1.84;-0.745275;
1.841;-0.686564;
1.842;-0.615778;
1.843;-0.534616;
1.844;-0.444966;
1.845;-0.348828;
1.846;-0.24834;
1.847;-0.145643;
1.848;-0.0429145;
1.849;0.0577176;
1.85;0.154253;
1.851;0.24478;
1.852;0.32761;
1.853;0.401227;
1.854;0.464362;
1.855;0.516028;
1.856;0.555493;
1.857;0.582334;
1.858;0.596405;
1.859;0.597856;
1.86;0.587115;
1.861;0.564872;
1.862;0.532049;
1.863;0.489784;
1.864;0.439401;
1.865;0.382342;
1.866;0.320174;
1.867;0.254527;
1.868;0.187027;
1.869;0.119314;
1.87;0.0529356;
1.871;-0.0106333;
1.872;-0.0700487;
1.873;-0.124148;
1.874;-0.171926;
1.875;-0.212608;
1.876;-0.245618;
1.877;-0.270613;
1.878;-0.287484;
1.879;-0.296336;
1.88;-0.297494;
1.881;-0.291476;
1.882;-0.278978;
1.883;-0.260845;
1.884;-0.238046;
1.885;-0.211632;
1.886;-0.182718;
1.887;-0.152439;
1.888;-0.121905;
1.889;-0.09219;
1.89;-0.0642858;
1.891;-0.0390662;
1.892;-0.017283;
1.893;0.000478602;
1.894;0.0137966;
1.895;0.0224331;
1.896;0.0263402;
1.897;0.025653;
1.898;0.0206869;
1.899;0.0119246;
1.9;3.16206e-07;
1.901;-0.0143285;
1.902;-0.0301969;
1.903;-0.0466754;
1.904;-0.0627891;
1.905;-0.0775572;
1.906;-0.090032;
1.907;-0.0993213;
1.908;-0.104631;
1.909;-0.105289;
1.91;-0.100772;
1.911;-0.090728;
1.912;-0.0749979;
1.913;-0.0536161;
1.914;-0.0268282;
1.915;0.00491205;
1.916;0.0409645;
1.917;0.0804927;
1.918;0.122493;
1.919;0.165835;
1.92;0.20926;
1.921;0.251448;
1.922;0.291029;
1.923;0.32663;
1.924;0.356934;
1.925;0.38069;
1.926;0.396779;
1.927;0.404238;
1.928;0.402297;
1.929;0.390413;
1.93;0.368291;
1.931;0.335898;
1.932;0.293486;
1.933;0.241593;
1.934;0.181021;
1.935;0.112862;
1.936;0.038429;
1.937;-0.0407192;
1.938;-0.122832;
1.939;-0.20604;
1.94;-0.288336;
1.941;-0.367661;
1.942;-0.441976;
1.943;-0.509257;
1.944;-0.567614;
1.945;-0.61529;
1.946;-0.650734;
1.947;-0.672661;
1.948;-0.680064;
1.949;-0.672269;
1.95;-0.648949;
1.951;-0.610159;
1.952;-0.556317;
1.953;-0.488245;
1.954;-0.407106;
1.955;-0.314437;
1.956;-0.212104;
1.957;-0.102218;
1.958;0.0128217;
1.959;0.130484;
1.96;0.24807;
1.961;0.362819;
1.962;0.472016;
1.963;0.572974;
1.964;0.663149;
1.965;0.740234;
1.966;0.802145;
1.967;0.847154;
1.968;0.873877;
1.969;0.881352;
1.97;0.869056;
1.971;0.836933;
1.972;0.785386;
1.973;0.715297;
1.974;0.628013;
1.975;0.52528;
1.976;0.409282;
1.977;0.282498;
1.978;0.147741;
1.979;0.00805256;
1.98;-0.133416;
1.981;-0.273367;
1.982;-0.408567;
1.983;-0.535804;
1.984;-0.652027;
1.985;-0.754456;
1.986;-0.840557;
1.987;-0.908207;
1.988;-0.95567;
1.989;-0.981685;
1.99;-0.985498;
1.991;-0.966871;
1.992;-0.926106;
1.993;-0.86402;
1.994;-0.781967;
1.995;-0.681751;
1.996;-0.565647;
1.997;-0.436329;
1.998;-0.296747;
1.999;-0.150177;
2;-5.8783e-15;
2.001;0.150234;
2.002;0.297052;
2.003;0.436938;
2.004;0.566639;
2.005;0.683134;
2.006;0.783637;
2.007;0.86583;
2.008;0.927807;
2.009;0.968157;
2.01;0.985966;
2.011;0.980897;
2.012;0.953143;
2.013;0.903468;
2.014;0.833147;
2.015;0.743929;
2.016;0.638081;
2.017;0.518201;
2.018;0.387233;
2.019;0.24834;
2.02;0.10496;
2.021;-0.039482;
2.022;-0.181561;
2.023;-0.317833;
2.024;-0.445127;
2.025;-0.560512;
2.026;-0.661293;
2.027;-0.745246;
2.028;-0.810565;
2.029;-0.855882;
2.03;-0.880384;
2.031;-0.883765;
2.032;-0.866241;
2.033;-0.828555;
2.034;-0.771935;
2.035;-0.698042;
2.036;-0.608999;
2.037;-0.507226;
2.038;-0.395409;
2.039;-0.276525;
2.04;-0.153596;
2.041;-0.0297221;
2.042;0.0920609;
2.043;0.208741;
2.044;0.31758;
2.045;0.416089;
2.046;0.502025;
2.047;0.573588;
2.048;0.629371;
2.049;0.66837;
2.05;0.690077;
2.051;0.694429;
2.052;0.681814;
2.053;0.653058;
2.054;0.609382;
2.055;0.552351;
2.056;0.483879;
2.057;0.406087;
2.058;0.321272;
2.059;0.231908;
2.06;0.140451;
2.061;0.0493318;
2.062;-0.0390461;
2.063;-0.122501;
2.064;-0.199045;
2.065;-0.266965;
2.066;-0.324809;
2.067;-0.37151;
2.068;-0.406345;
2.069;-0.428936;
2.07;-0.439299;
2.071;-0.437785;
2.072;-0.425082;
2.073;-0.402175;
2.074;-0.370304;
2.075;-0.330909;
2.076;-0.285617;
2.077;-0.236128;
2.078;-0.184182;
2.079;-0.13154;
2.08;-0.0798583;
2.081;-0.0306713;
2.082;0.0146207;
2.083;0.0548613;
2.084;0.0891298;
2.085;0.116745;
2.086;0.137327;
2.087;0.150768;
2.088;0.157235;
2.089;0.15715;
2.09;0.151172;
2.091;0.140161;
2.092;0.125142;
2.093;0.107257;
2.094;0.0877102;
2.095;0.0677448;
2.096;0.0485583;
2.097;0.031275;
2.098;0.0168927;
2.099;0.00625589;
2.1;3.72566e-07;
2.101;-0.00145788;
2.102;0.00205579;
2.103;0.010464;
2.104;0.0234444;
2.105;0.0404262;
2.106;0.0606285;
2.107;0.0830833;
2.108;0.106652;
2.109;0.130102;
2.11;0.152133;
2.111;0.171436;
2.112;0.186731;
2.113;0.196847;
2.114;0.200755;
2.115;0.197614;
2.116;0.186819;
2.117;0.168025;
2.118;0.141195;
2.119;0.106584;
2.12;0.0647598;
2.121;0.0165854;
2.122;-0.0367553;
2.123;-0.0938539;
2.124;-0.153085;
2.125;-0.212608;
2.126;-0.270506;
2.127;-0.324806;
2.128;-0.373505;
2.129;-0.414715;
2.13;-0.446683;
2.131;-0.467845;
2.132;-0.476929;
2.133;-0.472973;
2.134;-0.455379;
2.135;-0.423961;
2.136;-0.378948;
2.137;-0.320986;
2.138;-0.251194;
2.139;-0.171061;
2.14;-0.0824444;
2.141;0.0123989;
2.142;0.110998;
2.143;0.210651;
2.144;0.308545;
2.145;0.401747;
2.146;0.487427;
2.147;0.562871;
2.148;0.625524;
2.149;0.673175;
2.15;0.703971;
2.151;0.716472;
2.152;0.709754;
2.153;0.683408;
2.154;0.637604;
2.155;0.573069;
2.156;0.491093;
2.157;0.393485;
2.158;0.282623;
2.159;0.161261;
2.16;0.0325125;
2.161;-0.100125;
2.162;-0.233055;
2.163;-0.362588;
2.164;-0.484959;
2.165;-0.596621;
2.166;-0.694228;
2.167;-0.774786;
2.168;-0.835673;
2.169;-0.874841;
2.17;-0.890804;
2.171;-0.882701;
2.172;-0.850363;
2.173;-0.794281;
2.174;-0.715679;
2.175;-0.616402;
2.176;-0.498894;
2.177;-0.366242;
2.178;-0.221924;
2.179;-0.0698227;
2.18;0.0859426;
2.181;0.240986;
2.182;0.391001;
2.183;0.531772;
2.184;0.6592;
2.185;0.769626;
2.186;0.859825;
2.187;0.927054;
2.188;0.969272;
2.189;0.985107;
2.19;0.973924;
2.191;0.935867;
2.192;0.871843;
2.193;0.783481;
2.194;0.673183;
2.195;0.543932;
2.196;0.399248;
2.197;0.243214;
2.198;0.0801558;
2.199;-0.0853549;
2.2;-0.248698;
2.201;-0.405186;
2.202;-0.550438;
2.203;-0.680375;
2.204;-0.791263;
2.205;-0.880007;
2.206;-0.944129;
2.207;-0.981816;
2.208;-0.992066;
2.209;-0.974645;
2.21;-0.930133;
2.211;-0.859882;
2.212;-0.765985;
2.213;-0.651184;
2.214;-0.5189;
2.215;-0.372969;
2.216;-0.217592;
2.217;-0.0573336;
2.218;0.103232;
2.219;0.259549;
2.22;0.407106;
2.221;0.541788;
2.222;0.659851;
2.223;0.758084;
2.224;0.833819;
2.225;0.88514;
2.226;0.910845;
2.227;0.910478;
2.228;0.884377;
2.229;0.83361;
2.23;0.759999;
2.231;0.665981;
2.232;0.554551;
2.233;0.429256;
2.234;0.29393;
2.235;0.152674;
2.236;0.00966754;
2.237;-0.13082;
2.238;-0.264766;
2.239;-0.388405;
2.24;-0.49826;
2.241;-0.591419;
2.242;-0.665513;
2.243;-0.718741;
2.244;-0.750025;
2.245;-0.75895;
2.246;-0.745786;
2.247;-0.711478;
2.248;-0.657586;
2.249;-0.586213;
2.25;-0.5;
2.251;-0.401926;
2.252;-0.295249;
2.253;-0.183478;
2.254;-0.0701124;
2.255;0.0414026;
2.256;0.147702;
2.257;0.245763;
2.258;0.332891;
2.259;0.406838;
2.26;0.465796;
2.261;0.508549;
2.262;0.534426;
2.263;0.543307;
2.264;0.535643;
2.265;0.512392;
2.266;0.474997;
2.267;0.425297;
2.268;0.365461;
2.269;0.29789;
2.27;0.225183;
2.271;0.149951;
2.272;0.0747685;
2.273;0.00213558;
2.274;-0.0657089;
2.275;-0.126803;
2.276;-0.179483;
2.277;-0.222517;
2.278;-0.255083;
2.279;-0.276765;
2.28;-0.287602;
2.281;-0.288031;
2.282;-0.27886;
2.283;-0.261233;
2.284;-0.236551;
2.285;-0.206411;
2.286;-0.172555;
2.287;-0.13675;
2.288;-0.100734;
2.289;-0.0661664;
2.29;-0.0345098;
2.291;-0.00700622;
2.292;0.0153844;
2.293;0.0319984;
2.294;0.0425212;
2.295;0.0469704;
2.296;0.0456901;
2.297;0.0393325;
2.298;0.0288124;
2.299;0.0152708;
2.3;7.47536e-07;
2.301;-0.0156131;
2.302;-0.0301518;
2.303;-0.0422564;
2.304;-0.0506827;
2.305;-0.0543702;
2.306;-0.052497;
2.307;-0.0445326;
2.308;-0.0302636;
2.309;-0.00983097;
2.31;0.016285;
2.311;0.0472707;
2.312;0.0819764;
2.313;0.119002;
2.314;0.156723;
2.315;0.193368;
2.316;0.227063;
2.317;0.255961;
2.318;0.278295;
2.319;0.292449;
2.32;0.29707;
2.321;0.291113;
2.322;0.273914;
2.323;0.245232;
2.324;0.205282;
2.325;0.154733;
2.326;0.0947605;
2.327;0.0269453;
2.328;-0.0467384;
2.329;-0.123922;
2.33;-0.202025;
2.331;-0.278288;
2.332;-0.349822;
2.333;-0.413821;
2.334;-0.467606;
2.335;-0.508707;
2.336;-0.53504;
2.337;-0.544943;
2.338;-0.537272;
2.339;-0.511468;
2.34;-0.467597;
2.341;-0.406351;
2.342;-0.329113;
2.343;-0.237846;
2.344;-0.135065;
2.345;-0.0238629;
2.346;0.0923352;
2.347;0.209784;
2.348;0.32459;
2.349;0.43274;
2.35;0.5304;
2.351;0.613967;
2.352;0.680152;
2.353;0.726225;
2.354;0.750047;
2.355;0.750165;
2.356;0.725916;
2.357;0.677428;
2.358;0.605696;
2.359;0.512501;
2.36;0.400405;
2.361;0.272647;
2.362;0.133162;
2.363;-0.0137144;
2.364;-0.163307;
2.365;-0.310639;
2.366;-0.450816;
2.367;-0.579077;
2.368;-0.69088;
2.369;-0.782246;
2.37;-0.84978;
2.371;-0.890838;
2.372;-0.903596;
2.373;-0.887185;
2.374;-0.841682;
2.375;-0.768178;
2.376;-0.668696;
2.377;-0.546141;
2.378;-0.404324;
2.379;-0.24767;
2.38;-0.0811508;
2.381;0.089752;
2.382;0.259461;
2.383;0.422337;
2.384;0.572945;
2.385;0.706102;
2.386;0.817269;
2.387;0.90259;
2.388;0.958985;
2.389;0.984391;
2.39;0.977745;
2.391;0.939064;
2.392;0.869448;
2.393;0.771046;
2.394;0.646958;
2.395;0.501262;
2.396;0.338699;
2.397;0.164586;
2.398;-0.0152227;
2.399;-0.194783;
2.4;-0.368141;
2.401;-0.529416;
2.402;-0.67325;
2.403;-0.794851;
2.404;-0.890093;
2.405;-0.955833;
2.406;-0.989897;
2.407;-0.991186;
2.408;-0.959719;
2.409;-0.896636;
2.41;-0.804123;
2.411;-0.685433;
2.412;-0.54464;
2.413;-0.38654;
2.414;-0.216616;
2.415;-0.0406236;
2.416;0.135467;
2.417;0.305752;
2.418;0.46444;
2.419;0.606295;
2.42;0.726679;
2.421;0.821641;
2.422;0.888225;
2.423;0.924451;
2.424;0.929378;
2.425;0.903187;
2.426;0.847099;
2.427;0.763403;
2.428;0.655281;
2.429;0.526737;
2.43;0.382399;
2.431;0.227488;
2.432;0.0674274;
2.433;-0.0922615;
2.434;-0.246035;
2.435;-0.388753;
2.436;-0.515728;
2.437;-0.622816;
2.438;-0.706726;
2.439;-0.765012;
2.44;-0.796172;
2.441;-0.799672;
2.442;-0.775991;
2.443;-0.726531;
2.444;-0.653619;
2.445;-0.560332;
2.446;-0.450385;
2.447;-0.328083;
2.448;-0.197992;
2.449;-0.0648747;
2.45;0.0665508;
2.451;0.191655;
2.452;0.306252;
2.453;0.406642;
2.454;0.489674;
2.455;0.552994;
2.456;0.595017;
2.457;0.614959;
2.458;0.612904;
2.459;0.589721;
2.46;0.547049;
2.461;0.48718;
2.462;0.412965;
2.463;0.327666;
2.464;0.234898;
2.465;0.138357;
2.466;0.0417294;
2.467;-0.0513795;
2.468;-0.137722;
2.469;-0.214447;
2.47;-0.279156;
2.471;-0.330085;
2.472;-0.366079;
2.473;-0.386635;
2.474;-0.391883;
2.475;-0.382579;
2.476;-0.360019;
2.477;-0.325992;
2.478;-0.28265;
2.479;-0.232402;
2.48;-0.177844;
2.481;-0.121567;
2.482;-0.0660704;
2.483;-0.0136966;
2.484;0.0335474;
2.485;0.0740154;
2.486;0.106503;
2.487;0.130254;
2.488;0.145025;
2.489;0.151039;
2.49;0.148959;
2.491;0.139844;
2.492;0.125065;
2.493;0.106236;
2.494;0.0850982;
2.495;0.0634337;
2.496;0.0429545;
2.497;0.0252277;
2.498;0.0115597;
2.499;0.00294225;
2.5;-3.12769e-30;
2.501;0.00294342;
2.502;0.0115685;
2.503;0.0252547;
2.504;0.0430097;
2.505;0.0635206;
2.506;0.085207;
2.507;0.106336;
2.508;0.125103;
2.509;0.139736;
2.51;0.148595;
2.511;0.150283;
2.512;0.143728;
2.513;0.128263;
2.514;0.103678;
2.515;0.0702488;
2.516;0.0287851;
2.517;-0.0194349;
2.518;-0.0726715;
2.519;-0.128808;
2.52;-0.185384;
2.521;-0.239774;
2.522;-0.289273;
2.523;-0.331182;
2.524;-0.363015;
2.525;-0.382578;
2.526;-0.38809;
2.527;-0.37831;
2.528;-0.352594;
2.529;-0.310992;
2.53;-0.254238;
2.531;-0.183776;
2.532;-0.101704;
2.533;-0.0107897;
2.534;0.0857336;
2.535;0.184238;
2.536;0.280762;
2.537;0.371312;
2.538;0.451954;
2.539;0.51893;
2.54;0.568948;
2.541;0.599254;
2.542;0.607788;
2.543;0.593299;
2.544;0.555437;
2.545;0.494765;
2.546;0.412844;
2.547;0.312109;
2.548;0.195823;
2.549;0.0680732;
2.55;-0.0665381;
2.551;-0.202991;
2.552;-0.335936;
2.553;-0.460099;
2.554;-0.570367;
2.555;-0.662051;
2.556;-0.73101;
2.557;-0.773959;
2.558;-0.788538;
2.559;-0.773442;
2.56;-0.728524;
2.561;-0.654789;
2.562;-0.55446;
2.563;-0.430815;
2.564;-0.288138;
2.565;-0.131521;
2.566;0.033174;
2.567;0.199758;
2.568;0.361849;
2.569;0.513002;
2.57;0.647204;
2.571;0.758982;
2.572;0.843579;
2.573;0.897307;
2.574;0.917607;
2.575;0.903183;
2.576;0.854104;
2.577;0.771796;
2.578;0.658978;
2.579;0.519691;
2.58;0.358992;
2.581;0.18282;
2.582;-0.0020788;
2.583;-0.188665;
2.584;-0.369758;
2.585;-0.538192;
2.586;-0.687362;
2.587;-0.811313;
2.588;-0.905054;
2.589;-0.964674;
2.59;-0.98765;
2.591;-0.972849;
2.592;-0.920634;
2.593;-0.832838;
2.594;-0.712676;
2.595;-0.564742;
2.596;-0.394668;
2.597;-0.209008;
2.598;-0.0149112;
2.599;0.17998;
2.6;0.368107;
2.601;0.542154;
2.602;0.695226;
2.603;0.821376;
2.604;0.915691;
2.605;0.974455;
2.606;0.995431;
2.607;0.977847;
2.608;0.922479;
2.609;0.831594;
2.61;0.708867;
2.611;0.559189;
2.612;0.388619;
2.613;0.203925;
2.614;0.0123948;
2.615;-0.178303;
2.616;-0.360709;
2.617;-0.527725;
2.618;-0.672794;
2.619;-0.790399;
2.62;-0.876117;
2.621;-0.926845;
2.622;-0.940872;
2.623;-0.918015;
2.624;-0.85954;
2.625;-0.768178;
2.626;-0.647915;
2.627;-0.503836;
2.628;-0.342031;
2.629;-0.169136;
2.63;0.00785781;
2.631;0.181757;
2.632;0.345713;
2.633;0.493336;
2.634;0.619016;
2.635;0.718035;
2.636;0.786923;
2.637;0.823466;
2.638;0.826784;
2.639;0.797397;
2.64;0.737124;
2.641;0.649057;
2.642;0.537332;
2.643;0.406978;
2.644;0.263653;
2.645;0.113527;
2.646;-0.0371856;
2.647;-0.182391;
2.648;-0.316269;
2.649;-0.433713;
2.65;-0.530417;
2.651;-0.602984;
2.652;-0.649188;
2.653;-0.667944;
2.654;-0.659338;
2.655;-0.624621;
2.656;-0.566097;
2.657;-0.486983;
2.658;-0.391323;
2.659;-0.283674;
2.66;-0.168936;
2.661;-0.052219;
2.662;0.0615469;
2.663;0.167744;
2.664;0.262189;
2.665;0.34145;
2.666;0.402874;
2.667;0.44471;
2.668;0.466121;
2.669;0.467242;
2.67;0.44909;
2.671;0.413511;
2.672;0.363035;
2.673;0.300727;
2.674;0.23008;
2.675;0.154739;
2.676;0.0783615;
2.677;0.00449624;
2.678;-0.0636889;
2.679;-0.123475;
2.68;-0.172731;
2.681;-0.209953;
2.682;-0.234372;
2.683;-0.245909;
2.684;-0.245156;
2.685;-0.233314;
2.686;-0.212089;
2.687;-0.183587;
2.688;-0.150155;
2.689;-0.114248;
2.69;-0.078272;
2.691;-0.0444783;
2.692;-0.0147853;
2.693;0.00929435;
2.694;0.0267185;
2.695;0.0369958;
2.696;0.0401747;
2.697;0.0368286;
2.698;0.0280077;
2.699;0.0151551;
2.7;-7.47536e-07;
2.701;-0.0155515;
2.702;-0.0295643;
2.703;-0.0402034;
2.704;-0.0458543;
2.705;-0.0452558;
2.706;-0.0375822;
2.707;-0.0225264;
2.708;-0.000329009;
2.709;0.0282174;
2.71;0.061768;
2.711;0.098528;
2.712;0.13632;
2.713;0.172716;
2.714;0.205142;
2.715;0.231083;
2.716;0.248206;
2.717;0.254506;
2.718;0.248469;
2.719;0.229168;
2.72;0.196375;
2.721;0.15059;
2.722;0.0930724;
2.723;0.0257942;
2.724;-0.0485587;
2.725;-0.12679;
2.726;-0.205289;
2.727;-0.28014;
2.728;-0.347427;
2.729;-0.403371;
2.73;-0.444501;
2.731;-0.467929;
2.732;-0.471469;
2.733;-0.453796;
2.734;-0.41456;
2.735;-0.354439;
2.736;-0.275137;
2.737;-0.179425;
2.738;-0.0709337;
2.739;0.0459381;
2.74;0.166115;
2.741;0.284229;
2.742;0.394784;
2.743;0.492337;
2.744;0.57192;
2.745;0.629191;
2.746;0.660691;
2.747;0.664015;
2.748;0.638013;
2.749;0.582827;
2.75;0.5;
2.751;0.392366;
2.752;0.263972;
2.753;0.120041;
2.754;-0.0334249;
2.755;-0.189817;
2.756;-0.342095;
2.757;-0.483325;
2.758;-0.606859;
2.759;-0.706706;
2.76;-0.777739;
2.761;-0.816096;
2.762;-0.819287;
2.763;-0.78637;
2.764;-0.718033;
2.765;-0.616562;
2.766;-0.485878;
2.767;-0.331237;
2.768;-0.159115;
2.769;0.0231404;
2.77;0.207453;
2.771;0.385641;
2.772;0.54965;
2.773;0.691823;
2.774;0.805491;
2.775;0.88515;
2.776;0.926704;
2.777;0.927791;
2.778;0.887816;
2.779;0.808073;
2.78;0.691656;
2.781;0.543365;
2.782;0.36946;
2.783;0.177562;
2.784;-0.0239349;
2.785;-0.226121;
2.786;-0.419828;
2.787;-0.596334;
2.788;-0.747609;
2.789;-0.866597;
2.79;-0.947773;
2.791;-0.987249;
2.792;-0.983004;
2.793;-0.935001;
2.794;-0.845198;
2.795;-0.717425;
2.796;-0.557358;
2.797;-0.372079;
2.798;-0.169819;
2.799;0.0402395;
2.8;0.24868;
2.801;0.446136;
2.802;0.623588;
2.803;0.77306;
2.804;0.8878;
2.805;0.962654;
2.806;0.994246;
2.807;0.981239;
2.808;0.924298;
2.809;0.826147;
2.81;0.691353;
2.811;0.526124;
2.812;0.33816;
2.813;0.136068;
2.814;-0.0708975;
2.815;-0.273347;
2.816;-0.462001;
2.817;-0.628414;
2.818;-0.765194;
2.819;-0.86627;
2.82;-0.927361;
2.821;-0.946028;
2.822;-0.921803;
2.823;-0.856222;
2.824;-0.752713;
2.825;-0.616389;
2.826;-0.453932;
2.827;-0.273071;
2.828;-0.0822855;
2.829;0.10945;
2.83;0.293361;
2.831;0.461146;
2.832;0.605248;
2.833;0.719446;
2.834;0.798976;
2.835;0.840716;
2.836;0.843422;
2.837;0.807676;
2.838;0.735831;
2.839;0.631947;
2.84;0.501468;
2.841;0.35096;
2.842;0.187911;
2.843;0.0201428;
2.844;-0.144472;
2.845;-0.298266;
2.846;-0.434376;
2.847;-0.546899;
2.848;-0.631211;
2.849;-0.684093;
2.85;-0.703968;
2.851;-0.69085;
2.852;-0.646342;
2.853;-0.573503;
2.854;-0.476639;
2.855;-0.361151;
2.856;-0.233109;
2.857;-0.0989815;
2.858;0.0345843;
2.859;0.161289;
2.86;0.275357;
2.861;0.371862;
2.862;0.446854;
2.863;0.497666;
2.864;0.522906;
2.865;0.522494;
2.866;0.497651;
2.867;0.450741;
2.868;0.385169;
2.869;0.305092;
2.87;0.215214;
2.871;0.120487;
2.872;0.0259251;
2.873;-0.0637898;
2.874;-0.144478;
2.875;-0.212608;
2.876;-0.265571;
2.877;-0.301707;
2.878;-0.32034;
2.879;-0.321813;
2.88;-0.307375;
2.881;-0.279091;
2.882;-0.239654;
2.883;-0.192208;
2.884;-0.140122;
2.885;-0.0868232;
2.886;-0.0355147;
2.887;0.0109738;
2.888;0.0503123;
2.889;0.0808556;
2.89;0.101672;
2.891;0.112563;
2.892;0.114061;
2.893;0.107341;
2.894;0.0941037;
2.895;0.0764442;
2.896;0.056665;
2.897;0.0371011;
2.898;0.0199574;
2.899;0.00711357;
2.9;-3.72514e-07;
2.901;-0.000512448;
2.902;0.0058124;
2.903;0.0185616;
2.904;0.0366832;
2.905;0.0585744;
2.906;0.0821835;
2.907;0.105163;
2.908;0.125022;
2.909;0.139343;
2.91;0.14595;
2.911;0.143088;
2.912;0.129585;
2.913;0.104958;
2.914;0.069522;
2.915;0.0243793;
2.916;-0.0285816;
2.917;-0.0867834;
2.918;-0.147031;
2.919;-0.205767;
2.92;-0.259238;
2.921;-0.303682;
2.922;-0.335651;
2.923;-0.352191;
2.924;-0.351055;
2.925;-0.330913;
2.926;-0.291449;
2.927;-0.233492;
2.928;-0.158968;
2.929;-0.0708887;
2.93;0.0268047;
2.931;0.129322;
2.932;0.231399;
2.933;0.327507;
2.934;0.41208;
2.935;0.479977;
2.936;0.5267;
2.937;0.548657;
2.938;0.543479;
2.939;0.510146;
2.94;0.449103;
2.941;0.362356;
2.942;0.253339;
2.943;0.126804;
2.944;-0.0112785;
2.945;-0.154179;
2.946;-0.294661;
2.947;-0.425253;
2.948;-0.538841;
2.949;-0.628936;
2.95;-0.69008;
2.951;-0.718124;
2.952;-0.710582;
2.953;-0.666732;
2.954;-0.587772;
2.955;-0.476752;
2.956;-0.338461;
2.957;-0.179351;
2.958;-0.00703965;
2.959;0.169981;
2.96;0.342628;
2.961;0.501956;
2.962;0.639457;
2.963;0.747588;
2.964;0.820093;
2.965;0.852521;
2.966;0.842374;
2.967;0.789334;
2.968;0.695304;
2.969;0.564319;
2.97;0.402507;
2.971;0.217617;
2.972;0.0187606;
2.973;-0.184124;
2.974;-0.380585;
2.975;-0.560485;
2.976;-0.714385;
2.977;-0.83395;
2.978;-0.912631;
2.979;-0.945876;
2.98;-0.931417;
2.981;-0.869464;
2.982;-0.762655;
2.983;-0.616067;
2.984;-0.436825;
2.985;-0.233843;
2.986;-0.0173021;
2.987;0.201667;
2.988;0.411866;
2.989;0.602454;
2.99;0.763396;
2.991;0.886269;
2.992;0.964539;
2.993;0.993904;
2.994;0.972646;
2.995;0.901648;
2.996;0.784358;
2.997;0.626734;
2.998;0.436783;
2.999;0.22419;
3;0;
3.001;-4.69679e-05;
3.002;-0.00018604;
3.003;-0.000411591;
3.004;-0.000714595;
3.005;-0.00108276;
3.006;-0.00150067;
3.007;-0.00195079;
3.008;-0.00241352;
3.009;-0.00286808;
3.01;-0.00329278;
3.011;-0.00366625;
3.012;-0.0039678;
3.013;-0.00417795;
3.014;-0.00427944;
3.015;-0.00425769;
3.016;-0.0041012;
3.017;-0.00380242;
3.018;-0.00335745;
3.019;-0.002767;
3.02;-0.00203646;
3.021;-0.00117512;
3.022;-0.000197127;
3.023;0.000879042;
3.024;0.00203108;
3.025;0.00323417;
3.026;0.00445875;
3.027;0.00567472;
3.028;0.00685047;
3.029;0.00795218;
3.03;0.00894788;
3.031;0.00980572;
3.032;0.0104964;
3.033;0.0109925;
3.034;0.0112709;
3.035;0.0113125;
3.036;0.0111032;
3.037;0.0106344;
3.038;0.00990332;
3.039;0.00891371;
3.04;0.00767583;
3.041;0.00620587;
3.042;0.00452559;
3.043;0.00266525;
3.044;0.000657709;
3.045;-0.00145794;
3.046;-0.00363826;
3.047;-0.00583677;
3.048;-0.00800598;
3.049;-0.0100953;
3.05;-0.0120548;
3.051;-0.0138367;
3.052;-0.0153937;
3.053;-0.016683;
3.054;-0.017666;
3.055;-0.0183099;
3.056;-0.018588;
3.057;-0.0184812;
3.058;-0.017978;
3.059;-0.0170758;
3.06;-0.0157805;
3.061;-0.0141069;
3.062;-0.0120795;
3.063;-0.00972974;
3.064;-0.00709896;
3.065;-0.00423374;
3.066;-0.00118959;
3.067;0.00197366;
3.068;0.0051919;
3.069;0.00839645;
3.07;0.0115197;
3.071;0.0144919;
3.072;0.0172442;
3.073;0.0197128;
3.074;0.0218365;
3.075;0.0235606;
3.076;0.024837;
3.077;0.0256271;
3.078;0.0259011;
3.079;0.0256396;
3.08;0.0248344;
3.081;0.0234886;
3.082;0.0216174;
3.083;0.0192479;
3.084;0.0164164;
3.085;0.0131744;
3.086;0.00957938;
3.087;0.00569839;
3.088;0.00160719;
3.089;-0.00261179;
3.09;-0.00687176;
3.091;-0.0110865;
3.092;-0.0151617;
3.093;-0.0190105;
3.094;-0.0225481;
3.095;-0.0256898;
3.096;-0.028363;
3.097;-0.0305003;
3.098;-0.0320465;
3.099;-0.0329553;
3.1;-0.0331951;
3.101;-0.0327469;
3.102;-0.0316066;
3.103;-0.0297837;
3.104;-0.0273032;
3.105;-0.0242047;
3.106;-0.0205419;
3.107;-0.0163793;
3.108;-0.0117961;
3.109;-0.0068817;
3.11;-0.00173109;
3.111;0.00355122;
3.112;0.00885564;
3.113;0.0140704;
3.114;0.0190869;
3.115;0.023794;
3.116;0.0280869;
3.117;0.0318702;
3.118;0.0350536;
3.119;0.0375602;
3.12;0.0393256;
3.121;0.0403005;
3.122;0.0404505;
3.123;0.0397589;
3.124;0.0382257;
3.125;0.0358695;
3.126;0.0327261;
3.127;0.0288485;
3.128;0.0243079;
3.129;0.0191867;
3.13;0.0135837;
3.131;0.00761132;
3.132;0.00138613;
3.133;-0.00496376;
3.134;-0.0113074;
3.135;-0.0175092;
3.136;-0.0234397;
3.137;-0.0289695;
3.138;-0.0339743;
3.139;-0.0383438;
3.14;-0.041976;
3.141;-0.044783;
3.142;-0.046694;
3.143;-0.0476564;
3.144;-0.047636;
3.145;-0.0466194;
3.146;-0.0446134;
3.147;-0.041646;
3.148;-0.0377666;
3.149;-0.0330449;
3.15;-0.0275647;
3.151;-0.0214365;
3.152;-0.0147773;
3.153;-0.00771645;
3.154;-0.000403913;
3.155;0.007015;
3.156;0.0143827;
3.157;0.0215486;
3.158;0.0283524;
3.159;0.03465;
3.16;0.0403048;
3.161;0.0451843;
3.162;0.0491794;
3.163;0.0521941;
3.164;0.0541519;
3.165;0.0549987;
3.166;0.0547032;
3.167;0.0532563;
3.168;0.0506758;
3.169;0.0470006;
3.17;0.0422948;
3.171;0.0366458;
3.172;0.030162;
3.173;0.0229668;
3.174;0.0152056;
3.175;0.00703629;
3.176;-0.00137791;
3.177;-0.00985956;
3.178;-0.0182314;
3.179;-0.0263142;
3.18;-0.0339381;
3.181;-0.0409342;
3.182;-0.0471473;
3.183;-0.0524406;
3.184;-0.0566896;
3.185;-0.0597936;
3.186;-0.0616744;
3.187;-0.0622784;
3.188;-0.0615791;
3.189;-0.0595774;
3.19;-0.0562999;
3.191;-0.0518027;
3.192;-0.0461674;
3.193;-0.0395;
3.194;-0.0319329;
3.195;-0.0236127;
3.196;-0.0147078;
3.197;-0.00540343;
3.198;0.00411261;
3.199;0.0136396;
3.2;0.0229771;
3.201;0.0319225;
3.202;0.0402873;
3.203;0.0478874;
3.204;0.0545516;
3.205;0.0601332;
3.206;0.0645019;
3.207;0.0675523;
3.208;0.0692071;
3.209;0.0694176;
3.21;0.0681652;
3.211;0.0654622;
3.212;0.0613504;
3.213;0.0559031;
3.214;0.0492234;
3.215;0.0414423;
3.216;0.0327077;
3.217;0.0232044;
3.218;0.0131218;
3.219;0.00266277;
3.22;-0.00794432;
3.221;-0.0184836;
3.222;-0.0287268;
3.223;-0.038461;
3.224;-0.0474654;
3.225;-0.0555476;
3.226;-0.0625308;
3.227;-0.0682499;
3.228;-0.0725767;
3.229;-0.0754055;
3.23;-0.0766621;
3.231;-0.0763065;
3.232;-0.074331;
3.233;-0.0707634;
3.234;-0.0656664;
3.235;-0.0591323;
3.236;-0.0512876;
3.237;-0.0422885;
3.238;-0.0323178;
3.239;-0.0215736;
3.24;-0.0102812;
3.241;0.0013224;
3.242;0.0129992;
3.243;0.0244972;
3.244;0.0355714;
3.245;0.0459806;
3.246;0.0555028;
3.247;0.0639241;
3.248;0.0710556;
3.249;0.0767381;
3.25;0.0808359;
3.251;0.0832492;
3.252;0.0839127;
3.253;0.082798;
3.254;0.0799138;
3.255;0.0753068;
3.256;0.0690633;
3.257;0.0612997;
3.258;0.0521706;
3.259;0.0418587;
3.26;0.0305782;
3.261;0.0185562;
3.262;0.00604461;
3.263;-0.00668906;
3.264;-0.0193815;
3.265;-0.0317597;
3.266;-0.0435553;
3.267;-0.0545108;
3.268;-0.0643905;
3.269;-0.0729733;
3.27;-0.0800632;
3.271;-0.0855012;
3.272;-0.0891569;
3.273;-0.0909379;
3.274;-0.0907927;
3.275;-0.0887084;
3.276;-0.0847173;
3.277;-0.0788895;
3.278;-0.0713313;
3.279;-0.0621992;
3.28;-0.0516704;
3.281;-0.0399644;
3.282;-0.0273138;
3.283;-0.013995;
3.284;-0.000281691;
3.285;0.0135429;
3.286;0.0271697;
3.287;0.0403155;
3.288;0.0526934;
3.289;0.0640309;
3.29;0.0740766;
3.291;0.0826089;
3.292;0.0894371;
3.293;0.0943959;
3.294;0.0973702;
3.295;0.0982808;
3.296;0.0970934;
3.297;0.0938199;
3.298;0.0885137;
3.299;0.0812757;
3.3;0.0722495;
3.301;0.0616114;
3.302;0.0495818;
3.303;0.0364085;
3.304;0.0223695;
3.305;0.00775285;
3.306;-0.00712651;
3.307;-0.0219486;
3.308;-0.0364025;
3.309;-0.0501698;
3.31;-0.0629512;
3.311;-0.0744663;
3.312;-0.0844554;
3.313;-0.0926989;
3.314;-0.0990045;
3.315;-0.103227;
3.316;-0.105259;
3.317;-0.105043;
3.318;-0.102568;
3.319;-0.097875;
3.32;-0.0910477;
3.321;-0.0822192;
3.322;-0.0715703;
3.323;-0.059313;
3.324;-0.0457029;
3.325;-0.0310233;
3.326;-0.015589;
3.327;0.000280562;
3.328;0.0162439;
3.329;0.031952;
3.33;0.047073;
3.331;0.0612748;
3.332;0.0742434;
3.333;0.0856903;
3.334;0.0953666;
3.335;0.103043;
3.336;0.108546;
3.337;0.111746;
3.338;0.112556;
3.339;0.110944;
3.34;0.106933;
3.341;0.100588;
3.342;0.0920401;
3.343;0.0814569;
3.344;0.0690475;
3.345;0.0550816;
3.346;0.0398417;
3.347;0.023656;
3.348;0.00685613;
3.349;-0.0101812;
3.35;-0.0270981;
3.351;-0.0435368;
3.352;-0.059122;
3.353;-0.0735238;
3.354;-0.0864208;
3.355;-0.0975235;
3.356;-0.10658;
3.357;-0.113388;
3.358;-0.117782;
3.359;-0.119654;
3.36;-0.11895;
3.361;-0.115669;
3.362;-0.109867;
3.363;-0.101657;
3.364;-0.0911996;
3.365;-0.0787103;
3.366;-0.064451;
3.367;-0.048713;
3.368;-0.0318338;
3.369;-0.0141719;
3.37;0.00389012;
3.371;0.0219726;
3.372;0.039677;
3.373;0.0566148;
3.374;0.072423;
3.375;0.0867464;
3.376;0.099267;
3.377;0.109704;
3.378;0.117816;
3.379;0.123418;
3.38;0.126373;
3.381;0.126603;
3.382;0.124087;
3.383;0.118865;
3.384;0.111035;
3.385;0.100756;
3.386;0.0882331;
3.387;0.0737273;
3.388;0.0575489;
3.389;0.0400319;
3.39;0.0215525;
3.391;0.00250948;
3.392;-0.0166827;
3.393;-0.0356165;
3.394;-0.0538754;
3.395;-0.0710523;
3.396;-0.086777;
3.397;-0.100696;
3.398;-0.112496;
3.399;-0.121907;
3.4;-0.128719;
3.401;-0.132761;
3.402;-0.133936;
3.403;-0.132202;
3.404;-0.127582;
3.405;-0.120161;
3.406;-0.110089;
3.407;-0.0975632;
3.408;-0.0828567;
3.409;-0.0662729;
3.41;-0.0481533;
3.411;-0.0289043;
3.412;-0.00892571;
3.413;0.0113474;
3.414;0.0314719;
3.415;0.0510046;
3.416;0.0695216;
3.417;0.0866224;
3.418;0.101909;
3.419;0.11505;
3.42;0.125746;
3.421;0.133749;
3.422;0.138872;
3.423;0.140989;
3.424;0.140039;
3.425;0.136029;
3.426;0.129027;
3.427;0.119175;
3.428;0.106673;
3.429;0.0917854;
3.43;0.0748172;
3.431;0.0561349;
3.432;0.0361425;
3.433;0.0152601;
3.434;-0.00605296;
3.435;-0.0273336;
3.436;-0.0481174;
3.437;-0.0679402;
3.438;-0.0863743;
3.439;-0.103001;
3.44;-0.117456;
3.441;-0.129408;
3.442;-0.138583;
3.443;-0.144767;
3.444;-0.14781;
3.445;-0.147633;
3.446;-0.144221;
3.447;-0.137639;
3.448;-0.12801;
3.449;-0.115534;
3.45;-0.10047;
3.451;-0.0831413;
3.452;-0.0639087;
3.453;-0.0431877;
3.454;-0.0214334;
3.455;0.0008934;
3.456;0.0233018;
3.457;0.0452981;
3.458;0.066394;
3.459;0.0861384;
3.46;0.104071;
3.461;0.1198;
3.462;0.132975;
3.463;0.14329;
3.464;0.150505;
3.465;0.154448;
3.466;0.155018;
3.467;0.152188;
3.468;0.146005;
3.469;0.136585;
3.47;0.124129;
3.471;0.108891;
3.472;0.0911981;
3.473;0.0714153;
3.474;0.049989;
3.475;0.0273726;
3.476;0.0040451;
3.477;-0.0194584;
3.478;-0.0426402;
3.479;-0.0649843;
3.48;-0.085993;
3.481;-0.105195;
3.482;-0.12217;
3.483;-0.136528;
3.484;-0.14794;
3.485;-0.156148;
3.486;-0.160954;
3.487;-0.162236;
3.488;-0.159954;
3.489;-0.15414;
3.49;-0.144908;
3.491;-0.132449;
3.492;-0.117019;
3.493;-0.0989474;
3.494;-0.0786215;
3.495;-0.0564853;
3.496;-0.0330067;
3.497;-0.0087056;
3.498;0.0158809;
3.499;0.0402251;
3.5;0.0637806;
3.501;0.0860256;
3.502;0.106465;
3.503;0.124634;
3.504;0.140132;
3.505;0.152602;
3.506;0.161753;
3.507;0.167375;
3.508;0.169325;
3.509;0.167546;
3.51;0.162064;
3.511;0.152981;
3.512;0.140483;
3.513;0.124839;
3.514;0.106372;
3.515;0.0854815;
3.516;0.0626213;
3.517;0.0382938;
3.518;0.0130184;
3.519;-0.0126452;
3.52;-0.0381224;
3.521;-0.0628632;
3.522;-0.0863123;
3.523;-0.107943;
3.524;-0.127268;
3.525;-0.143863;
3.526;-0.157332;
3.527;-0.167376;
3.528;-0.17376;
3.529;-0.176323;
3.53;-0.174995;
3.531;-0.169792;
3.532;-0.160807;
3.533;-0.148235;
3.534;-0.132335;
3.535;-0.113436;
3.536;-0.0919637;
3.537;-0.0683688;
3.538;-0.0431693;
3.539;-0.0169195;
3.54;0.00979741;
3.541;0.0363981;
3.542;0.0623068;
3.543;0.0869183;
3.544;0.109702;
3.545;0.130141;
3.546;0.147771;
3.547;0.162188;
3.548;0.173067;
3.549;0.180149;
3.55;0.183262;
3.551;0.182324;
3.552;0.177338;
3.553;0.1684;
3.554;0.155698;
3.555;0.13949;
3.556;0.120129;
3.557;0.0980372;
3.558;0.0736823;
3.559;0.0476043;
3.56;0.0203745;
3.561;-0.00740774;
3.562;-0.035118;
3.563;-0.0621559;
3.564;-0.0879048;
3.565;-0.111802;
3.566;-0.133301;
3.567;-0.151916;
3.568;-0.167223;
3.569;-0.178866;
3.57;-0.186579;
3.571;-0.190174;
3.572;-0.189554;
3.573;-0.18472;
3.574;-0.175761;
3.575;-0.162863;
3.576;-0.146303;
3.577;-0.126427;
3.578;-0.103668;
3.579;-0.0785304;
3.58;-0.0515517;
3.581;-0.0233302;
3.582;0.00550795;
3.583;0.0343169;
3.584;0.0624786;
3.585;0.0893324;
3.586;0.114292;
3.587;0.136801;
3.588;0.156343;
3.589;0.172471;
3.59;0.184811;
3.591;0.193084;
3.592;0.197082;
3.593;0.196705;
3.594;0.191944;
3.595;0.182894;
3.596;0.169736;
3.597;0.152756;
3.598;0.132303;
3.599;0.108844;
3.6;0.0828812;
3.601;0.0549673;
3.602;0.0257495;
3.603;-0.00414861;
3.604;-0.0340563;
3.605;-0.063304;
3.606;-0.091231;
3.607;-0.117226;
3.608;-0.140691;
3.609;-0.161092;
3.61;-0.177972;
3.611;-0.190938;
3.612;-0.199685;
3.613;-0.204005;
3.614;-0.203788;
3.615;-0.19902;
3.616;-0.189798;
3.617;-0.176305;
3.618;-0.158831;
3.619;-0.137753;
3.62;-0.113537;
3.621;-0.0866984;
3.622;-0.0578365;
3.623;-0.0275963;
3.624;0.00336811;
3.625;0.0343569;
3.626;0.0646788;
3.627;0.093655;
3.628;0.120624;
3.629;0.144992;
3.63;0.166198;
3.631;0.183753;
3.632;0.197261;
3.633;0.206403;
3.634;0.210958;
3.635;0.210811;
3.636;0.20595;
3.637;0.196466;
3.638;0.182562;
3.639;0.164527;
3.64;0.142752;
3.641;0.117715;
3.642;0.089973;
3.643;0.0601222;
3.644;0.0288303;
3.645;-0.00319583;
3.646;-0.0352598;
3.647;-0.0666365;
3.648;-0.0966187;
3.649;-0.124525;
3.65;-0.149744;
3.651;-0.171676;
3.652;-0.189834;
3.653;-0.203805;
3.654;-0.213249;
3.655;-0.217947;
3.656;-0.217778;
3.657;-0.212728;
3.658;-0.2029;
3.659;-0.188497;
3.66;-0.169816;
3.661;-0.147283;
3.662;-0.121374;
3.663;-0.0926639;
3.664;-0.0617894;
3.665;-0.029444;
3.666;0.00365998;
3.667;0.0368017;
3.668;0.0692004;
3.669;0.100154;
3.67;0.128957;
3.671;0.154954;
3.672;0.177547;
3.673;0.196233;
3.674;0.210572;
3.675;0.220228;
3.676;0.224974;
3.677;0.224685;
3.678;0.219353;
3.679;0.209085;
3.68;0.194091;
3.681;0.174695;
3.682;0.151327;
3.683;0.124484;
3.684;0.0947675;
3.685;0.0628348;
3.686;0.0293952;
3.687;-0.00479302;
3.688;-0.0389839;
3.689;-0.0723911;
3.69;-0.104281;
3.691;-0.133921;
3.692;-0.160639;
3.693;-0.183826;
3.694;-0.202946;
3.695;-0.217567;
3.696;-0.227341;
3.697;-0.232033;
3.698;-0.231525;
3.699;-0.225812;
3.7;-0.215005;
3.701;-0.199338;
3.702;-0.179141;
3.703;-0.154856;
3.704;-0.127028;
3.705;-0.0962557;
3.706;-0.0632289;
3.707;-0.0286862;
3.708;0.0065912;
3.709;0.0418418;
3.71;0.0762318;
3.711;0.109006;
3.712;0.13943;
3.713;0.166805;
3.714;0.190503;
3.715;0.209976;
3.716;0.224789;
3.717;0.234577;
3.718;0.239115;
3.719;0.238285;
3.72;0.23209;
3.721;0.220651;
3.722;0.204218;
3.723;0.183129;
3.724;0.15787;
3.725;0.128987;
3.726;0.0971014;
3.727;0.0629585;
3.728;0.027293;
3.729;-0.00908768;
3.73;-0.0453637;
3.731;-0.080709;
3.732;-0.114345;
3.733;-0.145496;
3.734;-0.173449;
3.735;-0.197577;
3.736;-0.217321;
3.737;-0.23222;
3.738;-0.241925;
3.739;-0.246206;
3.74;-0.24495;
3.741;-0.23817;
3.742;-0.226001;
3.743;-0.208704;
3.744;-0.186654;
3.745;-0.160343;
3.746;-0.130337;
3.747;-0.0973105;
3.748;-0.0620103;
3.749;-0.0252052;
3.75;0.0122669;
3.751;0.0495636;
3.752;0.0858438;
3.753;0.120275;
3.754;0.152095;
3.755;0.18057;
3.756;0.205039;
3.757;0.224956;
3.758;0.239848;
3.759;0.249369;
3.76;0.253286;
3.761;0.251498;
3.762;0.244029;
3.763;0.231036;
3.764;0.21279;
3.765;0.189691;
3.766;0.16225;
3.767;0.131081;
3.768;0.0968624;
3.769;0.0603652;
3.77;0.0224205;
3.771;-0.0161409;
3.772;-0.05444;
3.773;-0.091609;
3.774;-0.126797;
3.775;-0.159232;
3.776;-0.188137;
3.777;-0.21287;
3.778;-0.232871;
3.779;-0.247652;
3.78;-0.256881;
3.781;-0.26033;
3.782;-0.257906;
3.783;-0.24965;
3.784;-0.235734;
3.785;-0.216444;
3.786;-0.192226;
3.787;-0.163594;
3.788;-0.13119;
3.789;-0.0957385;
3.79;-0.0580423;
3.791;-0.0189383;
3.792;0.0207173;
3.793;0.0599824;
3.794;0.0980029;
3.795;0.133905;
3.796;0.16687;
3.797;0.196137;
3.798;0.221052;
3.799;0.24103;
3.8;0.255604;
3.801;0.264439;
3.802;0.267315;
3.803;0.264151;
3.804;0.255006;
3.805;0.240068;
3.806;0.219662;
3.807;0.194242;
3.808;0.164357;
3.809;0.130678;
3.81;0.0939582;
3.811;0.0550198;
3.812;0.0147518;
3.813;-0.0259618;
3.814;-0.0661776;
3.815;-0.105008;
3.816;-0.141557;
3.817;-0.174993;
3.818;-0.204551;
3.819;-0.229544;
3.82;-0.24941;
3.821;-0.263679;
3.822;-0.272012;
3.823;-0.27421;
3.824;-0.270205;
3.825;-0.260071;
3.826;-0.244029;
3.827;-0.222419;
3.828;-0.195718;
3.829;-0.164529;
3.83;-0.12953;
3.831;-0.0915116;
3.832;-0.0513285;
3.833;-0.00989754;
3.834;0.0318831;
3.835;0.0730178;
3.836;0.112599;
3.837;0.149737;
3.838;0.183572;
3.839;0.21333;
3.84;0.238319;
3.841;0.257982;
3.842;0.271837;
3.843;0.279569;
3.844;0.280987;
3.845;0.276042;
3.846;0.264829;
3.847;0.247593;
3.848;0.224693;
3.849;0.196661;
3.85;0.164108;
3.851;0.127737;
3.852;0.088407;
3.853;0.0469688;
3.854;0.00436715;
3.855;-0.0384335;
3.856;-0.0804516;
3.857;-0.120758;
3.858;-0.158421;
3.859;-0.192572;
3.86;-0.222447;
3.861;-0.247348;
3.862;-0.2667;
3.863;-0.280046;
3.864;-0.287078;
3.865;-0.287616;
3.866;-0.281635;
3.867;-0.269253;
3.868;-0.250736;
3.869;-0.226489;
3.87;-0.197058;
3.871;-0.163082;
3.872;-0.125328;
3.873;-0.0846562;
3.874;-0.0419581;
3.875;0.00178963;
3.876;0.0455976;
3.877;0.0884726;
3.878;0.129427;
3.879;0.167551;
3.88;0.201962;
3.881;0.231861;
3.882;0.256578;
3.883;0.275529;
3.884;0.288273;
3.885;0.294503;
3.886;0.294068;
3.887;0.286958;
3.888;0.273326;
3.889;0.253458;
3.89;0.227792;
3.891;0.196899;
3.892;0.161479;
3.893;0.122304;
3.894;0.0802641;
3.895;0.036322;
3.896;-0.00855647;
3.897;-0.0533421;
3.898;-0.097017;
3.899;-0.138576;
3.9;-0.177106;
3.901;-0.21168;
3.902;-0.24153;
3.903;-0.265979;
3.904;-0.284432;
3.905;-0.296475;
3.906;-0.301814;
3.907;-0.300314;
3.908;-0.291995;
3.909;-0.277033;
3.91;-0.255736;
3.911;-0.228601;
3.912;-0.196208;
3.913;-0.159288;
3.914;-0.11867;
3.915;-0.075282;
3.916;-0.0300901;
3.917;0.0159124;
3.918;0.0616263;
3.919;0.106055;
3.92;0.148173;
3.921;0.187018;
3.922;0.22169;
3.923;0.251416;
3.924;0.275495;
3.925;0.293367;
3.926;0.304621;
3.927;0.30898;
3.928;0.306332;
3.929;0.296724;
3.93;0.280354;
3.931;0.257581;
3.932;0.228918;
3.933;0.194986;
3.934;0.156551;
3.935;0.114478;
3.936;0.0697135;
3.937;0.0232843;
3.938;-0.0237875;
3.939;-0.0704057;
3.94;-0.115539;
3.941;-0.158144;
3.942;-0.197247;
3.943;-0.231953;
3.944;-0.261456;
3.945;-0.285091;
3.946;-0.3023;
3.947;-0.312675;
3.948;-0.315973;
3.949;-0.3121;
3.95;-0.301128;
3.951;-0.283297;
3.952;-0.258988;
3.953;-0.228744;
3.954;-0.193251;
3.955;-0.153282;
3.956;-0.109746;
3.957;-0.0636249;
3.958;-0.0159769;
3.959;0.0321639;
3.96;0.0796449;
3.961;0.125417;
3.962;0.168449;
3.963;0.207743;
3.964;0.242399;
3.965;0.271611;
3.966;0.294728;
3.967;0.311184;
3.968;0.320608;
3.969;0.322769;
3.97;0.317602;
3.971;0.305206;
3.972;0.285856;
3.973;0.259957;
3.974;0.228115;
3.975;0.191027;
3.976;0.149498;
3.977;0.104513;
3.978;0.0570466;
3.979;0.00818679;
3.98;-0.040959;
3.981;-0.0892595;
3.982;-0.135646;
3.983;-0.179044;
3.984;-0.218451;
3.985;-0.252987;
3.986;-0.281843;
3.987;-0.304354;
3.988;-0.31999;
3.989;-0.328392;
3.99;-0.329349;
3.991;-0.322826;
3.992;-0.308952;
3.993;-0.28803;
3.994;-0.26052;
3.995;-0.227046;
3.996;-0.188334;
3.997;-0.145265;
3.998;-0.0988241;
3.999;-0.0500294;
4;-5.22516e-15;
4.001;0.0501217;
4.002;0.0992049;
4.003;0.146132;
4.004;0.189854;
4.005;0.229327;
4.006;0.26367;
4.007;0.292091;
4.008;0.313932;
4.009;0.328686;
4.01;0.336003;
4.011;0.335696;
4.012;0.327763;
4.013;0.312368;
4.014;0.289847;
4.015;0.260697;
4.016;0.225567;
4.017;0.185224;
4.018;0.140611;
4.019;0.0927171;
4.02;0.0426227;
4.021;-0.00853801;
4.022;-0.059605;
4.023;-0.109418;
4.024;-0.156864;
4.025;-0.200817;
4.026;-0.240294;
4.027;-0.274389;
4.028;-0.302318;
4.029;-0.323434;
4.03;-0.337249;
4.031;-0.343422;
4.032;-0.341806;
4.033;-0.332423;
4.034;-0.315472;
4.035;-0.291322;
4.036;-0.260509;
4.037;-0.223701;
4.038;-0.181756;
4.039;-0.135604;
4.04;-0.0862819;
4.041;-0.034906;
4.042;0.0173612;
4.043;0.0693588;
4.044;0.119856;
4.045;0.167727;
4.046;0.211881;
4.047;0.251306;
4.048;0.2851;
4.049;0.312483;
4.05;0.33283;
4.051;0.345646;
4.052;0.350637;
4.053;0.347675;
4.054;0.336812;
4.055;0.31828;
4.056;0.292471;
4.057;0.259983;
4.058;0.22153;
4.059;0.177975;
4.06;0.130296;
4.061;0.0795696;
4.062;0.0269407;
4.063;-0.026424;
4.064;-0.0792635;
4.065;-0.130402;
4.066;-0.178676;
4.067;-0.222983;
4.068;-0.262311;
4.069;-0.295757;
4.07;-0.322562;
4.071;-0.342079;
4.072;-0.353867;
4.073;-0.357644;
4.074;-0.353308;
4.075;-0.340945;
4.076;-0.320808;
4.077;-0.293359;
4.078;-0.2592;
4.079;-0.219094;
4.08;-0.173942;
4.081;-0.124758;
4.082;-0.0726525;
4.083;-0.0187759;
4.084;0.0356006;
4.085;0.0892688;
4.086;0.14101;
4.087;0.189645;
4.088;0.234066;
4.089;0.273273;
4.09;0.30633;
4.091;0.332497;
4.092;0.351166;
4.093;0.3619;
4.094;0.364442;
4.095;0.35872;
4.096;0.344839;
4.097;0.323114;
4.098;0.294018;
4.099;0.258198;
4.1;0.216456;
4.101;0.169728;
4.102;0.11904;
4.103;0.0655835;
4.104;0.0105428;
4.105;-0.0448362;
4.106;-0.0992977;
4.107;-0.151605;
4.108;-0.200567;
4.109;-0.245087;
4.11;-0.284106;
4.111;-0.316751;
4.112;-0.34227;
4.113;-0.360073;
4.114;-0.369741;
4.115;-0.371041;
4.116;-0.363924;
4.117;-0.348543;
4.118;-0.325231;
4.119;-0.294503;
4.12;-0.257043;
4.121;-0.213687;
4.122;-0.165387;
4.123;-0.113272;
4.124;-0.0584982;
4.125;-0.00230096;
4.126;0.0540476;
4.127;0.10927;
4.128;0.162113;
4.129;0.211396;
4.13;0.25595;
4.131;0.29478;
4.132;0.326997;
4.133;0.351858;
4.134;0.368789;
4.135;0.377393;
4.136;0.377453;
4.137;0.368959;
4.138;0.35209;
4.139;0.327212;
4.14;0.294877;
4.141;0.255804;
4.142;0.210844;
4.143;0.161049;
4.144;0.107519;
4.145;0.051461;
4.146;-0.00586037;
4.147;-0.063148;
4.148;-0.119104;
4.149;-0.172483;
4.15;-0.222021;
4.151;-0.266616;
4.152;-0.305248;
4.153;-0.337034;
4.154;-0.36124;
4.155;-0.377313;
4.156;-0.384859;
4.157;-0.383703;
4.158;-0.373856;
4.159;-0.355527;
4.16;-0.329117;
4.161;-0.29521;
4.162;-0.25454;
4.163;-0.208057;
4.164;-0.156784;
4.165;-0.101875;
4.166;-0.0445666;
4.167;0.0138478;
4.168;0.0720753;
4.169;0.128742;
4.17;0.182591;
4.171;0.232398;
4.172;0.27703;
4.173;0.315468;
4.174;0.346832;
4.175;0.37041;
4.176;0.385634;
4.177;0.392157;
4.178;0.389819;
4.179;0.378658;
4.18;0.358911;
4.181;0.330997;
4.182;0.295561;
4.183;0.25338;
4.184;0.205397;
4.185;0.152688;
4.186;0.0964389;
4.187;0.0379147;
4.188;-0.0215926;
4.189;-0.0806822;
4.19;-0.138045;
4.191;-0.192382;
4.192;-0.24246;
4.193;-0.287138;
4.194;-0.325399;
4.195;-0.356379;
4.196;-0.379338;
4.197;-0.39376;
4.198;-0.399305;
4.199;-0.395835;
4.2;-0.383412;
4.201;-0.362292;
4.202;-0.332957;
4.203;-0.296051;
4.204;-0.252394;
4.205;-0.202963;
4.206;-0.148865;
4.207;-0.0913156;
4.208;-0.0315804;
4.209;0.0289375;
4.21;0.0889003;
4.211;0.146953;
4.212;0.20178;
4.213;0.252139;
4.214;0.296906;
4.215;0.335017;
4.216;0.365624;
4.217;0.388025;
4.218;0.401701;
4.219;0.406329;
4.22;0.401791;
4.221;0.388165;
4.222;0.36576;
4.223;0.335062;
4.224;0.296752;
4.225;0.251682;
4.226;0.20086;
4.227;0.145395;
4.228;0.0865862;
4.229;0.0257291;
4.23;-0.0358059;
4.231;-0.0966313;
4.232;-0.155374;
4.233;-0.210705;
4.234;-0.261393;
4.235;-0.306241;
4.236;-0.344252;
4.237;-0.374559;
4.238;-0.396467;
4.239;-0.409468;
4.24;-0.413256;
4.241;-0.407726;
4.242;-0.392994;
4.243;-0.369379;
4.244;-0.337398;
4.245;-0.297761;
4.246;-0.251348;
4.247;-0.199171;
4.248;-0.142446;
4.249;-0.0824214;
4.25;-0.0204449;
4.251;0.0420897;
4.252;0.103774;
4.253;0.163217;
4.254;0.2191;
4.255;0.270108;
4.256;0.31511;
4.257;0.353083;
4.258;0.383163;
4.259;0.404659;
4.26;0.417079;
4.261;0.420116;
4.262;0.413698;
4.263;0.397954;
4.264;0.373225;
4.265;0.340055;
4.266;0.299177;
4.267;0.251477;
4.268;0.198063;
4.269;0.140109;
4.27;0.0789118;
4.271;0.0158442;
4.272;-0.0476771;
4.273;-0.110223;
4.274;-0.170413;
4.275;-0.226833;
4.276;-0.278235;
4.277;-0.323457;
4.278;-0.361472;
4.279;-0.391414;
4.28;-0.412607;
4.281;-0.42454;
4.282;-0.426945;
4.283;-0.419752;
4.284;-0.40311;
4.285;-0.377379;
4.286;-0.343125;
4.287;-0.301083;
4.288;-0.252228;
4.289;-0.197629;
4.29;-0.138506;
4.291;-0.0761799;
4.292;-0.0120478;
4.293;0.0524826;
4.294;0.1159;
4.295;0.17681;
4.296;0.23384;
4.297;0.285702;
4.298;0.331225;
4.299;0.369377;
4.3;0.399303;
4.301;0.42029;
4.302;0.431871;
4.303;0.433772;
4.304;0.425937;
4.305;0.408528;
4.306;0.381907;
4.307;0.346685;
4.308;0.303628;
4.309;0.253693;
4.31;0.19799;
4.311;0.137762;
4.312;0.0743523;
4.313;0.00914928;
4.314;-0.0563251;
4.315;-0.120633;
4.316;-0.18233;
4.317;-0.24003;
4.318;-0.292431;
4.319;-0.338352;
4.32;-0.37677;
4.321;-0.406777;
4.322;-0.427708;
4.323;-0.439082;
4.324;-0.440629;
4.325;-0.432303;
4.326;-0.414264;
4.327;-0.386921;
4.328;-0.350867;
4.329;-0.306899;
4.33;-0.25599;
4.331;-0.199271;
4.332;-0.138006;
4.333;-0.0735283;
4.334;-0.00733991;
4.335;0.0591094;
4.336;0.124332;
4.337;0.186865;
4.338;0.245305;
4.339;0.298363;
4.34;0.344791;
4.341;0.383568;
4.342;0.413817;
4.343;0.434848;
4.344;0.446178;
4.345;0.447541;
4.346;0.438885;
4.347;0.4204;
4.348;0.392483;
4.349;0.355747;
4.35;0.311001;
4.351;0.259235;
4.352;0.201569;
4.353;0.139339;
4.354;0.0739037;
4.355;0.0067227;
4.356;-0.0607048;
4.357;-0.126872;
4.358;-0.190298;
4.359;-0.249589;
4.36;-0.303357;
4.361;-0.350424;
4.362;-0.389729;
4.363;-0.420382;
4.364;-0.441689;
4.365;-0.45316;
4.366;-0.454524;
4.367;-0.445737;
4.368;-0.426984;
4.369;-0.39867;
4.37;-0.361416;
4.371;-0.31604;
4.372;-0.26352;
4.373;-0.205066;
4.374;-0.141954;
4.375;-0.0755852;
4.376;-0.00743613;
4.377;0.0609747;
4.378;0.128121;
4.379;0.192534;
4.38;0.252712;
4.381;0.307337;
4.382;0.355185;
4.383;0.395181;
4.384;0.42642;
4.385;0.448205;
4.386;0.460017;
4.387;0.461591;
4.388;0.452879;
4.389;0.434063;
4.39;0.405548;
4.391;0.367957;
4.392;0.322093;
4.393;0.26901;
4.394;0.209862;
4.395;0.145957;
4.396;0.0787129;
4.397;0.00962333;
4.398;-0.0597761;
4.399;-0.127973;
4.4;-0.193381;
4.401;-0.254576;
4.402;-0.310189;
4.403;-0.358975;
4.404;-0.399841;
4.405;-0.43188;
4.406;-0.454337;
4.407;-0.466718;
4.408;-0.468734;
4.409;-0.460329;
4.41;-0.441675;
4.411;-0.413175;
4.412;-0.375429;
4.413;-0.329302;
4.414;-0.275791;
4.415;-0.216078;
4.416;-0.151481;
4.417;-0.0834294;
4.418;-0.0133984;
4.419;0.0569924;
4.42;0.126213;
4.421;0.192723;
4.422;0.255044;
4.423;0.311785;
4.424;0.361679;
4.425;0.403628;
4.426;0.436652;
4.427;0.460027;
4.428;0.473222;
4.429;0.475934;
4.43;0.468087;
4.431;0.449832;
4.432;0.42158;
4.433;0.383937;
4.434;0.337727;
4.435;0.283965;
4.436;0.223834;
4.437;0.158658;
4.438;0.0898449;
4.439;0.0189797;
4.44;-0.0524007;
4.441;-0.122715;
4.442;-0.190404;
4.443;-0.253963;
4.444;-0.31198;
4.445;-0.363185;
4.446;-0.406388;
4.447;-0.440646;
4.448;-0.465191;
4.449;-0.479467;
4.45;-0.483146;
4.451;-0.476127;
4.452;-0.458561;
4.453;-0.430821;
4.454;-0.39351;
4.455;-0.347442;
4.456;-0.293625;
4.457;-0.233242;
4.458;-0.167587;
4.459;-0.0981694;
4.46;-0.0264893;
4.461;0.0458706;
4.462;0.117311;
4.463;0.186252;
4.464;0.251195;
4.465;0.31064;
4.466;0.363296;
4.467;0.407994;
4.468;0.443735;
4.469;0.469719;
4.47;0.485361;
4.471;0.490303;
4.472;0.484419;
4.473;0.467829;
4.474;0.440889;
4.475;0.40418;
4.476;0.358502;
4.477;0.304825;
4.478;0.244375;
4.479;0.178454;
4.48;0.108511;
4.481;0.0360838;
4.482;-0.0372329;
4.483;-0.109823;
4.484;-0.180118;
4.485;-0.246497;
4.486;-0.307527;
4.487;-0.361856;
4.488;-0.408279;
4.489;-0.445764;
4.49;-0.473474;
4.491;-0.490792;
4.492;-0.49731;
4.493;-0.492881;
4.494;-0.477591;
4.495;-0.451763;
4.496;-0.415955;
4.497;-0.37092;
4.498;-0.317681;
4.499;-0.257382;
