0;-18.9;
1;-17.2908;
2;-14.9369;
3;-17.9445;
4;-22.0942;
5;-14.6853;
6;-16.7034;
7;-17.4841;
8;-16.6123;
9;-16.0366;
10;-15.8878;
11;-31.6561;
12;-16.0835;
13;-15.8417;
14;-16.5142;
15;-17.3726;
16;-16.7709;
17;-14.5547;
18;-20.6411;
19;-18.0342;
20;-14.7885;
21;-17.3048;
22;-17.9059;
23;-17.1954;
24;-14.9105;
25;-17.0415;
26;-20.8067;
27;-14.5614;
28;-16.618;
29;-16.6662;
30;-16.3564;
31;-16.2494;
32;-15.3692;
33;-23.4956;
34;-15.8773;
35;-15.7248;
36;-16.3703;
37;-16.3587;
38;-17.1678;
39;-14.4891;
40;-18.5486;
41;-17.6008;
42;-14.8583;
43;-18.0287;
44;-16.4668;
45;-17.5685;
46;-15.4069;
47;-16.3377;
48;-19.6244;
49;-14.844;
50;-17.6796;
51;-16.2653;
52;-16.3939;
53;-18.1033;
54;-15.6454;
55;-22.2035;
56;-16.3275;
57;-17.1352;
58;-17.7393;
59;-16.0108;
60;-21.2516;
61;-16.0048;
62;-18.0074;
63;-18.3995;
64;-16.9388;
65;-34.2017;
66;-16.7255;
67;-21.7829;
68;-18.8141;
69;-17.3311;
70;-21.6697;
71;-17.6708;
72;-19.3408;
73;-18.9208;
74;-19.0689;
75;-18.4446;
76;-19.2642;
77;-20.6464;
78;-17.6935;
79;-18.2956;
80;-20.5386;
81;-18.5182;
82;-16.8429;
83;-22.8541;
84;-16.9581;
85;-17.3706;
86;-19.2981;
87;-15.1269;
88;-21.7306;
89;-17.0532;
90;-15.1095;
91;-16.7811;
92;-17.5493;
93;-17.5403;
94;-13.9972;
95;-21.0446;
96;-21.6647;
97;-13.4934;
98;-16.7916;
99;-16.7131;
100;-15.1311;
101;-14.4235;
102;-15.6523;
103;-22.0366;
104;-14.1512;
105;-15.9697;
106;-15.8075;
107;-15.932;
108;-16.3995;
109;-13.9483;
110;-22.0995;
111;-17.138;
112;-14.4469;
113;-16.8268;
114;-19.9919;
115;-16.9826;
116;-15.106;
117;-24.8761;
118;-19.9775;
119;-15.5092;
120;-19.7744;
121;-19.7176;
122;-16.0649;
123;-20.5871;
124;-23.3874;
125;-15.3312;
126;-21.2659;
127;-21.4925;
128;-15.7461;
129;-16.9534;
130;-18.2829;
131;-19.7428;
132;-15.3943;
133;-17.3006;
134;-18.7702;
135;-15.5602;
136;-16.7045;
137;-15.6365;
138;-17.1035;
139;-16.4352;
140;-15.8476;
141;-18.1723;
142;-16.613;
143;-18.38;
144;-17.7873;
145;-17.009;
146;-18.8105;
147;-19.2685;
148;-18.2242;
149;-17.9531;
150;-24.4969;
151;-20.7467;
152;-19.5297;
153;-21.4165;
154;-18.4292;
155;-19.0013;
156;-23.5084;
157;-17.3343;
158;-16.8174;
159;-17.7078;
160;-20.1368;
161;-16.0594;
162;-14.7478;
163;-19.9185;
164;-16.5169;
165;-14.2894;
166;-15.0767;
167;-19.0076;
168;-16.2288;
169;-13.8478;
170;-19.8196;
171;-23.6599;
172;-14.554;
173;-16.43;
174;-18.6853;
175;-17.1227;
176;-15.9775;
177;-19.2149;
178;-17.6967;
179;-17.2209;
180;-22.8371;
181;-17.4056;
182;-16.3211;
183;-18.5361;
184;-24.3584;
185;-15.063;
186;-19.0982;
187;-17.0683;
188;-15.7096;
189;-18.5234;
190;-14.6635;
191;-18.2319;
192;-15.4454;
193;-15.5301;
194;-18.1882;
195;-14.8511;
196;-22.3034;
197;-17.8611;
198;-16.3334;
199;-17.5907;
200;-21.3217;
201;-18.3986;
202;-16.5706;
203;-19.3954;
204;-16.9028;
205;-17.0702;
206;-17.5213;
207;-16.2174;
208;-14.3291;
209;-19.9466;
210;-17.058;
211;-13.3096;
212;-18.505;
213;-19.3636;
214;-14.4918;
215;-15.3763;
216;-19.0595;
217;-18.7671;
218;-15.3835;
219;-18.2518;
220;-22.4188;
221;-17.7168;
222;-21.2833;
223;-21.4156;
224;-17.5742;
225;-19.4978;
226;-19.1214;
227;-16.8026;
228;-16.5842;
229;-17.0438;
230;-16.9363;
231;-16.9067;
232;-17.2904;
233;-15.4864;
234;-18.7225;
235;-18.8098;
236;-15.5313;
237;-17.5507;
238;-21.1134;
239;-17.0747;
240;-17.7697;
241;-26.0641;
242;-15.3738;
243;-17.6076;
244;-19.9491;
245;-15.1126;
246;-14.4481;
247;-18.4647;
248;-19.6116;
249;-13.4249;
250;-17.3966;
251;-18.1161;
252;-14.5797;
253;-16.6586;
254;-15.9487;
255;-17.661;
256;-17.9809;
257;-18.2746;
258;-17.003;
259;-20.5646;
260;-16.6039;
261;-17.9754;
262;-16.8808;
263;-15.2341;
264;-18.9271;
265;-15.4456;
266;-17.9117;
267;-15.7473;
268;-15.4578;
269;-21.2842;
270;-16.3643;
271;-16.8515;
272;-17.2869;
273;-17.9472;
274;-18.0477;
275;-20.0856;
276;-15.4568;
277;-15.3048;
278;-18.4743;
279;-16.1469;
280;-14.4341;
281;-15.5786;
282;-21.9577;
283;-15.9824;
284;-15.721;
285;-18.4863;
286;-21.6315;
287;-18.2373;
288;-21.5548;
289;-20.1996;
290;-20.0554;
291;-17.06;
292;-18.9117;
293;-16.3751;
294;-14.939;
295;-16.2613;
296;-15.4783;
297;-17.2236;
298;-15.2237;
299;-16.8223;
300;-18.4555;
301;-16.5676;
302;-21.4932;
303;-16.0277;
304;-15.5578;
305;-18.8053;
306;-20.1388;
307;-13.7382;
308;-16.1616;
309;-16.6123;
310;-14.4542;
311;-16.0397;
312;-15.0043;
313;-18.1556;
314;-18.8481;
315;-17.787;
316;-18.0363;
317;-22.7294;
318;-16.3566;
319;-17.4043;
320;-18.0946;
321;-15.2526;
322;-16.3436;
323;-16.4945;
324;-18.7988;
325;-16.0938;
326;-16.122;
327;-21.3084;
328;-17.7472;
329;-18.2122;
330;-19.25;
331;-14.8747;
332;-16.2793;
333;-18.417;
334;-14.3993;
335;-14.2227;
336;-17.227;
337;-18.0256;
338;-15.2314;
339;-21.5679;
340;-21.1736;
341;-18.538;
342;-16.9292;
343;-22.5509;
344;-16.1338;
345;-15.4039;
346;-16.2651;
347;-16.3006;
348;-18.1129;
349;-14.0534;
350;-20.1067;
351;-20.2631;
352;-15.0046;
353;-23.3904;
354;-17.1728;
355;-13.8761;
356;-18.7417;
357;-17.3979;
358;-12.9168;
359;-17.4848;
360;-18.7078;
361;-15.0479;
362;-21.308;
363;-25.5925;
364;-17.5264;
365;-18.5966;
366;-17.2566;
367;-16.9264;
368;-15.8981;
369;-15.3638;
370;-18.2112;
371;-18.0623;
372;-16.5856;
373;-16.7992;
374;-17.724;
375;-18.6053;
376;-19.4101;
377;-15.0588;
378;-15.198;
379;-14.9287;
380;-16.3681;
381;-14.8537;
382;-14.6677;
383;-21.1318;
384;-17.9542;
385;-16.6149;
386;-17.1608;
387;-17.4974;
388;-13.6319;
389;-16.3046;
390;-15.9122;
391;-14.1919;
392;-17.3429;
393;-18.0379;
394;-15.2671;
395;-20.8376;
396;-27.0822;
397;-13.6571;
398;-15.8633;
399;-18.3399;
400;-15.4633;
401;-15.3565;
402;-18.1971;
403;-21.8879;
404;-20.1463;
405;-26.4214;
406;-18.6228;
407;-16.6338;
408;-16.1534;
409;-15.1955;
410;-16.9714;
411;-15.8392;
412;-14.9365;
413;-19.5537;
414;-17.2333;
415;-15.8656;
416;-14.8894;
417;-13.9939;
418;-13.4321;
419;-15.8865;
420;-14.5162;
421;-14.7029;
422;-16.6574;
423;-17.2978;
424;-14.6612;
425;-14.3361;
426;-15.1883;
427;-13.0302;
428;-15.686;
429;-18.6981;
430;-14.4982;
431;-19.1749;
432;-17.0406;
433;-12.865;
434;-15.9313;
435;-15.6888;
436;-13.164;
437;-17.4626;
438;-17.8202;
439;-16.0886;
440;-20.4114;
441;-14.4316;
442;-14.898;
443;-15.8132;
444;-15.4915;
445;-20.3976;
446;-18.0795;
447;-19.2428;
448;-15.4559;
449;-15.496;
450;-16.371;
451;-15.5877;
452;-14.1814;
453;-21.6611;
454;-16.2578;
455;-17.4872;
456;-17.5314;
457;-14.5227;
458;-16.2299;
459;-16.8375;
460;-19.4252;
461;-17.8146;
462;-22.398;
463;-17.3919;
464;-18.5862;
465;-16.5275;
466;-19.6094;
467;-16.7067;
468;-16.2754;
469;-17.805;
470;-18.2484;
471;-21.5101;
472;-16.6683;
473;-14.7241;
474;-20.1479;
475;-22.8819;
476;-17.7878;
477;-17.8588;
478;-21.1243;
479;-16.9776;
480;-17.3341;
481;-18.4558;
482;-16.9718;
483;-21.1793;
484;-15.0631;
485;-17.3061;
486;-18.5787;
487;-17.8667;
488;-14.6551;
489;-17.1491;
490;-16.8106;
491;-18.7737;
492;-22.9958;
493;-17.2891;
494;-17.7626;
495;-17.6179;
496;-19.5703;
497;-20.8734;
498;-22.69;
499;-18.8532;
500;-16.2378;
501;-16.8486;
502;-19.097;
503;-17.0012;
504;-16.4654;
505;-16.4369;
506;-16.3694;
507;-23.7778;
508;-26.8125;
509;-15.1691;
510;-22.3784;
511;-16.3761;
512;-24.9597;
513;-17.2954;
514;-19.5908;
515;-17.209;
516;-15.7639;
517;-15.0737;
518;-25.2594;
519;-20.2174;
520;-16.0114;
521;-16.5168;
522;-16.3449;
523;-21.9041;
524;-18.3545;
525;-19.0315;
526;-20.8403;
527;-20.082;
528;-18.407;
529;-16.5742;
530;-24.4764;
531;-19.3925;
532;-15.2494;
533;-16.2843;
534;-19.0205;
535;-17.7949;
536;-15.5664;
537;-18.0353;
538;-15.2722;
539;-20.4253;
540;-18.7496;
541;-23.619;
542;-16.8276;
543;-17.9703;
544;-15.4886;
545;-18.2624;
546;-17.6897;
547;-18.5954;
548;-19.4551;
549;-14.9154;
550;-15.9822;
551;-23.8789;
552;-19.4405;
553;-19.4413;
554;-18.1836;
555;-19.8615;
556;-16.3391;
557;-19.4204;
558;-19.7449;
559;-16.8887;
560;-18.8108;
561;-16.3886;
562;-14.4948;
563;-22.1988;
564;-22.2287;
565;-14.4473;
566;-19.5336;
567;-17.5761;
568;-19.1036;
569;-16.3206;
570;-23.106;
571;-17.4034;
572;-17.8628;
573;-16.5671;
574;-17.6656;
575;-18.7773;
576;-18.2404;
577;-15.1768;
578;-16.4059;
579;-20.1277;
580;-18.9905;
581;-19.4908;
582;-18.9144;
583;-15.862;
584;-20.981;
585;-16.2231;
586;-18.867;
587;-18.3946;
588;-18.8416;
589;-14.3357;
590;-16.4349;
591;-16.1177;
592;-17.8966;
593;-23.2189;
594;-17.3019;
595;-16.107;
596;-16.8406;
597;-19.4826;
598;-20.9285;
599;-19.5855;
600;-24.2934;
601;-16.2525;
602;-15.0876;
603;-16.5752;
604;-19.0053;
605;-20.9002;
606;-19.8462;
607;-14.9568;
608;-19.319;
609;-16.7198;
610;-18.6094;
611;-18.5934;
612;-18.5703;
613;-18.3798;
614;-14.4931;
615;-15.3252;
616;-22.5562;
617;-18.122;
618;-16.7237;
619;-17.7166;
620;-15.747;
621;-19.5308;
622;-18.2383;
623;-26.4071;
624;-23.3142;
625;-20.54;
626;-16.2194;
627;-14.4389;
628;-22.4594;
629;-22.8561;
630;-16.2504;
631;-16.8051;
632;-16.8571;
633;-16.1714;
634;-16.672;
635;-20.5267;
636;-19.8565;
637;-20.2494;
638;-15.2837;
639;-15.8139;
640;-15.6183;
641;-18.8636;
642;-18.6504;
643;-20.0311;
644;-15.9813;
645;-17.0005;
646;-18.368;
647;-19.0193;
648;-27.1401;
649;-22.8588;
650;-18.4774;
651;-14.7766;
652;-15.8956;
653;-16.7221;
654;-17.489;
655;-26.6997;
656;-16.2187;
657;-16.1751;
658;-16.0055;
659;-20.2273;
660;-18.5189;
661;-17.4065;
662;-20.2501;
663;-17.8648;
664;-14.2027;
665;-17.3775;
666;-21.1427;
667;-22.0652;
668;-20.4211;
669;-16.4779;
670;-18.5036;
671;-16.6939;
672;-20.6036;
673;-16.1311;
674;-19.9178;
675;-19.7809;
676;-14.6563;
677;-15.0687;
678;-21.2501;
679;-16.8538;
680;-19.6449;
681;-18.0931;
682;-16.9252;
683;-20.6201;
684;-16.3091;
685;-16.5043;
686;-16.9807;
687;-22.9069;
688;-17.3295;
689;-15.6956;
690;-18.6365;
691;-17.3989;
692;-20.8279;
693;-16.2166;
694;-27.5141;
695;-19.634;
696;-17.2671;
697;-14.6749;
698;-17.4413;
699;-15.2078;
700;-18.416;
701;-19.5508;
702;-18.5064;
703;-16.8772;
704;-18.5777;
705;-16.1603;
706;-18.0099;
707;-19.7884;
708;-20.2851;
709;-17.6289;
710;-15.6251;
711;-15.4726;
712;-18.0241;
713;-21.107;
714;-19.4938;
715;-18.0694;
716;-22.8805;
717;-14.7967;
718;-18.5571;
719;-15.4328;
720;-15.7587;
721;-21.7703;
722;-20.1991;
723;-15.4099;
724;-21.1937;
725;-18.6674;
726;-18.2002;
727;-16.4832;
728;-18.8467;
729;-19.2205;
730;-17.6919;
731;-17.4867;
732;-14.3157;
733;-19.783;
734;-17.6214;
735;-19.1744;
736;-18.0506;
737;-20.1386;
738;-17.0765;
739;-15.3268;
740;-14.653;
741;-21.5207;
742;-17.8206;
743;-20.4044;
744;-17.1973;
745;-17.1507;
746;-18.6688;
747;-19.1124;
748;-17.009;
749;-15.5888;
750;-26.0626;
751;-20.8381;
752;-14.8717;
753;-17.3718;
754;-16.5918;
755;-16.811;
756;-16.1356;
757;-19.3793;
758;-22.0449;
759;-19.8183;
760;-15.3969;
761;-15.385;
762;-15.4836;
763;-19.6822;
764;-24.343;
765;-21.12;
766;-19.7796;
767;-17.4439;
768;-17.9327;
769;-15.2381;
770;-16.7863;
771;-15.498;
772;-19.1458;
773;-16.2635;
774;-19.2786;
775;-16.8238;
776;-25.345;
777;-14.7423;
778;-17.206;
779;-16.8922;
780;-17.8864;
781;-21.7226;
782;-17.6697;
783;-15.5943;
784;-16.4134;
785;-21.92;
786;-17.3235;
787;-18.8154;
788;-16.4818;
789;-17.6866;
790;-16.1013;
791;-17.0896;
792;-14.511;
793;-19.8327;
794;-15.9877;
795;-20.6824;
796;-19.1752;
797;-19.3998;
798;-20.2891;
799;-15.5667;
800;-14.7802;
801;-16.9059;
802;-21.1537;
803;-18.8053;
804;-21.0355;
805;-17.6995;
806;-16.7865;
807;-17.7778;
808;-16.7123;
809;-13.6188;
810;-19.8249;
811;-18.8367;
812;-18.028;
813;-19.1642;
814;-23.5875;
815;-17.8589;
816;-15.5688;
817;-15.6504;
818;-16.166;
819;-18.1535;
820;-20.4563;
821;-17.4384;
822;-18.5638;
823;-18.5378;
824;-17.7859;
825;-15.8352;
826;-13.8837;
827;-21.3861;
828;-17.5312;
829;-18.6577;
830;-17.8367;
831;-17.7897;
832;-18.1931;
833;-17.5757;
834;-16.2754;
835;-14.9488;
836;-17.7596;
837;-22.1715;
838;-17.1353;
839;-18.8845;
840;-19.5423;
841;-16.4179;
842;-15.6862;
843;-14.8692;
844;-19.1952;
845;-15.1664;
846;-21.234;
847;-18.4183;
848;-17.9071;
849;-20.0603;
850;-19.7429;
851;-15.7363;
852;-14.7131;
853;-18.1153;
854;-17.0208;
855;-19.4754;
856;-17.4482;
857;-17.8036;
858;-17.4378;
859;-17.5598;
860;-14.9726;
861;-16.2882;
862;-14.3755;
863;-20.7865;
864;-30.2668;
865;-26.2558;
866;-18.1838;
867;-18.7319;
868;-16.7259;
869;-15.7532;
870;-16.6697;
871;-14.1641;
872;-20.5387;
873;-18.6333;
874;-19.7516;
875;-17.823;
876;-22.0749;
877;-15.0824;
878;-16.3321;
879;-14.7541;
880;-16.3595;
881;-16.8991;
882;-19.482;
883;-20.3891;
884;-24.3101;
885;-19.4464;
886;-16.8035;
887;-16.396;
888;-13.8787;
889;-17.9179;
890;-17.1879;
891;-17.1638;
892;-15.6511;
893;-18.1367;
894;-20.3718;
895;-21.098;
896;-15.6544;
897;-15.3354;
898;-16.9491;
899;-18.928;
900;-17.1615;
901;-15.4753;
902;-15.5105;
903;-21.7644;
904;-20.0575;
905;-16.8775;
906;-16.2826;
907;-16.3501;
908;-17.6034;
909;-16.5331;
910;-14.2856;
911;-15.799;
912;-17.2775;
913;-23.7914;
914;-25.2283;
915;-18.9012;
916;-22.6674;
917;-17.261;
918;-15.865;
919;-14.2933;
920;-16.9384;
921;-14.4362;
922;-26.927;
923;-16.7541;
924;-17.8526;
925;-18.2234;
926;-21.2279;
927;-16.014;
928;-16.9308;
929;-17.1056;
930;-16.004;
931;-17.3088;
932;-14.9891;
933;-15.7283;
934;-16.7093;
935;-16.1033;
936;-17.2477;
937;-24.5009;
938;-18.966;
939;-19.2536;
940;-15.9572;
941;-15.0402;
942;-15.5566;
943;-15.4218;
944;-15.8215;
945;-18.4985;
946;-16.9088;
947;-21.2378;
948;-16.8119;
949;-18.5864;
950;-15.7776;
951;-17.066;
952;-15.6498;
953;-21.3572;
954;-14.5165;
955;-15.8622;
956;-15.184;
957;-15.4728;
958;-16.9438;
959;-19.7063;
960;-23.2592;
961;-22.8064;
962;-18.0357;
963;-16.5964;
964;-16.5773;
965;-14.3798;
966;-15.4467;
967;-17.9788;
968;-14.737;
969;-16.0986;
970;-15.2487;
971;-16.0751;
972;-17.8512;
973;-21.479;
974;-20.27;
975;-20.385;
976;-20.3721;
977;-15.9126;
978;-16.6724;
979;-13.7149;
980;-16.5516;
981;-15.2653;
982;-16.0491;
983;-15.339;
984;-15.3355;
985;-16.0021;
986;-17.713;
987;-25.4371;
988;-19.5733;
989;-19.3213;
990;-22.8909;
991;-17.2408;
992;-15.2973;
993;-14.1964;
994;-17.8316;
995;-14.1263;
996;-17.7891;
997;-14.7732;
998;-15.0892;
999;-14.7308;
1000;-16.7107;
1001;-22.4483;
1002;-23.9274;
1003;-16.7497;
1004;-26.191;
1005;-26.0953;
1006;-15.177;
1007;-16.1238;
1008;-17.2575;
1009;-14.5921;
1010;-17.9235;
1011;-14.7927;
1012;-14.6177;
1013;-13.6774;
1014;-15.5314;
1015;-17.824;
1016;-16.5672;
1017;-14.6047;
1018;-17.7395;
1019;-16.0048;
1020;-18.3198;
1021;-18.0338;
1022;-18.8065;
1023;-18.7077;
1024;-18.275;
1025;-17.2699;
1026;-15.2943;
1027;-14.4389;
1028;-15.9447;
1029;-17.349;
1030;-14.1334;
1031;-14.1299;
1032;-14.3175;
1033;-13.3515;
1034;-16.6376;
1035;-14.243;
1036;-18.7718;
1037;-14.2732;
1038;-14.9828;
1039;-17.4146;
1040;-25.3287;
1041;-24.7263;
1042;-18.5922;
1043;-18.345;
1044;-17.5909;
1045;-21.5291;
1046;-16.1774;
1047;-15.1359;
1048;-16.7901;
1049;-16.2213;
1050;-17.0162;
1051;-13.1531;
1052;-13.8902;
1053;-14.6625;
1054;-15.4491;
1055;-14.2433;
1056;-12.7966;
1057;-12.8912;
1058;-14.721;
1059;-12.6702;
1060;-15.5142;
1061;-12.7962;
1062;-13.9239;
1063;-12.679;
1064;-13.6074;
1065;-15.9755;
1066;-14.7123;
1067;-13.3702;
1068;-13.9806;
1069;-14.2433;
1070;-15.9973;
1071;-14.6594;
1072;-15.4075;
1073;-15.6359;
1074;-13.5632;
1075;-17.9312;
1076;-16.3965;
1077;-22.8248;
1078;-15.6832;
1079;-15.2851;
1080;-17.9838;
1081;-23.6965;
1082;-18.055;
1083;-17.9173;
1084;-15.6995;
1085;-18.7627;
1086;-17.1427;
1087;-20.8253;
1088;-16.9447;
1089;-18.8478;
1090;-18.8159;
1091;-18.7123;
1092;-21.6068;
1093;-21.0351;
1094;-17.7481;
1095;-20.8621;
1096;-21.4234;
1097;-16.2447;
1098;-19.3848;
1099;-18.9468;
1100;-19.2986;
1101;-17.3953;
1102;-18.8589;
1103;-21.2434;
1104;-20.0161;
1105;-24.6985;
1106;-18.8851;
1107;-19.624;
1108;-17.1449;
1109;-22.0879;
1110;-21.6722;
1111;-16.5037;
1112;-17.3881;
1113;-27.1194;
1114;-22.2135;
1115;-17.4686;
1116;-23.6176;
1117;-18.8646;
1118;-22.8123;
1119;-22.2966;
1120;-18.0564;
1121;-17.8743;
1122;-18.0417;
1123;-20.0109;
1124;-17.8662;
1125;-18.5883;
1126;-17.6155;
1127;-24.9531;
1128;-20.9202;
1129;-20.0848;
1130;-21.8706;
1131;-17.6119;
1132;-19.443;
1133;-26.4252;
1134;-18.732;
1135;-16.088;
1136;-20.4023;
1137;-23.6002;
1138;-17.9643;
1139;-18.6882;
1140;-19.6003;
1141;-23.1124;
1142;-19.4231;
1143;-23.9274;
1144;-17.9907;
1145;-18.4495;
1146;-17.4088;
1147;-20.2242;
1148;-19.5214;
1149;-16.7607;
1150;-19.0155;
1151;-21.5737;
1152;-24.3982;
1153;-18.8927;
1154;-21.0331;
1155;-17.4029;
1156;-23.3553;
1157;-24.1774;
1158;-16.7183;
1159;-17.4957;
1160;-18.9385;
1161;-20.9209;
1162;-17.8135;
1163;-20.6925;
1164;-18.8145;
1165;-21.5571;
1166;-19.5797;
1167;-20.8476;
1168;-20.2147;
1169;-16.5013;
1170;-18.5757;
1171;-23.8657;
1172;-18.6325;
1173;-16.5319;
1174;-23.4731;
1175;-21.9374;
1176;-20.2562;
1177;-22.4104;
1178;-18.0855;
1179;-18.8394;
1180;-19.2218;
1181;-20.321;
1182;-17.1486;
1183;-18.1645;
1184;-17.7623;
1185;-21.5643;
1186;-20.4182;
1187;-18.9352;
1188;-21.26;
1189;-18.2918;
1190;-20.5581;
1191;-23.1717;
1192;-18.8656;
1193;-16.0513;
1194;-20.4937;
1195;-24.9678;
1196;-17.7172;
1197;-18.0762;
1198;-19.9952;
1199;-22.5867;
1200;-19.5595;
1201;-24.9857;
1202;-17.8176;
1203;-18.7257;
1204;-17.2326;
1205;-20.2512;
1206;-19.3918;
1207;-17.1211;
1208;-18.2812;
1209;-21.8206;
1210;-26.1041;
1211;-19.347;
1212;-22.4502;
1213;-16.815;
1214;-20.9369;
1215;-22.7452;
1216;-17.4295;
1217;-16.9086;
1218;-19.0317;
1219;-21.1302;
1220;-18.7521;
1221;-22.6816;
1222;-18.658;
1223;-21.5256;
1224;-17.7659;
1225;-22.2438;
1226;-20.1145;
1227;-16.9105;
1228;-16.868;
1229;-30.1024;
1230;-24.0574;
1231;-17.4272;
1232;-21.7253;
1233;-18.659;
1234;-22.8016;
1235;-21.1812;
1236;-19.2122;
1237;-16.8955;
1238;-18.3596;
1239;-18.8983;
1240;-18.7357;
1241;-19.3132;
1242;-17.9085;
1243;-22.7872;
1244;-18.9774;
1245;-26.1071;
1246;-20.8804;
1247;-18.2803;
1248;-16.3326;
1249;-22.5411;
1250;-25.7742;
1251;-16.8829;
1252;-18.043;
1253;-20.1871;
1254;-25.7726;
1255;-19.386;
1256;-24.6264;
1257;-17.6206;
1258;-18.841;
1259;-17.5712;
1260;-19.7711;
1261;-19.0052;
1262;-17.1259;
1263;-18.4881;
1264;-21.4862;
1265;-25.3058;
1266;-19.667;
1267;-22.0155;
1268;-16.6147;
1269;-20.2294;
1270;-22.8891;
1271;-17.6951;
1272;-16.8255;
1273;-19.3823;
1274;-20.993;
1275;-19.5601;
1276;-23.1401;
1277;-18.8662;
1278;-20.1913;
1279;-17.1811;
1280;-20.5254;
1281;-20.1928;
1282;-17.5468;
1283;-16.5886;
1284;-27.334;
1285;-24.2319;
1286;-19.2923;
1287;-22.3659;
1288;-17.7971;
1289;-18.7778;
1290;-20.1606;
1291;-20.1069;
1292;-16.7259;
1293;-18.466;
1294;-18.0129;
1295;-22.1526;
1296;-20.011;
1297;-20.255;
1298;-20.475;
1299;-17.7161;
1300;-18.2534;
1301;-24.3634;
1302;-19.8358;
1303;-15.9348;
1304;-19.3646;
1305;-21.8524;
1306;-21.1992;
1307;-18.9003;
1308;-20.567;
1309;-18.1459;
1310;-19.2578;
1311;-19.3755;
1312;-18.1724;
1313;-18.3895;
1314;-16.7883;
1315;-20.1391;
1316;-20.6936;
1317;-23.2712;
1318;-19.169;
1319;-20.1614;
1320;-16.9639;
1321;-22.6529;
1322;-25.7556;
1323;-16.8755;
1324;-17.041;
1325;-19.7628;
1326;-23.0776;
1327;-19.0057;
1328;-25.4373;
1329;-18.4422;
1330;-19.7455;
1331;-17.2725;
1332;-20.6287;
1333;-19.571;
1334;-17.3933;
1335;-16.9044;
1336;-29.2683;
1337;-22.819;
1338;-19.9125;
1339;-24.9574;
1340;-17.1461;
1341;-18.2508;
1342;-19.9835;
1343;-19.8488;
1344;-16.7962;
1345;-18.9922;
1346;-18.1974;
1347;-24.3403;
1348;-19.7482;
1349;-21.6814;
1350;-20.2562;
1351;-17.0417;
1352;-17.2632;
1353;-26.2376;
1354;-21.0898;
1355;-16.4137;
1356;-19.8459;
1357;-19.7159;
1358;-27.3149;
1359;-20.2262;
1360;-20.3549;
1361;-17.1078;
1362;-18.2257;
1363;-17.9857;
1364;-19.5681;
1365;-19.3344;
1366;-17.8548;
1367;-20.1332;
1368;-19.1831;
1369;-20.7763;
1370;-22.9904;
1371;-19.9565;
1372;-15.9452;
1373;-18.83;
1374;-22.0431;
1375;-19.5438;
1376;-17.8316;
1377;-21.149;
1378;-18.9265;
1379;-19.9463;
1380;-19.3358;
1381;-19.0316;
1382;-18.6095;
1383;-16.4814;
1384;-18.4831;
1385;-22.2949;
1386;-23.5373;
1387;-18.3996;
1388;-22.8648;
1389;-16.955;
1390;-20.7667;
1391;-22.0133;
1392;-17.8117;
1393;-16.7501;
1394;-18.8932;
1395;-19.6752;
1396;-20.3701;
1397;-21.847;
1398;-19.478;
1399;-20.0936;
1400;-16.5927;
1401;-18.5832;
1402;-23.3311;
1403;-19.1185;
1404;-16.5264;
1405;-22.4188;
1406;-19.4566;
1407;-24.5619;
1408;-21.7382;
1409;-18.5116;
1410;-16.9808;
1411;-18.0572;
1412;-18.6998;
1413;-19.2384;
1414;-20.0935;
1415;-18.2303;
1416;-21.8915;
1417;-17.8925;
1418;-20.071;
1419;-23.992;
1420;-18.8351;
1421;-15.8589;
1422;-19.656;
1423;-21.4697;
1424;-20.8017;
1425;-19.18;
1426;-20.3195;
1427;-18.0662;
1428;-18.4575;
1429;-18.2796;
1430;-19.0991;
1431;-19.1265;
1432;-16.8017;
1433;-19.5403;
1434;-20.0892;
1435;-23.8672;
1436;-21.2939;
1437;-20.3653;
1438;-16.0737;
1439;-18.831;
1440;-20.2614;
1441;-19.269;
1442;-17.8136;
1443;-20.3582;
1444;-19.0862;
1445;-19.7493;
1446;-18.6341;
1447;-20.6276;
1448;-19.4502;
1449;-16.324;
1450;-17.6704;
1451;-24.7235;
1452;-28.5551;
1453;-18.9371;
1454;-25.5361;
1455;-16.8973;
1456;-18.8201;
1457;-19.1194;
1458;-19.4074;
1459;-17.2967;
1460;-18.9752;
1461;-18.1558;
1462;-23.1187;
1463;-18.9455;
1464;-23.3937;
1465;-21.3179;
1466;-16.5149;
1467;-16.6626;
1468;-24.5343;
1469;-26.0495;
1470;-17.8084;
1471;-21.9108;
1472;-18.0358;
1473;-19.5641;
1474;-18.311;
1475;-19.9926;
1476;-17.8008;
1477;-18.2704;
1478;-16.9192;
1479;-27.4795;
1480;-19.7009;
1481;-26.0868;
1482;-22.4899;
1483;-17.5433;
1484;-16.2941;
1485;-20.5204;
1486;-22.2164;
1487;-17.979;
1488;-19.0792;
1489;-19.1644;
1490;-19.9677;
1491;-18.3068;
1492;-19.4663;
1493;-19.2272;
1494;-18.7608;
1495;-16.2047;
1496;-19.9513;
1497;-20.8854;
1498;-28.1593;
1499;-20.4179;
1500;-19.9456;
1501;-16.2972;
1502;-18.9181;
1503;-19.0801;
1504;-19.1117;
1505;-18.2819;
1506;-19.5025;
1507;-19.2216;
1508;-19.0253;
1509;-18.0357;
1510;-22.6874;
1511;-20.8651;
1512;-16.1731;
1513;-17.5508;
1514;-21.833;
1515;-25.9516;
1516;-19.7198;
1517;-27.1397;
1518;-17.0291;
1519;-18.1171;
1520;-17.3788;
1521;-20.1511;
1522;-18.9703;
1523;-20.1559;
1524;-18.1645;
1525;-21.364;
1526;-17.1515;
1527;-22.3582;
1528;-30.4607;
1529;-17.2572;
1530;-16.4165;
1531;-20.505;
1532;-20.3793;
1533;-21.0831;
1534;-21.1706;
1535;-18.8143;
1536;-18.2222;
1537;-16.7233;
1538;-17.7063;
1539;-22.1419;
1540;-23.0059;
1541;-17.9909;
1542;-23.4221;
1543;-17.0623;
1544;-18.7045;
1545;-21.1686;
1546;-19.7107;
1547;-16.5945;
1548;-19.1724;
1549;-18.2241;
1550;-26.5042;
1551;-18.6406;
1552;-23.0262;
1553;-19.6196;
1554;-17.3277;
1555;-16.0937;
1556;-22.7012;
1557;-23.8383;
1558;-20.1651;
1559;-20.5385;
1560;-18.559;
1561;-17.1042;
1562;-18.5792;
1563;-18.9138;
1564;-18.572;
1565;-19.1995;
1566;-18.098;
1567;-20.4689;
1568;-18.0969;
1569;-18.6155;
1570;-26.0479;
1571;-20.5018;
1572;-15.942;
1573;-18.2903;
1574;-19.8023;
1575;-27.1212;
1576;-19.5153;
1577;-23.1485;
1578;-17.4054;
1579;-18.0261;
1580;-16.4743;
1581;-20.7969;
1582;-21.0786;
1583;-21.2295;
1584;-19.1111;
1585;-19.5823;
1586;-16.4264;
1587;-20.0218;
1588;-21.4927;
1589;-18.1737;
1590;-17.4421;
1591;-19.8012;
1592;-18.972;
1593;-19.7454;
1594;-18.2475;
1595;-20.8332;
1596;-19.7014;
1597;-16.5163;
1598;-17.2005;
1599;-22.814;
1600;-21.2634;
1601;-21.4597;
1602;-27.1789;
1603;-16.7604;
1604;-17.2238;
1605;-17.7209;
1606;-19.8362;
1607;-19.4698;
1608;-23.7205;
1609;-19.0232;
1610;-20.6363;
1611;-16.1754;
1612;-18.1501;
1613;-29.1043;
1614;-20.3961;
1615;-17.0086;
1616;-22.3186;
1617;-17.8753;
1618;-20.0405;
1619;-18.203;
1620;-19.8882;
1621;-17.9758;
1622;-18.2375;
1623;-17.0217;
1624;-25.9718;
1625;-18.3316;
1626;-24.9689;
1627;-26.9873;
1628;-17.6561;
1629;-15.9879;
1630;-19.3852;
1631;-19.5188;
1632;-22.4443;
1633;-19.8788;
1634;-20.614;
1635;-18.3421;
1636;-17.0011;
1637;-16.4814;
1638;-24.8892;
1639;-24.3687;
1640;-19.2166;
1641;-20.9568;
1642;-17.7682;
1643;-16.8846;
1644;-19.0424;
1645;-19.5946;
1646;-18.2599;
1647;-19.3233;
1648;-18.618;
1649;-20.184;
1650;-17.5381;
1651;-17.694;
1652;-24.942;
1653;-21.3601;
1654;-16.4524;
1655;-18.5576;
1656;-19.1874;
1657;-19.9337;
1658;-19.6921;
1659;-20.659;
1660;-17.4269;
1661;-18.1122;
1662;-16.7872;
1663;-20.2308;
1664;-19.4359;
1665;-21.5078;
1666;-22.9462;
1667;-20.2337;
1668;-15.7363;
1669;-17.8451;
1670;-19.4571;
1671;-25.6954;
1672;-19.1782;
1673;-25.9112;
1674;-17.9204;
1675;-18.1828;
1676;-16.0534;
1677;-19.4547;
1678;-22.5591;
1679;-23.3168;
1680;-19.1401;
1681;-21.2057;
1682;-16.2106;
1683;-18.2109;
1684;-18.6948;
1685;-20.514;
1686;-18.2889;
1687;-22.0916;
1688;-18.4322;
1689;-19.3183;
1690;-16.2579;
1691;-19.6891;
1692;-26.4395;
1693;-18.9976;
1694;-17.1726;
1695;-22.5576;
1696;-17.3398;
1697;-19.5939;
1698;-18.2557;
1699;-19.4061;
1700;-17.9532;
1701;-18.7221;
1702;-17.6062;
1703;-21.7785;
1704;-17.0897;
1705;-21.6303;
1706;-31.567;
1707;-17.7442;
1708;-16.3736;
1709;-20.2898;
1710;-18.5491;
1711;-21.6443;
1712;-18.3915;
1713;-20.3033;
1714;-18.5188;
1715;-17.3881;
1716;-16.5971;
1717;-24.8719;
1718;-18.5817;
1719;-24.8627;
1720;-24.1551;
1721;-17.8732;
1722;-16.2128;
1723;-18.5535;
1724;-18.2077;
1725;-24.875;
1726;-18.7711;
1727;-22.7161;
1728;-19.9391;
1729;-17.0565;
1730;-15.9097;
1731;-22.0074;
1732;-20.1664;
1733;-24.2824;
1734;-21.0764;
1735;-18.816;
1736;-16.6727;
1737;-17.5793;
1738;-17.1058;
1739;-27.127;
1740;-19.65;
1741;-27.0356;
1742;-22.0062;
1743;-17.4165;
1744;-15.7218;
1745;-19.5056;
1746;-20.0933;
1747;-23.2584;
1748;-19.7317;
1749;-20.9592;
1750;-17.5587;
1751;-17.3518;
1752;-16.1886;
1753;-22.6944;
1754;-20.9246;
1755;-24.6584;
1756;-21.4588;
1757;-18.5167;
1758;-15.8519;
1759;-18.2863;
1760;-18.266;
1761;-23.3968;
1762;-19.3029;
1763;-24.6779;
1764;-19.0149;
1765;-17.6722;
1766;-15.6623;
1767;-19.8912;
1768;-21.9444;
1769;-24.4;
1770;-19.9884;
1771;-20.7166;
1772;-16.4633;
1773;-17.6689;
1774;-16.8696;
1775;-21.9201;
1776;-19.8885;
1777;-33.2041;
1778;-20.5554;
1779;-18.9432;
1780;-15.5373;
1781;-18.0938;
1782;-19.9081;
1783;-26.6931;
1784;-19.2423;
1785;-24.418;
1786;-17.5764;
1787;-17.9329;
1788;-15.9589;
1789;-19.0967;
1790;-21.1378;
1791;-25.0555;
1792;-21.2609;
1793;-21.6852;
1794;-15.9514;
1795;-17.2735;
1796;-17.8884;
1797;-21.4582;
1798;-19.5897;
1799;-21.7276;
1800;-19.9744;
1801;-19.2384;
1802;-15.7771;
1803;-17.2784;
1804;-21.1934;
1805;-21.3094;
1806;-21.0424;
1807;-22.5376;
1808;-17.1749;
1809;-17.3224;
1810;-16.9508;
1811;-18.3028;
1812;-20.5941;
1813;-18.7786;
1814;-28.1719;
1815;-24.2264;
1816;-16.3783;
1817;-16.546;
1818;-19.5957;
1819;-18.9857;
1820;-20.3604;
1821;-18.451;
1822;-19.845;
1823;-18.8796;
1824;-17.1282;
1825;-16.9874;
1826;-21.5681;
1827;-17.3507;
1828;-20.9508;
1829;-20.979;
1830;-18.3843;
1831;-16.9571;
1832;-19.4298;
1833;-17.8816;
1834;-20.119;
1835;-16.4855;
1836;-19.546;
1837;-25.5738;
1838;-19.3069;
1839;-16.9618;
1840;-22.9067;
1841;-16.9683;
1842;-18.2747;
1843;-17.2344;
1844;-19.3325;
1845;-19.3509;
1846;-22.0458;
1847;-18.4339;
1848;-21.4208;
1849;-15.9639;
1850;-16.8789;
1851;-20.254;
1852;-22.4881;
1853;-18.9169;
1854;-22.6613;
1855;-18.4989;
1856;-18.0497;
1857;-16.2257;
1858;-16.6908;
1859;-29.1422;
1860;-21.4081;
1861;-22.4936;
1862;-25.622;
1863;-17.1787;
1864;-16.2047;
1865;-17.8708;
1866;-17.789;
1867;-24.0737;
1868;-18.2194;
1869;-22.9872;
1870;-21.7915;
1871;-17.3793;
1872;-15.9088;
1873;-20.6105;
1874;-17.9385;
1875;-20.402;
1876;-18.1699;
1877;-19.6821;
1878;-18.1613;
1879;-19.1389;
1880;-17.1404;
1881;-21.6486;
1882;-16.5317;
1883;-17.3647;
1884;-20.8267;
1885;-21.4808;
1886;-17.7787;
1887;-20.7786;
1888;-18.5003;
1889;-18.3797;
1890;-16.3307;
1891;-16.4208;
1892;-27.8304;
1893;-23.4654;
1894;-20.8358;
1895;-22.681;
1896;-17.6609;
1897;-16.1731;
1898;-17.5177;
1899;-17.2273;
1900;-30.4686;
1901;-18.4203;
1902;-23.2702;
1903;-22.9981;
1904;-17.9719;
1905;-15.7537;
1906;-19.386;
1907;-17.9636;
1908;-19.8431;
1909;-17.7257;
1910;-18.978;
1911;-19.1369;
1912;-20.0595;
1913;-17.2795;
1914;-20.7867;
1915;-16.7604;
1916;-16.4701;
1917;-19.0857;
1918;-19.7545;
1919;-19.4796;
1920;-20.152;
1921;-20.384;
1922;-18.6965;
1923;-16.6244;
1924;-15.6188;
1925;-21.0106;
1926;-19.7876;
1927;-25.7017;
1928;-20.4417;
1929;-19.7146;
1930;-16.6871;
1931;-17.8781;
1932;-16.6857;
1933;-21.2613;
1934;-17.1387;
1935;-17.88;
1936;-24.4572;
1937;-21.8725;
1938;-17.0277;
1939;-19.3643;
1940;-18.3757;
1941;-17.7775;
1942;-16.6739;
1943;-16.2836;
1944;-24.492;
1945;-22.3319;
1946;-22.1742;
1947;-21.9399;
1948;-18.165;
1949;-15.8174;
1950;-17.6367;
1951;-17.0916;
1952;-23.681;
1953;-17.7691;
1954;-19.5586;
1955;-24.0286;
1956;-19.921;
1957;-16.2269;
1958;-19.0201;
1959;-17.8509;
1960;-17.4931;
1961;-17.1974;
1962;-17.1626;
1963;-21.8749;
1964;-21.6624;
1965;-20.7382;
1966;-21.23;
1967;-17.3912;
1968;-15.457;
1969;-18.0204;
1970;-17.7775;
1971;-25.5406;
1972;-18.1016;
1973;-20.1873;
1974;-20.4229;
1975;-19.1134;
1976;-16.1411;
1977;-19.2665;
1978;-17.5098;
1979;-17.0563;
1980;-17.6785;
1981;-17.8253;
1982;-20.7888;
1983;-20.5775;
1984;-21.4784;
1985;-20.5307;
1986;-17.1442;
1987;-15.2863;
1988;-18.418;
1989;-18.1654;
1990;-22.7765;
1991;-18.0657;
1992;-19.479;
1993;-19.3361;
1994;-19.4924;
1995;-16.6253;
1996;-19.7512;
1997;-17.0626;
1998;-16.2967;
1999;-17.8585;
2000;-18.0235;
2001;-22.0606;
2002;-19.7596;
2003;-24.4299;
2004;-20.2125;
2005;-17.3746;
2006;-15.3424;
2007;-18.7064;
2008;-17.8475;
2009;-19.2961;
2010;-17.6395;
2011;-18.3059;
2012;-19.7452;
2013;-21.1505;
2014;-18.1858;
2015;-20.5442;
2016;-16.816;
2017;-15.5467;
2018;-17.8399;
2019;-17.7194;
2020;-30.0097;
2021;-18.2251;
2022;-21.0008;
2023;-20.8935;
2024;-18.768;
2025;-16.0283;
2026;-19.4379;
2027;-17.2477;
2028;-16.9296;
2029;-16.9743;
2030;-17.1269;
2031;-23.4904;
2032;-20.5169;
2033;-25.0241;
2034;-23.0594;
2035;-17.4987;
2036;-15.4478;
2037;-18.2788;
2038;-17.3088;
2039;-19.5317;
2040;-16.553;
2041;-17.2941;
2042;-25.2863;
2043;-27.0091;
2044;-18.8256;
2045;-21.9754;
2046;-17.4388;
2047;-15.9589;
2048;-16.9818;
2049;-16.5;
2050;-22.5169;
2051;-16.9517;
2052;-18.5412;
2053;-24.9207;
2054;-21.248;
2055;-17.204;
2056;-20.6888;
2057;-17.9754;
2058;-17.2777;
2059;-16.0422;
2060;-15.7262;
2061;-22.317;
2062;-17.9898;
2063;-20.9048;
2064;-19.8628;
2065;-19.5011;
2066;-17.2444;
2067;-19.9883;
2068;-17.8556;
2069;-19.3178;
2070;-15.6472;
2071;-15.5723;
2072;-19.3896;
2073;-18.7493;
2074;-22.2869;
2075;-18.1426;
2076;-19.8219;
2077;-18.8174;
2078;-19.1375;
2079;-16.9931;
2080;-21.4519;
2081;-15.8564;
2082;-15.9404;
2083;-17.1368;
2084;-17.7167;
2085;-22.3388;
2086;-17.5656;
2087;-21.4476;
2088;-24.9782;
2089;-18.5682;
2090;-16.6293;
2091;-21.8964;
2092;-16.6652;
2093;-16.8101;
2094;-15.7537;
2095;-16.536;
2096;-22.1189;
2097;-17.6509;
2098;-21.3111;
2099;-20.9289;
2100;-18.9092;
2101;-17.2398;
2102;-21.5371;
2103;-17.7625;
2104;-18.3511;
2105;-15.1637;
2106;-15.9054;
2107;-19.3606;
2108;-17.7493;
2109;-19.3616;
2110;-17.2275;
2111;-19.737;
2112;-19.943;
2113;-22.0034;
2114;-18.8773;
2115;-21.1931;
2116;-15.462;
2117;-15.9888;
2118;-17.241;
2119;-17.4048;
2120;-18.2432;
2121;-15.6827;
2122;-18.7728;
2123;-23.6083;
2124;-25.6863;
2125;-19.4531;
2126;-23.8382;
2127;-16.9533;
2128;-17.238;
2129;-16.3488;
2130;-17.1104;
2131;-18.0105;
2132;-15.1987;
2133;-17.0778;
2134;-17.3522;
2135;-21.5138;
2136;-18.9917;
2137;-18.868;
2138;-22.0754;
2139;-21.6944;
2140;-16.9789;
2141;-17.615;
2142;-19.2448;
2143;-15.8201;
2144;-16.513;
2145;-15.3538;
2146;-18.2312;
2147;-17.5836;
2148;-16.5934;
2149;-19.3481;
2150;-19.1689;
2151;-20.259;
2152;-19.2396;
2153;-24.6596;
2154;-18.948;
2155;-17.8472;
2156;-15.2657;
2157;-17.6026;
2158;-17.1663;
2159;-16.1071;
2160;-16.2115;
2161;-15.5462;
2162;-21.1729;
2163;-18.0028;
2164;-19.1649;
2165;-21.0456;
2166;-20.393;
2167;-17.6289;
2168;-19.7477;
2169;-19.4592;
2170;-18.3342;
2171;-16.2575;
2172;-14.8703;
2173;-18.1478;
2174;-16.4571;
2175;-16.782;
2176;-15.7882;
2177;-16.0477;
2178;-24.8622;
2179;-18.4928;
2180;-21.8728;
2181;-20.8896;
2182;-19.4454;
2183;-17.2161;
2184;-20.7937;
2185;-18.2645;
2186;-18.6616;
2187;-15.4557;
2188;-15.0215;
2189;-18.2002;
2190;-16.1175;
2191;-16.9408;
2192;-15.1702;
2193;-16.3721;
2194;-21.4622;
2195;-18.121;
2196;-20.9071;
2197;-19.0535;
2198;-19.3149;
2199;-18.2659;
2200;-23.3787;
2201;-18.9444;
2202;-19.4751;
2203;-15.2658;
2204;-15.6231;
2205;-17.8456;
2206;-15.9973;
2207;-16.4011;
2208;-14.5236;
2209;-16.4005;
2210;-18.1062;
2211;-16.757;
2212;-17.8181;
2213;-16.6879;
2214;-20.9672;
2215;-20.1759;
2216;-23.5685;
2217;-24.4354;
2218;-21.3008;
2219;-16.2252;
2220;-17.3922;
2221;-18.6182;
2222;-16.7568;
2223;-16.1969;
2224;-14.3859;
2225;-16.6815;
2226;-16.2818;
2227;-15.5392;
2228;-15.539;
2229;-14.9182;
2230;-19.3311;
2231;-16.6699;
2232;-17.0277;
2233;-17.9378;
2234;-18.3032;
2235;-21.9549;
2236;-19.2766;
2237;-23.7152;
2238;-23.3209;
2239;-18.6538;
2240;-16.2641;
2241;-20.2863;
2242;-17.0628;
2243;-16.2778;
2244;-15.3976;
2245;-14.8883;
2246;-17.9987;
2247;-14.7965;
2248;-14.9512;
2249;-14.8447;
2250;-15.304;
2251;-17.4245;
2252;-14.5117;
2253;-15.6656;
2254;-16.1942;
2255;-17.6847;
2256;-18.178;
2257;-15.8087;
2258;-18.992;
2259;-21.387;
2260;-27.0625;
2261;-19.6621;
2262;-19.8349;
2263;-18.8034;
2264;-19.6293;
2265;-18.3198;
2266;-18.6399;
2267;-18.8408;
2268;-15.0759;
2269;-16.2421;
2270;-15.8592;
2271;-16.5303;
2272;-15.2881;
2273;-13.6474;
2274;-15.3116;
2275;-14.8284;
2276;-15.1446;
2277;-13.9318;
2278;-13.312;
2279;-15.4251;
2280;-14.3208;
2281;-14.4753;
2282;-13.6109;
2283;-13.7258;
2284;-16.0433;
2285;-14.0652;
2286;-14.4664;
2287;-13.9954;
2288;-14.7961;
2289;-16.4508;
2290;-14.0916;
2291;-15.0879;
2292;-14.9945;
2293;-16.4455;
2294;-16.3943;
2295;-14.4709;
2296;-16.4246;
2297;-16.5509;
2298;-18.2606;
2299;-16.4037;
2300;-15.2319;
2301;-18.9041;
2302;-18.171;
2303;-19.4079;
2304;-16.8198;
2305;-16.4224;
2306;-24.7859;
2307;-18.7031;
2308;-19.9735;
2309;-17.8062;
2310;-18.1104;
2311;-23.5076;
2312;-18.4335;
2313;-20.6617;
2314;-19.6404;
2315;-20.2999;
2316;-20.4106;
2317;-18.2417;
2318;-21.4054;
2319;-23.1236;
2320;-22.8659;
2321;-19.5795;
2322;-18.3157;
2323;-21.2384;
2324;-27.4937;
2325;-25.9909;
2326;-19.7369;
2327;-18.6478;
2328;-20.3311;
2329;-22.6436;
2330;-30.9952;
2331;-20.7543;
2332;-19.2297;
2333;-19.6145;
2334;-20.6206;
2335;-25.2489;
2336;-23.0069;
2337;-20.1122;
2338;-19.3172;
2339;-19.5892;
2340;-22.2013;
2341;-29.364;
2342;-21.4993;
2343;-19.4715;
2344;-19.1217;
2345;-20.5506;
2346;-25.6;
2347;-24.113;
2348;-20.186;
2349;-19.1153;
2350;-19.6354;
2351;-22.0002;
2352;-32.9099;
2353;-21.7393;
2354;-19.552;
2355;-19.2075;
2356;-20.2927;
2357;-24.1866;
2358;-25.1267;
2359;-20.5103;
2360;-19.206;
2361;-19.4058;
2362;-21.3443;
2363;-30.1537;
2364;-22.364;
2365;-19.7108;
2366;-19.1076;
2367;-19.9707;
2368;-23.1989;
2369;-27.0048;
2370;-20.9431;
2371;-19.3268;
2372;-19.2974;
2373;-20.8147;
2374;-26.2823;
2375;-23.548;
2376;-20.0943;
2377;-19.1314;
2378;-19.6103;
2379;-21.9919;
2380;-33.3644;
2381;-21.6864;
2382;-19.5003;
2383;-19.1249;
2384;-20.2142;
2385;-24.049;
2386;-25.421;
2387;-20.5989;
2388;-19.2332;
2389;-19.3657;
2390;-21.0968;
2391;-27.6647;
2392;-23.0142;
2393;-19.9475;
2394;-19.1169;
2395;-19.6932;
2396;-22.2292;
2397;-31.4385;
2398;-21.5309;
2399;-19.453;
2400;-19.1202;
2401;-20.2384;
2402;-24.1309;
2403;-25.3333;
2404;-20.576;
2405;-19.2169;
2406;-19.3397;
2407;-21.0314;
2408;-27.2726;
2409;-23.1802;
2410;-20.0074;
2411;-19.1183;
2412;-19.6158;
2413;-21.9554;
2414;-33.7699;
2415;-21.8213;
2416;-19.5442;
2417;-19.0815;
2418;-20.0264;
2419;-23.3832;
2420;-26.659;
2421;-20.8737;
2422;-19.2835;
2423;-19.2261;
2424;-20.6372;
2425;-25.4409;
2426;-24.1725;
2427;-20.3087;
2428;-19.16;
2429;-19.4107;
2430;-21.2776;
2431;-28.8069;
2432;-22.7134;
2433;-19.8293;
2434;-19.0556;
2435;-19.6551;
2436;-22.1723;
2437;-32.2017;
2438;-21.6435;
2439;-19.5068;
2440;-19.0982;
2441;-20.0538;
2442;-23.3305;
2443;-27.0132;
2444;-21.0069;
2445;-19.3329;
2446;-19.1789;
2447;-20.4295;
2448;-24.6291;
2449;-24.8843;
2450;-20.4696;
2451;-19.1522;
2452;-19.2654;
2453;-20.904;
2454;-26.7982;
2455;-23.3844;
2456;-20.0546;
2457;-19.0885;
2458;-19.4725;
2459;-21.5037;
2460;-30.0427;
2461;-22.5332;
2462;-19.8166;
2463;-19.0752;
2464;-19.6463;
2465;-22.0291;
2466;-33.6919;
2467;-21.8649;
2468;-19.5624;
2469;-19.0346;
2470;-19.8391;
2471;-22.732;
2472;-28.9186;
2473;-21.301;
2474;-19.4019;
2475;-19.094;
2476;-20.1159;
2477;-23.4875;
2478;-26.7919;
2479;-20.9834;
2480;-19.3182;
2481;-19.1343;
2482;-20.2999;
2483;-24.1327;
2484;-25.5764;
2485;-20.6579;
2486;-19.1895;
2487;-19.1554;
2488;-20.5292;
2489;-25.0657;
2490;-24.5354;
2491;-20.4105;
2492;-19.1515;
2493;-19.2533;
2494;-20.7781;
2495;-25.8398;
2496;-24.038;
2497;-20.292;
2498;-19.1227;
2499;-19.2807;
2500;-20.8978;
2501;-26.5097;
2502;-23.5982;
2503;-20.1184;
2504;-19.0552;
2505;-19.3137;
2506;-21.0859;
2507;-27.4829;
2508;-23.2255;
2509;-20.0379;
2510;-19.0727;
2511;-19.3868;
2512;-21.2067;
2513;-27.8073;
2514;-23.1489;
2515;-20.0148;
2516;-19.0512;
2517;-19.365;
2518;-21.207;
2519;-28.1376;
2520;-23.0011;
2521;-19.9375;
2522;-19.0192;
2523;-19.3792;
2524;-21.2789;
2525;-28.4115;
2526;-22.9781;
2527;-19.9723;
2528;-19.0572;
2529;-19.3898;
2530;-21.2133;
2531;-27.8068;
2532;-23.1647;
2533;-20.0129;
2534;-19.0316;
2535;-19.316;
2536;-21.0865;
2537;-27.4352;
2538;-23.26;
2539;-20.0321;
2540;-19.0352;
2541;-19.3023;
2542;-21.0116;
2543;-26.8096;
2544;-23.5928;
2545;-20.1791;
2546;-19.0871;
2547;-19.2498;
2548;-20.7878;
2549;-25.8106;
2550;-24.1166;
2551;-20.3014;
2552;-19.0788;
2553;-19.1532;
2554;-20.58;
2555;-25.1302;
2556;-24.6264;
2557;-20.4638;
2558;-19.1427;
2559;-19.1282;
2560;-20.3957;
2561;-24.29;
2562;-25.6718;
2563;-20.7738;
2564;-19.2346;
2565;-19.0503;
2566;-20.1048;
2567;-23.4185;
2568;-27.1877;
2569;-21.0617;
2570;-19.2984;
2571;-18.9839;
2572;-19.8875;
2573;-22.779;
2574;-29.4554;
2575;-21.4991;
2576;-19.4795;
2577;-18.991;
2578;-19.6722;
2579;-22.0454;
2580;-33.4617;
2581;-22.1487;
2582;-19.6819;
2583;-18.9561;
2584;-19.4141;
2585;-21.3959;
2586;-29.0569;
2587;-22.8703;
2588;-19.9225;
2589;-18.9934;
2590;-19.2603;
2591;-20.8894;
2592;-26.098;
2593;-24.0701;
2594;-20.3463;
2595;-19.1074;
2596;-19.1028;
2597;-20.3376;
2598;-24.0953;
2599;-25.9909;
2600;-20.8272;
2601;-19.2182;
2602;-18.9692;
2603;-19.9098;
2604;-22.8356;
2605;-29.3736;
2606;-21.5009;
2607;-19.4762;
2608;-18.9592;
2609;-19.5743;
2610;-21.7588;
2611;-30.9871;
2612;-22.5703;
2613;-19.8397;
2614;-18.9616;
2615;-19.2417;
2616;-20.8771;
2617;-26.1606;
2618;-24.0024;
2619;-20.2943;
2620;-19.064;
2621;-19.0581;
2622;-20.2584;
2623;-23.7967;
2624;-26.6916;
2625;-21.0611;
2626;-19.3274;
2627;-18.953;
2628;-19.6978;
2629;-22.1317;
2630;-34.3203;
2631;-22.1127;
2632;-19.6625;
2633;-18.9112;
2634;-19.2928;
2635;-21.0558;
2636;-26.8516;
2637;-23.7158;
2638;-20.2419;
2639;-19.0644;
2640;-19.0632;
2641;-20.2305;
2642;-23.6372;
2643;-27.1141;
2644;-21.1432;
2645;-19.3321;
2646;-18.9015;
2647;-19.5793;
2648;-21.8607;
2649;-32.5742;
2650;-22.4171;
2651;-19.7853;
2652;-18.9361;
2653;-19.1985;
2654;-20.722;
2655;-25.2722;
2656;-24.8321;
2657;-20.6035;
2658;-19.1636;
2659;-18.9501;
2660;-19.8418;
2661;-22.5459;
2662;-31.6691;
2663;-21.7922;
2664;-19.5525;
2665;-18.8797;
2666;-19.2954;
2667;-21.0545;
2668;-26.6671;
2669;-23.8901;
2670;-20.3206;
2671;-19.0785;
2672;-18.9916;
2673;-20.0084;
2674;-22.9613;
2675;-29.4176;
2676;-21.5582;
2677;-19.4719;
2678;-18.8608;
2679;-19.3208;
2680;-21.146;
2681;-27.1471;
2682;-23.6579;
2683;-20.2348;
2684;-19.0423;
2685;-18.9859;
2686;-20.022;
2687;-22.9747;
2688;-29.5065;
2689;-21.6178;
2690;-19.5081;
2691;-18.8631;
2692;-19.2681;
2693;-20.983;
2694;-26.3809;
2695;-24.0419;
2696;-20.3466;
2697;-19.059;
2698;-18.9286;
2699;-19.8652;
2700;-22.5519;
2701;-32.0391;
2702;-21.9813;
2703;-19.6584;
2704;-18.887;
2705;-19.1511;
2706;-20.6164;
2707;-24.8918;
2708;-25.2546;
2709;-20.7046;
2710;-19.1641;
2711;-18.8522;
2712;-19.5747;
2713;-21.7983;
2714;-30.6813;
2715;-22.7892;
2716;-19.964;
2717;-18.9565;
2718;-19.001;
2719;-20.1283;
2720;-23.2835;
2721;-28.4131;
2722;-21.4251;
2723;-19.4219;
2724;-18.8182;
2725;-19.2318;
2726;-20.9003;
2727;-25.8823;
2728;-24.486;
2729;-20.5344;
2730;-19.1309;
2731;-18.8715;
2732;-19.6077;
2733;-21.8205;
2734;-30.694;
2735;-22.7946;
2736;-19.9386;
2737;-18.9099;
2738;-18.936;
2739;-20.0331;
2740;-23.0688;
2741;-29.3051;
2742;-21.6135;
2743;-19.5224;
2744;-18.8454;
2745;-19.1465;
2746;-20.5857;
2747;-24.5922;
2748;-25.8353;
2749;-20.9173;
2750;-19.2406;
2751;-18.7927;
2752;-19.3255;
2753;-21.1594;
2754;-26.9445;
2755;-23.8899;
2756;-20.3385;
2757;-19.0479;
2758;-18.8486;
2759;-19.6216;
2760;-21.8483;
2761;-30.4905;
2762;-22.889;
2763;-19.9984;
2764;-18.9244;
2765;-18.878;
2766;-19.8441;
2767;-22.5186;
2768;-33.2067;
2769;-22.0602;
2770;-19.6828;
2771;-18.8462;
2772;-18.9852;
2773;-20.1595;
2774;-23.2802;
2775;-28.8826;
2776;-21.6137;
2777;-19.5198;
2778;-18.8015;
2779;-19.0359;
2780;-20.3563;
2781;-23.9481;
2782;-26.9196;
2783;-21.1829;
2784;-19.3438;
2785;-18.7763;
2786;-19.1423;
2787;-20.6222;
2788;-24.6405;
2789;-25.9352;
2790;-20.9951;
2791;-19.2809;
2792;-18.7632;
2793;-19.1691;
2794;-20.7263;
2795;-25.1041;
2796;-25.2895;
2797;-20.7797;
2798;-19.1873;
2799;-18.7547;
2800;-19.2369;
2801;-20.8786;
2802;-25.4713;
2803;-25.0581;
2804;-20.7587;
2805;-19.1893;
2806;-18.7475;
2807;-19.2121;
2808;-20.8419;
2809;-25.4729;
2810;-24.9767;
2811;-20.6983;
2812;-19.1546;
2813;-18.7393;
2814;-19.2225;
2815;-20.8445;
2816;-25.3164;
2817;-25.2468;
2818;-20.8244;
2819;-19.2129;
2820;-18.7315;
2821;-19.1405;
2822;-20.6606;
2823;-24.819;
2824;-25.7072;
2825;-20.9175;
2826;-19.2389;
2827;-18.7268;
2828;-19.0978;
2829;-20.5238;
2830;-24.2544;
2831;-26.7035;
2832;-21.2242;
2833;-19.37;
2834;-18.732;
2835;-18.9766;
2836;-20.232;
2837;-23.5013;
2838;-28.3528;
2839;-21.5285;
2840;-19.4847;
2841;-18.7539;
2842;-18.9081;
2843;-20.0071;
2844;-22.7924;
2845;-32.0484;
2846;-22.1339;
2847;-19.7361;
2848;-18.8062;
2849;-18.7855;
2850;-19.6733;
2851;-22.0172;
2852;-31.7818;
2853;-22.8324;
2854;-20.0052;
2855;-18.9006;
2856;-18.7377;
2857;-19.4302;
2858;-21.3392;
2859;-27.0559;
2860;-24.1242;
2861;-20.4807;
2862;-19.0604;
2863;-18.6685;
2864;-19.1256;
2865;-20.6601;
2866;-24.733;
2867;-25.9995;
2868;-21.0523;
2869;-19.3059;
2870;-18.706;
2871;-18.9371;
2872;-20.098;
2873;-22.9928;
2874;-31.094;
2875;-22.0157;
2876;-19.6811;
2877;-18.7647;
2878;-18.7326;
2879;-19.572;
2880;-21.7539;
2881;-29.3219;
2882;-23.3543;
2883;-20.232;
2884;-18.982;
2885;-18.6769;
2886;-19.1775;
2887;-20.7242;
2888;-24.7778;
2889;-26.0557;
2890;-21.0684;
2891;-19.2875;
2892;-18.6549;
2893;-18.851;
2894;-19.9552;
2895;-22.6697;
2896;-33.5245;
2897;-22.3658;
2898;-19.8594;
2899;-18.8377;
2900;-18.6823;
2901;-19.3329;
2902;-21.1226;
2903;-26.1722;
2904;-24.705;
2905;-20.6775;
2906;-19.1298;
2907;-18.6251;
2908;-18.9181;
2909;-20.1235;
2910;-23.0425;
2911;-31.1847;
2912;-22.1191;
2913;-19.7562;
2914;-18.7847;
2915;-18.6579;
2916;-19.3326;
2917;-21.1514;
2918;-26.2875;
2919;-24.6657;
2920;-20.6865;
2921;-19.1443;
2922;-18.6245;
2923;-18.8774;
2924;-19.998;
2925;-22.6807;
2926;-33.8676;
2927;-22.4564;
2928;-19.8841;
2929;-18.811;
2930;-18.6005;
2931;-19.1709;
2932;-20.7857;
2933;-24.96;
2934;-25.9852;
2935;-21.1186;
2936;-19.3398;
2937;-18.657;
2938;-18.7395;
2939;-19.6193;
2940;-21.7661;
2941;-28.838;
2942;-23.5914;
2943;-20.32;
2944;-18.9734;
2945;-18.5617;
2946;-18.9059;
2947;-20.1389;
2948;-23.0602;
2949;-31.494;
2950;-22.2053;
2951;-19.8094;
2952;-18.7917;
2953;-18.5876;
2954;-19.125;
2955;-20.6485;
2956;-24.4728;
2957;-26.7677;
2958;-21.3143;
2959;-19.4074;
2960;-18.6457;
2961;-18.6482;
2962;-19.4042;
2963;-21.2596;
2964;-26.3195;
2965;-24.8588;
2966;-20.8039;
2967;-19.184;
2968;-18.5672;
2969;-18.6912;
2970;-19.6073;
2971;-21.7901;
2972;-28.9023;
2973;-23.6631;
2974;-20.3977;
2975;-19.0285;
2976;-18.5571;
2977;-18.7889;
2978;-19.8137;
2979;-22.2041;
2980;-31.5914;
2981;-23.0932;
2982;-20.1502;
2983;-18.8961;
2984;-18.5106;
2985;-18.834;
2986;-19.979;
2987;-22.6004;
2988;-33.9891;
2989;-22.7614;
2990;-20.0532;
2991;-18.8675;
2992;-18.5052;
2993;-18.8377;
2994;-20;
2995;-22.6954;
2996;-35.1977;
2997;-22.5818;
2998;-19.9708;
2999;-18.8379;
3000;-18.5103;
3001;-18.8571;
3002;-20.0033;
3003;-22.6126;
3004;-34.5397;
3005;-22.7494;
3006;-20.0272;
3007;-18.836;
3008;-18.4695;
3009;-18.7879;
3010;-19.9007;
3011;-22.4109;
3012;-32.5754;
3013;-23.0469;
3014;-20.1879;
3015;-18.9246;
3016;-18.4832;
3017;-18.7068;
3018;-19.6837;
3019;-21.9177;
3020;-29.3414;
3021;-23.6297;
3022;-20.3969;
3023;-19.0112;
3024;-18.4944;
3025;-18.6371;
3026;-19.4803;
3027;-21.3995;
3028;-26.6092;
3029;-24.8412;
3030;-20.837;
3031;-19.192;
3032;-18.5099;
3033;-18.5127;
3034;-19.1974;
3035;-20.8328;
3036;-24.7685;
3037;-26.7983;
3038;-21.4662;
3039;-19.5083;
3040;-18.6311;
3041;-18.4488;
3042;-18.9092;
3043;-20.1885;
3044;-23.0841;
3045;-32.7061;
3046;-22.3991;
3047;-19.9129;
3048;-18.7956;
3049;-18.4336;
3050;-18.693;
3051;-19.6546;
3052;-21.7698;
3053;-28.0589;
3054;-24.155;
3055;-20.6115;
3056;-19.0879;
3057;-18.4586;
3058;-18.4808;
3059;-19.1547;
3060;-20.7284;
3061;-24.3842;
3062;-27.6761;
3063;-21.7134;
3064;-19.6239;
3065;-18.6585;
3066;-18.3866;
3067;-18.7288;
3068;-19.8059;
3069;-22.164;
3070;-30.4074;
3071;-23.5217;
3072;-20.405;
3073;-19.0174;
3074;-18.4467;
3075;-18.4834;
3076;-19.1388;
3077;-20.6619;
3078;-24.1801;
3079;-28.1601;
3080;-21.7816;
3081;-19.6368;
3082;-18.6503;
3083;-18.3591;
3084;-18.6604;
3085;-19.6377;
3086;-21.7156;
3087;-27.5341;
3088;-24.5284;
3089;-20.7982;
3090;-19.1828;
3091;-18.4595;
3092;-18.364;
3093;-18.8695;
3094;-20.1423;
3095;-22.885;
3096;-34.6985;
3097;-22.8576;
3098;-20.1595;
3099;-18.8974;
3100;-18.3783;
3101;-18.4373;
3102;-19.1001;
3103;-20.6135;
3104;-24.0483;
3105;-28.6863;
3106;-21.9387;
3107;-19.7367;
3108;-18.6985;
3109;-18.3343;
3110;-18.5251;
3111;-19.3237;
3112;-21.0372;
3113;-25.1257;
3114;-26.6066;
3115;-21.4588;
3116;-19.4966;
3117;-18.5716;
3118;-18.2932;
3119;-18.5701;
3120;-19.4719;
3121;-21.3461;
3122;-25.9963;
3123;-25.7191;
3124;-21.2414;
3125;-19.4025;
3126;-18.5225;
3127;-18.266;
3128;-18.5621;
3129;-19.4935;
3130;-21.4273;
3131;-26.3152;
3132;-25.4726;
3133;-21.1914;
3134;-19.3995;
3135;-18.5305;
3136;-18.2617;
3137;-18.5264;
3138;-19.4067;
3139;-21.2494;
3140;-25.7755;
3141;-25.9457;
3142;-21.3295;
3143;-19.4689;
3144;-18.5652;
3145;-18.2606;
3146;-18.4697;
3147;-19.2529;
3148;-20.8968;
3149;-24.6597;
3150;-27.5747;
3151;-21.7567;
3152;-19.6597;
3153;-18.6389;
3154;-18.2507;
3155;-18.3755;
3156;-19.0377;
3157;-20.4453;
3158;-23.4231;
3159;-32.4379;
3160;-22.5999;
3161;-20.0502;
3162;-18.8118;
3163;-18.2696;
3164;-18.2565;
3165;-18.7599;
3166;-19.9128;
3167;-22.2225;
3168;-29.3109;
3169;-24.0961;
3170;-20.7136;
3171;-19.1479;
3172;-18.3838;
3173;-18.1747;
3174;-18.4679;
3175;-19.3351;
3176;-21.0724;
3177;-25.0118;
3178;-27.2581;
3179;-21.7817;
3180;-19.7023;
3181;-18.6467;
3182;-18.198;
3183;-18.2438;
3184;-18.801;
3185;-20.0307;
3186;-22.51;
3187;-31.1734;
3188;-23.7113;
3189;-20.5945;
3190;-19.1114;
3191;-18.3721;
3192;-18.1495;
3193;-18.3964;
3194;-19.1814;
3195;-20.7674;
3196;-24.2134;
3197;-29.095;
3198;-22.1903;
3199;-19.9108;
3200;-18.7593;
3201;-18.2265;
3202;-18.1659;
3203;-18.5663;
3204;-19.5357;
3205;-21.4427;
3206;-26.0915;
3207;-25.9418;
3208;-21.4009;
3209;-19.5172;
3210;-18.5541;
3211;-18.1492;
3212;-18.1945;
3213;-18.698;
3214;-19.7927;
3215;-21.93;
3216;-27.7657;
3217;-24.82;
3218;-21.0232;
3219;-19.3193;
3220;-18.4465;
3221;-18.1037;
3222;-18.2001;
3223;-18.75;
3224;-19.8935;
3225;-22.107;
3226;-28.3808;
3227;-24.5901;
3228;-20.9486;
3229;-19.2779;
3230;-18.4151;
3231;-18.074;
3232;-18.166;
3233;-18.7015;
3234;-19.8076;
3235;-21.9136;
3236;-27.4335;
3237;-25.1188;
3238;-21.1628;
3239;-19.3903;
3240;-18.4614;
3241;-18.0634;
3242;-18.0964;
3243;-18.5576;
3244;-19.5454;
3245;-21.3911;
3246;-25.6068;
3247;-26.812;
3248;-21.7354;
3249;-19.6909;
3250;-18.6107;
3251;-18.0953;
3252;-18.0162;
3253;-18.349;
3254;-19.1551;
3255;-20.6563;
3256;-23.6759;
3257;-32.7813;
3258;-22.8896;
3259;-20.2673;
3260;-18.9182;
3261;-18.2149;
3262;-17.9701;
3263;-18.1276;
3264;-18.7093;
3265;-19.8432;
3266;-21.9457;
3267;-27.2828;
3268;-25.3899;
3269;-21.3194;
3270;-19.4878;
3271;-18.4966;
3272;-18.0238;
3273;-17.9615;
3274;-18.2902;
3275;-19.0665;
3276;-20.488;
3277;-23.2471;
3278;-34.9604;
3279;-23.416;
3280;-20.5328;
3281;-19.066;
3282;-18.2722;
3283;-17.9361;
3284;-17.985;
3285;-18.4191;
3286;-19.318;
3287;-20.9341;
3288;-24.2317;
3289;-30.4149;
3290;-22.6323;
3291;-20.1724;
3292;-18.8686;
3293;-18.1673;
3294;-17.8929;
3295;-17.9863;
3296;-18.4545;
3297;-19.3843;
3298;-21.0427;
3299;-24.4634;
3300;-29.6981;
3301;-22.5202;
3302;-20.1255;
3303;-18.845;
3304;-18.1502;
3305;-17.8693;
3306;-17.9418;
3307;-18.3711;
3308;-19.2344;
3309;-20.7638;
3310;-23.7852;
3311;-33.3803;
3312;-23.0495;
3313;-20.3938;
3314;-19.0014;
3315;-18.2284;
3316;-17.8735;
3317;-17.8622;
3318;-18.1857;
3319;-18.899;
3320;-20.1707;
3321;-22.5203;
3322;-29.424;
3323;-24.6062;
3324;-21.0976;
3325;-19.4062;
3326;-18.452;
3327;-17.9497;
3328;-17.7935;
3329;-17.9545;
3330;-18.4601;
3331;-19.4134;
3332;-21.094;
3333;-24.5489;
3334;-29.7797;
3335;-22.6197;
3336;-20.2322;
3337;-18.9324;
3338;-18.1861;
3339;-17.8181;
3340;-17.7662;
3341;-18.0273;
3342;-18.6505;
3343;-19.7688;
3344;-21.747;
3345;-26.2482;
3346;-26.7406;
3347;-21.9438;
3348;-19.9058;
3349;-18.7422;
3350;-18.065;
3351;-17.741;
3352;-17.7257;
3353;-18.0223;
3354;-18.6797;
3355;-19.8256;
3356;-21.8164;
3357;-26.2799;
3358;-26.8712;
3359;-22.0249;
3360;-19.9513;
3361;-18.756;
3362;-18.0524;
3363;-17.7058;
3364;-17.6651;
3365;-17.922;
3366;-18.507;
3367;-19.5154;
3368;-21.2087;
3369;-24.5644;
3370;-30.5814;
3371;-22.8987;
3372;-20.3994;
3373;-19.0167;
3374;-18.1966;
3375;-17.755;
3376;-17.6141;
3377;-17.7463;
3378;-18.1619;
3379;-18.9216;
3380;-20.1846;
3381;-22.4112;
3382;-28.1806;
3383;-25.4638;
3384;-21.5499;
3385;-19.704;
3386;-18.6209;
3387;-17.9761;
3388;-17.6444;
3389;-17.5762;
3390;-17.7651;
3391;-18.2416;
3392;-19.0863;
3393;-20.4873;
3394;-23.0056;
3395;-30.814;
3396;-24.6347;
3397;-21.2873;
3398;-19.5824;
3399;-18.5444;
3400;-17.9081;
3401;-17.5729;
3402;-17.5007;
3403;-17.6854;
3404;-18.1475;
3405;-18.9462;
3406;-20.2269;
3407;-22.408;
3408;-27.6779;
3409;-26.0376;
3410;-21.846;
3411;-19.888;
3412;-18.7191;
3413;-17.9999;
3414;-17.5984;
3415;-17.4536;
3416;-17.5404;
3417;-17.8624;
3418;-18.458;
3419;-19.4238;
3420;-20.9944;
3421;-23.9329;
3422;-36.6126;
3423;-23.739;
3424;-20.9152;
3425;-19.3815;
3426;-18.4257;
3427;-17.8248;
3428;-17.4877;
3429;-17.3785;
3430;-17.4915;
3431;-17.8434;
3432;-18.4767;
3433;-19.4825;
3434;-21.0797;
3435;-23.9925;
3436;-35.5281;
3437;-23.9635;
3438;-21.0562;
3439;-19.4595;
3440;-18.4532;
3441;-17.816;
3442;-17.4526;
3443;-17.3156;
3444;-17.3832;
3445;-17.655;
3446;-18.1566;
3447;-18.9543;
3448;-20.197;
3449;-22.2744;
3450;-26.9836;
3451;-26.9292;
3452;-22.2787;
3453;-20.2158;
3454;-18.9694;
3455;-18.1541;
3456;-17.626;
3457;-17.3231;
3458;-17.2209;
3459;-17.3147;
3460;-17.6139;
3461;-18.1441;
3462;-18.9611;
3463;-20.1918;
3464;-22.1763;
3465;-26.3775;
3466;-27.9331;
3467;-22.6381;
3468;-20.4157;
3469;-19.0853;
3470;-18.2194;
3471;-17.6563;
3472;-17.3175;
3473;-17.1627;
3474;-17.176;
3475;-17.3608;
3476;-17.7386;
3477;-18.3523;
3478;-19.2811;
3479;-20.6926;
3480;-23.0557;
3481;-29.0889;
3482;-25.9024;
3483;-22.053;
3484;-20.1324;
3485;-18.9156;
3486;-18.0948;
3487;-17.5479;
3488;-17.214;
3489;-17.058;
3490;-17.0601;
3491;-17.2142;
3492;-17.5299;
3493;-18.0368;
3494;-18.7944;
3495;-19.9178;
3496;-21.6705;
3497;-24.9558;
3498;-32.5484;
3499;-23.8045;
3500;-21.1596;
3501;-19.6218;
3502;-18.5908;
3503;-17.8715;
3504;-17.3801;
3505;-17.0742;
3506;-16.9288;
3507;-16.9284;
3508;-17.0655;
3509;-17.3439;
3510;-17.7831;
3511;-18.4255;
3512;-19.3519;
3513;-20.7259;
3514;-22.9767;
3515;-28.2822;
3516;-26.7453;
3517;-22.5224;
3518;-20.5019;
3519;-19.2135;
3520;-18.3131;
3521;-17.6697;
3522;-17.2224;
3523;-16.9371;
3524;-16.792;
3525;-16.772;
3526;-16.8689;
3527;-17.0845;
3528;-17.4329;
3529;-17.9436;
3530;-18.6667;
3531;-19.6898;
3532;-21.1935;
3533;-23.6881;
3534;-30.4414;
3535;-25.9551;
3536;-22.313;
3537;-20.4146;
3538;-19.1671;
3539;-18.2826;
3540;-17.6431;
3541;-17.1867;
3542;-16.8746;
3543;-16.6806;
3544;-16.5885;
3545;-16.5923;
3546;-16.6948;
3547;-16.9059;
3548;-17.2398;
3549;-17.7148;
3550;-18.3582;
3551;-19.219;
3552;-20.4002;
3553;-22.1543;
3554;-25.349;
3555;-34.0967;
3556;-24.3848;
3557;-21.6394;
3558;-20.041;
3559;-18.9536;
3560;-18.1607;
3561;-17.5614;
3562;-17.1031;
3563;-16.7589;
3564;-16.5159;
3565;-16.3676;
3566;-16.3084;
3567;-16.3324;
3568;-16.4341;
3569;-16.6118;
3570;-16.8709;
3571;-17.2255;
3572;-17.6986;
3573;-18.3225;
3574;-19.145;
3575;-20.2481;
3576;-21.81;
3577;-24.3571;
3578;-31.4494;
3579;-26.3326;
3580;-22.7376;
3581;-20.8256;
3582;-19.5511;
3583;-18.6263;
3584;-17.9251;
3585;-17.378;
3586;-16.9426;
3587;-16.5947;
3588;-16.322;
3589;-16.1197;
3590;-15.9847;
3591;-15.913;
3592;-15.8983;
3593;-15.9343;
3594;-16.0178;
3595;-16.1504;
3596;-16.3387;
3597;-16.5919;
3598;-16.9191;
3599;-17.3281;
3600;-17.8278;
3601;-18.4344;
3602;-19.1814;
3603;-20.1356;
3604;-21.43;
3605;-23.3764;
3606;-27.1277;
3607;-31.2776;
3608;-24.7254;
3609;-22.262;
3610;-20.7286;
3611;-19.6162;
3612;-18.7483;
3613;-18.0472;
3614;-17.4732;
3615;-17.0002;
3616;-16.607;
3617;-16.275;
3618;-15.9894;
3619;-15.7413;
3620;-15.5277;
3621;-15.3485;
3622;-15.2034;
3623;-15.0897;
3624;-15.002;
3625;-14.9343;
3626;-14.8828;
3627;-14.8473;
3628;-14.8301;
3629;-14.8332;
3630;-14.8566;
3631;-14.897;
3632;-14.95;
3633;-15.0121;
3634;-15.0835;
3635;-15.1669;
3636;-15.2657;
3637;-15.3807;
3638;-15.5096;
3639;-15.6477;
3640;-15.7912;
3641;-15.9398;
3642;-16.0968;
3643;-16.267;
3644;-16.4524;
3645;-16.6509;
3646;-16.8568;
3647;-17.065;
3648;-17.2745;
3649;-17.4896;
3650;-17.717;
3651;-17.9606;
3652;-18.2183;
3653;-18.4827;
3654;-18.746;
3655;-19.0058;
3656;-19.2679;
3657;-19.5422;
3658;-19.836;
3659;-20.1475;
3660;-20.4662;
3661;-20.7791;
3662;-21.081;
3663;-21.3798;
3664;-21.6916;
3665;-22.0298;
3666;-22.3937;
3667;-22.7674;
3668;-23.1283;
3669;-23.4648;
3670;-23.7879;
3671;-24.1256;
3672;-24.5027;
3673;-24.9225;
3674;-25.3597;
3675;-25.7727;
3676;-26.1351;
3677;-26.4633;
3678;-26.8077;
3679;-27.2168;
3680;-27.7031;
3681;-28.2273;
3682;-28.7091;
3683;-29.0859;
3684;-29.3822;
3685;-29.6962;
3686;-30.1232;
3687;-30.6986;
3688;-31.3664;
3689;-31.9669;
3690;-32.3391;
3691;-32.5228;
3692;-32.7292;
3693;-33.1421;
3694;-33.8435;
3695;-34.7834;
3696;-35.6562;
3697;-35.9835;
3698;-35.8527;
3699;-35.795;
3700;-36.1256;
3701;-36.9828;
3702;-38.4429;
3703;-40.1508;
3704;-40.2832;
3705;-39.2464;
3706;-38.6763;
3707;-38.8224;
3708;-39.7608;
3709;-41.8457;
3710;-46.8007;
3711;-45.3494;
3712;-42.1158;
3713;-41.0029;
3714;-40.9245;
3715;-41.6904;
3716;-43.4269;
3717;-46.0934;
3718;-45.4467;
3719;-43.4126;
3720;-42.4429;
3721;-42.2668;
3722;-42.6951;
3723;-43.5457;
3724;-44.3076;
3725;-44.2214;
3726;-43.5867;
3727;-43.0997;
3728;-42.9641;
3729;-43.1415;
3730;-43.4819;
3731;-43.7428;
3732;-43.7381;
3733;-43.5377;
3734;-43.3422;
3735;-43.2711;
3736;-43.3315;
3737;-43.4565;
3738;-43.5516;
3739;-43.5582;
3740;-43.4947;
3741;-43.4233;
3742;-43.3923;
3743;-43.4103;
3744;-43.4537;
3745;-43.4883;
3746;-43.4936;
3747;-43.4741;
3748;-43.4496;
3749;-43.4375;
3750;-43.4424;
3751;-43.4569;
3752;-43.4692;
3753;-43.4721;
3754;-43.4666;
3755;-43.4587;
3756;-43.4544;
3757;-43.4558;
3758;-43.4605;
3759;-43.4649;
3760;-43.4663;
3761;-43.465;
3762;-43.4627;
3763;-43.4614;
3764;-43.4619;
3765;-43.4636;
3766;-43.4652;
3767;-43.466;
3768;-43.4658;
3769;-43.4654;
3770;-43.4651;
3771;-43.4655;
3772;-43.4661;
3773;-43.4669;
3774;-43.4673;
3775;-43.4675;
3776;-43.4676;
3777;-43.4678;
3778;-43.4681;
3779;-43.4685;
3780;-43.4689;
3781;-43.4692;
3782;-43.4695;
3783;-43.4698;
3784;-43.47;
3785;-43.4703;
3786;-43.4706;
3787;-43.471;
3788;-43.4713;
3789;-43.4716;
3790;-43.4718;
3791;-43.4721;
3792;-43.4724;
3793;-43.4727;
3794;-43.473;
3795;-43.4733;
3796;-43.4736;
3797;-43.4738;
3798;-43.4741;
3799;-43.4744;
3800;-43.4747;
3801;-43.4749;
3802;-43.4752;
3803;-43.4755;
3804;-43.4758;
3805;-43.476;
3806;-43.4763;
3807;-43.4766;
3808;-43.4768;
3809;-43.4771;
3810;-43.4774;
3811;-43.4776;
3812;-43.4779;
3813;-43.4781;
3814;-43.4784;
3815;-43.4787;
3816;-43.4789;
3817;-43.4792;
3818;-43.4794;
3819;-43.4797;
3820;-43.4799;
3821;-43.4802;
3822;-43.4804;
3823;-43.4807;
3824;-43.4809;
3825;-43.4812;
3826;-43.4814;
3827;-43.4816;
3828;-43.4819;
3829;-43.4821;
3830;-43.4824;
3831;-43.4826;
3832;-43.4828;
3833;-43.4831;
3834;-43.4833;
3835;-43.4835;
3836;-43.4837;
3837;-43.484;
3838;-43.4842;
3839;-43.4844;
3840;-43.4846;
3841;-43.4849;
3842;-43.4851;
3843;-43.4853;
3844;-43.4855;
3845;-43.4857;
3846;-43.4859;
3847;-43.4862;
3848;-43.4864;
3849;-43.4866;
3850;-43.4868;
3851;-43.487;
3852;-43.4872;
3853;-43.4874;
3854;-43.4876;
3855;-43.4878;
3856;-43.488;
3857;-43.4882;
3858;-43.4884;
3859;-43.4886;
3860;-43.4888;
3861;-43.489;
3862;-43.4892;
3863;-43.4894;
3864;-43.4896;
3865;-43.4897;
3866;-43.4899;
3867;-43.4901;
3868;-43.4903;
3869;-43.4905;
3870;-43.4907;
3871;-43.4908;
3872;-43.491;
3873;-43.4912;
3874;-43.4914;
3875;-43.4915;
3876;-43.4917;
3877;-43.4919;
3878;-43.492;
3879;-43.4922;
3880;-43.4924;
3881;-43.4925;
3882;-43.4927;
3883;-43.4929;
3884;-43.493;
3885;-43.4932;
3886;-43.4934;
3887;-43.4935;
3888;-43.4937;
3889;-43.4938;
3890;-43.494;
3891;-43.4941;
3892;-43.4943;
3893;-43.4944;
3894;-43.4946;
3895;-43.4947;
3896;-43.4949;
3897;-43.495;
3898;-43.4951;
3899;-43.4953;
3900;-43.4954;
3901;-43.4956;
3902;-43.4957;
3903;-43.4958;
3904;-43.496;
3905;-43.4961;
3906;-43.4962;
3907;-43.4964;
3908;-43.4965;
3909;-43.4966;
3910;-43.4967;
3911;-43.4969;
3912;-43.497;
3913;-43.4971;
3914;-43.4972;
3915;-43.4973;
3916;-43.4975;
3917;-43.4976;
3918;-43.4977;
3919;-43.4978;
3920;-43.4979;
3921;-43.498;
3922;-43.4981;
3923;-43.4982;
3924;-43.4983;
3925;-43.4985;
3926;-43.4986;
3927;-43.4987;
3928;-43.4988;
3929;-43.4989;
3930;-43.499;
3931;-43.499;
3932;-43.4991;
3933;-43.4992;
3934;-43.4993;
3935;-43.4994;
3936;-43.4995;
3937;-43.4996;
3938;-43.4997;
3939;-43.4998;
3940;-43.4999;
3941;-43.4999;
3942;-43.5;
3943;-43.5001;
3944;-43.5002;
3945;-43.5002;
3946;-43.5003;
3947;-43.5004;
3948;-43.5005;
3949;-43.5005;
3950;-43.5006;
3951;-43.5007;
3952;-43.5007;
3953;-43.5008;
3954;-43.5009;
3955;-43.5009;
3956;-43.501;
3957;-43.5011;
3958;-43.5011;
3959;-43.5012;
3960;-43.5012;
3961;-43.5013;
3962;-43.5013;
3963;-43.5014;
3964;-43.5014;
3965;-43.5015;
3966;-43.5015;
3967;-43.5016;
3968;-43.5016;
3969;-43.5017;
3970;-43.5017;
3971;-43.5018;
3972;-43.5018;
3973;-43.5018;
3974;-43.5019;
3975;-43.5019;
3976;-43.5019;
3977;-43.502;
3978;-43.502;
3979;-43.502;
3980;-43.5021;
3981;-43.5021;
3982;-43.5021;
3983;-43.5021;
3984;-43.5022;
3985;-43.5022;
3986;-43.5022;
3987;-43.5022;
3988;-43.5022;
3989;-43.5023;
3990;-43.5023;
3991;-43.5023;
3992;-43.5023;
3993;-43.5023;
3994;-43.5023;
3995;-43.5023;
3996;-43.5023;
3997;-43.5023;
3998;-43.5023;
3999;-43.5023;
