0;0.0128824;
1;0.0186602;
2;0.0320859;
3;0.0160526;
4;0.00617413;
5;0.0339991;
6;0.0213629;
7;0.0178478;
8;0.0218158;
9;0.0249081;
10;0.0257763;
11;0.000682948;
12;0.0246404;
13;0.0260515;
14;0.0223141;
15;0.0183121;
16;0.0210335;
17;0.035037;
18;0.00862751;
19;0.0157247;
20;0.0332008;
21;0.0186005;
22;0.0161961;
23;0.0190749;
24;0.0322816;
25;0.019763;
26;0.00830491;
27;0.0349833;
28;0.0217871;
29;0.0215464;
30;0.02314;
31;0.0237167;
32;0.0290458;
33;0.00447132;
34;0.0258385;
35;0.0267622;
36;0.0230658;
37;0.0231273;
38;0.0191965;
39;0.0355702;
40;0.0139682;
41;0.0173749;
42;0.0326716;
43;0.0157446;
44;0.0225591;
45;0.0175046;
46;0.0287946;
47;0.0232396;
48;0.0109034;
49;0.0327792;
50;0.0170623;
51;0.0236306;
52;0.0229406;
53;0.0154764;
54;0.027256;
55;0.00602071;
56;0.0232942;
57;0.019341;
58;0.0168295;
59;0.0250565;
60;0.00749626;
61;0.025091;
62;0.0158221;
63;0.014456;
64;0.0202357;
65;0.00038004;
66;0.0212545;
67;0.00663307;
68;0.0131398;
69;0.0184882;
70;0.00680811;
71;0.0170972;
72;0.0116391;
73;0.0128211;
74;0.012391;
75;0.0143067;
76;0.0118463;
77;0.00861715;
78;0.0170079;
79;0.0148059;
80;0.0088336;
81;0.0140662;
82;0.0206877;
83;0.00518316;
84;0.0201461;
85;0.0183207;
86;0.0117542;
87;0.0307121;
88;0.00671332;
89;0.0197098;
90;0.0308354;
91;0.020984;
92;0.0175822;
93;0.0176186;
94;0.0398367;
95;0.00786204;
96;0.00681602;
97;0.0447359;
98;0.0209334;
99;0.0213155;
100;0.0306826;
101;0.036112;
102;0.0272123;
103;0.00625666;
104;0.0384484;
105;0.0252947;
106;0.0262571;
107;0.0255155;
108;0.0229111;
109;0.0402878;
110;0.0061667;
111;0.0193288;
112;0.0359175;
113;0.0207643;
114;0.0100186;
115;0.0200327;
116;0.03086;
117;0.00325379;
118;0.0100519;
119;0.0281243;
120;0.0105332;
121;0.0106718;
122;0.0247464;
123;0.00873547;
124;0.00458416;
125;0.0293007;
126;0.00747147;
127;0.00709178;
128;0.0266312;
129;0.0201679;
130;0.0148494;
131;0.01061;
132;0.0288781;
133;0.0186182;
134;0.0132733;
135;0.0277957;
136;0.0213575;
137;0.0273116;
138;0.0194826;
139;0.0227238;
140;0.0260158;
141;0.0152324;
142;0.0218124;
143;0.0145212;
144;0.0166443;
145;0.0199111;
146;0.0131506;
147;0.0118344;
148;0.0150516;
149;0.0160209;
150;0.00355071;
151;0.00842036;
152;0.0111437;
153;0.00721686;
154;0.0143576;
155;0.0125853;
156;0.00445816;
157;0.0184743;
158;0.0208093;
159;0.0169519;
160;0.00968986;
161;0.0247774;
162;0.0335135;
163;0.0101893;
164;0.0223004;
165;0.037244;
166;0.0310693;
167;0.0125673;
168;0.0238297;
169;0.041231;
170;0.010424;
171;0.00430534;
172;0.0350431;
173;0.0227509;
174;0.0135353;
175;0.0193967;
176;0.0252493;
177;0.0119815;
178;0.0169952;
179;0.0189633;
180;0.00520343;
181;0.0181736;
182;0.0233285;
183;0.0140083;
184;0.00366575;
185;0.0311676;
186;0.0123077;
187;0.0196412;
188;0.0268561;
189;0.0140494;
190;0.0341704;
191;0.0150247;
192;0.0285405;
193;0.0279891;
194;0.0151767;
195;0.0327255;
196;0.00588381;
197;0.0163641;
198;0.0232625;
199;0.0174153;
200;0.0073761;
201;0.0144591;
202;0.0220262;
203;0.0114936;
204;0.0204043;
205;0.0196326;
206;0.0176958;
207;0.0238924;
208;0.0369057;
209;0.0101236;
210;0.0196881;
211;0.0466704;
212;0.0141091;
213;0.0115782;
214;0.0355482;
215;0.0289978;
216;0.0124179;
217;0.0132829;
218;0.0289501;
219;0.014956;
220;0.00572949;
221;0.0169169;
222;0.00744174;
223;0.00721844;
224;0.0174818;
225;0.0112257;
226;0.0122422;
227;0.0208806;
228;0.0219573;
229;0.0197526;
230;0.0202473;
231;0.0203861;
232;0.0186621;
233;0.0282723;
234;0.0134198;
235;0.0131527;
236;0.0279816;
237;0.0175764;
238;0.00773849;
239;0.0196122;
240;0.0167122;
241;0.0024751;
242;0.0290146;
243;0.0173478;
244;0.0101179;
245;0.0308137;
246;0.0359076;
247;0.0142407;
248;0.0109356;
249;0.0454479;
250;0.0182114;
251;0.015431;
252;0.0348362;
253;0.0215842;
254;0.0254173;
255;0.0171357;
256;0.0159189;
257;0.0148779;
258;0.019939;
259;0.00878088;
260;0.021858;
261;0.0159389;
262;0.0205077;
263;0.0299633;
264;0.0128023;
265;0.0285394;
266;0.0161745;
267;0.0266235;
268;0.0284592;
269;0.00744006;
270;0.0230979;
271;0.0206466;
272;0.018677;
273;0.0160428;
274;0.0156758;
275;0.00980475;
276;0.0284658;
277;0.0294795;
278;0.0142091;
279;0.0242835;
280;0.036024;
281;0.0276783;
282;0.00637137;
283;0.0252209;
284;0.0267852;
285;0.0141699;
286;0.00686828;
287;0.0150062;
288;0.00699063;
289;0.0095508;
290;0.00987329;
291;0.0196791;
292;0.0128479;
293;0.0230404;
294;0.0320698;
295;0.0236519;
296;0.0283253;
297;0.0189512;
298;0.0300354;
299;0.0207861;
300;0.0142709;
301;0.0220413;
302;0.00709058;
303;0.0249594;
304;0.0278111;
305;0.0131664;
306;0.00968538;
307;0.0422841;
308;0.0242015;
309;0.021816;
310;0.0358576;
311;0.0248901;
312;0.0315912;
313;0.0152913;
314;0.0130374;
315;0.0166458;
316;0.0157169;
317;0.00533405;
318;0.0231387;
319;0.018179;
320;0.0155073;
321;0.0298363;
322;0.0232083;
323;0.0224154;
324;0.0131862;
325;0.0245824;
326;0.0244233;
327;0.00739884;
328;0.0167988;
329;0.0150933;
330;0.0118849;
331;0.0325488;
332;0.0235541;
333;0.0143978;
334;0.0363138;
335;0.0378208;
336;0.0189367;
337;0.0157559;
338;0.0299822;
339;0.00696963;
340;0.00763209;
341;0.0140025;
342;0.0202807;
343;0.00555788;
344;0.024357;
345;0.0288144;
346;0.0236314;
347;0.0234388;
348;0.0154421;
349;0.0393244;
350;0.00975723;
351;0.00941227;
352;0.0315891;
353;0.00458096;
354;0.0191745;
355;0.0409633;
356;0.0133607;
357;0.0182057;
358;0.0510879;
359;0.017845;
360;0.0134655;
361;0.0312762;
362;0.0073994;
363;0.00275899;
364;0.0176749;
365;0.0138146;
366;0.0188079;
367;0.0202935;
368;0.0257153;
369;0.0290816;
370;0.0150965;
371;0.0156233;
372;0.0219501;
373;0.020897;
374;0.0168889;
375;0.0137872;
376;0.0114549;
377;0.0311978;
378;0.0302137;
379;0.0321465;
380;0.0230775;
381;0.032706;
382;0.0341372;
383;0.0077058;
384;0.0160171;
385;0.0218028;
386;0.0192274;
387;0.0177934;
388;0.043332;
389;0.0234173;
390;0.025632;
391;0.0380901;
392;0.0184377;
393;0.0157111;
394;0.0297365;
395;0.0082459;
396;0.00195786;
397;0.0430819;
398;0.0259222;
399;0.0146558;
400;0.0284233;
401;0.029131;
402;0.0151457;
403;0.00647459;
404;0.00966869;
405;0.00227959;
406;0.0137316;
407;0.0217079;
408;0.0242473;
409;0.030231;
410;0.0200847;
411;0.0260666;
412;0.0320888;
413;0.0110823;
414;0.0189091;
415;0.0259085;
416;0.0324385;
417;0.0398669;
418;0.045372;
419;0.0257838;
420;0.0353496;
421;0.0338618;
422;0.0215902;
423;0.0186301;
424;0.0341883;
425;0.0368461;
426;0.0302807;
427;0.0497714;
428;0.0270021;
429;0.0134954;
430;0.0354957;
431;0.0120924;
432;0.0197668;
433;0.051701;
434;0.0255194;
435;0.0269846;
436;0.0482617;
437;0.0179368;
438;0.0165188;
439;0.0246118;
440;0.00909622;
441;0.0360446;
442;0.0323744;
443;0.0262228;
444;0.0282393;
445;0.00912514;
446;0.0155613;
447;0.0119047;
448;0.0284716;
449;0.0282097;
450;0.0230622;
451;0.0276202;
452;0.0381818;
453;0.00682174;
454;0.0236714;
455;0.0178351;
456;0.0176548;
457;0.0352968;
458;0.0238236;
459;0.0207132;
460;0.0114151;
461;0.0165403;
462;0.00575709;
463;0.018231;
464;0.0138477;
465;0.0222458;
466;0.0109412;
467;0.0213469;
468;0.0235755;
469;0.0165767;
470;0.0149678;
471;0.00706298;
472;0.0215362;
473;0.0336971;
474;0.00966527;
475;0.00515005;
476;0.0166424;
477;0.0163728;
478;0.00771915;
479;0.0200559;
480;0.0184754;
481;0.0142698;
482;0.0200826;
483;0.00762194;
484;0.0311669;
485;0.0185947;
486;0.0138716;
487;0.0163431;
488;0.0342367;
489;0.0192791;
490;0.0208419;
491;0.0132625;
492;0.00501675;
493;0.0186677;
494;0.0167396;
495;0.0173064;
496;0.0110399;
497;0.00817834;
498;0.00538275;
499;0.013022;
500;0.0237805;
501;0.0206604;
502;0.0123113;
503;0.019947;
504;0.0225662;
505;0.0227147;
506;0.0230708;
507;0.00419009;
508;0.0020833;
509;0.0304153;
510;0.00578311;
511;0.0230354;
512;0.00319176;
513;0.0186408;
514;0.010988;
515;0.0190153;
516;0.0265223;
517;0.0310905;
518;0.0029789;
519;0.00951165;
520;0.025053;
521;0.0223007;
522;0.0232013;
523;0.00645041;
524;0.0146067;
525;0.0124984;
526;0.00824079;
527;0.00981295;
528;0.0144311;
529;0.0220081;
530;0.0035675;
531;0.0115015;
532;0.0298577;
533;0.0235274;
534;0.0125299;
535;0.0166152;
536;0.0277563;
537;0.0157205;
538;0.0297015;
539;0.00906705;
540;0.0133364;
541;0.00434608;
542;0.0207607;
543;0.0159578;
544;0.0282581;
545;0.0149196;
546;0.0170227;
547;0.0138184;
548;0.0113367;
549;0.0322446;
550;0.0252218;
551;0.00409362;
552;0.0113751;
553;0.011373;
554;0.0151928;
555;0.0103241;
556;0.023232;
557;0.0114278;
558;0.0106049;
559;0.0204708;
560;0.0131499;
561;0.0229691;
562;0.0355238;
563;0.00602719;
564;0.00598593;
565;0.0359147;
566;0.0111338;
567;0.017474;
568;0.0122926;
569;0.0233315;
570;0.00489102;
571;0.0181829;
572;0.0163578;
573;0.0220441;
574;0.0171174;
575;0.0132518;
576;0.0149955;
577;0.030361;
578;0.0228776;
579;0.0097103;
580;0.0126167;
581;0.011244;
582;0.0128399;
583;0.0259297;
584;0.00797818;
585;0.0238608;
586;0.0129807;
587;0.0144725;
588;0.0130569;
589;0.0368498;
590;0.0227251;
591;0.0244471;
592;0.0162306;
593;0.00476546;
594;0.0186126;
595;0.0245074;
596;0.0206984;
597;0.0112652;
598;0.00807523;
599;0.0110013;
600;0.00372099;
601;0.0237003;
602;0.0309917;
603;0.0220028;
604;0.0125739;
605;0.00812799;
606;0.0103605;
607;0.0319387;
608;0.0116977;
609;0.0212821;
610;0.0137739;
611;0.0138247;
612;0.0138986;
613;0.0145217;
614;0.0355377;
615;0.0293417;
616;0.00555112;
617;0.0154098;
618;0.0212634;
619;0.0169175;
620;0.0266258;
621;0.0111409;
622;0.0150028;
623;0.00228711;
624;0.00466207;
625;0.00883073;
626;0.0238816;
627;0.0359839;
628;0.00567624;
629;0.00518069;
630;0.0237117;
631;0.0208685;
632;0.0206201;
633;0.0241466;
634;0.021518;
635;0.00885796;
636;0.0103359;
637;0.00944189;
638;0.0296233;
639;0.0262186;
640;0.0274266;
641;0.0129909;
642;0.0136446;
643;0.00992876;
644;0.0252272;
645;0.0199505;
646;0.0145613;
647;0.0125334;
648;0.00193194;
649;0.00517754;
650;0.0141992;
651;0.0332921;
652;0.0257299;
653;0.021271;
654;0.017828;
655;0.00213812;
656;0.023885;
657;0.0241261;
658;0.0250869;
659;0.00949019;
660;0.0140641;
661;0.0181698;
662;0.00944036;
663;0.0163502;
664;0.0379953;
665;0.0182916;
666;0.00768644;
667;0.00621553;
668;0.00907586;
669;0.0225015;
670;0.0141135;
671;0.0214095;
672;0.00870244;
673;0.0243719;
674;0.0101912;
675;0.0105174;
676;0.0342272;
677;0.0311267;
678;0.00749882;
679;0.0206359;
680;0.0108519;
681;0.0155128;
682;0.0202993;
683;0.00866932;
684;0.0233932;
685;0.0223648;
686;0.0200417;
687;0.00512049;
688;0.0184948;
689;0.0269424;
690;0.0136884;
691;0.0182014;
692;0.00826446;
693;0.0238966;
694;0.00177252;
695;0.0108794;
696;0.0187625;
697;0.0340808;
698;0.0180248;
699;0.0301456;
700;0.0144013;
701;0.0110896;
702;0.0141045;
703;0.0205249;
704;0.013875;
705;0.0242088;
706;0.0158129;
707;0.0104993;
708;0.00936472;
709;0.0172629;
710;0.0273833;
711;0.0283622;
712;0.0157612;
713;0.00774991;
714;0.0112363;
715;0.0155977;
716;0.00515169;
717;0.0331386;
718;0.0139408;
719;0.0286232;
720;0.0265543;
721;0.00665233;
722;0.00955197;
723;0.028775;
724;0.00759679;
725;0.0135913;
726;0.015135;
727;0.0224738;
728;0.0130415;
729;0.0119659;
730;0.0170141;
731;0.0178372;
732;0.0370199;
733;0.0105123;
734;0.0172928;
735;0.0120936;
736;0.0156655;
737;0.00968592;
738;0.0196042;
739;0.0293307;
740;0.0342531;
741;0.00704586;
742;0.0165173;
743;0.00911089;
744;0.0190663;
745;0.0192722;
746;0.0135869;
747;0.0122676;
748;0.0199111;
749;0.0276137;
750;0.00247593;
751;0.00824493;
752;0.032571;
753;0.0183157;
754;0.0219188;
755;0.0208399;
756;0.0243468;
757;0.0115364;
758;0.00624472;
759;0.0104273;
760;0.0288609;
761;0.0289399;
762;0.0282907;
763;0.0107593;
764;0.00367878;
765;0.00772684;
766;0.0105206;
767;0.0180142;
768;0.0160963;
769;0.029936;
770;0.0209589;
771;0.0281966;
772;0.0121736;
773;0.0236399;
774;0.011807;
775;0.0207785;
776;0.00292078;
777;0.0335558;
778;0.0190282;
779;0.0204543;
780;0.0162689;
781;0.00672576;
782;0.0171015;
783;0.0275784;
784;0.0228379;
785;0.0064269;
786;0.0185203;
787;0.013136;
788;0.0224812;
789;0.017035;
790;0.0245396;
791;0.0195453;
792;0.0353919;
793;0.0103927;
794;0.0251899;
795;0.00854591;
796;0.0120916;
797;0.0114821;
798;0.0093559;
799;0.0277541;
800;0.0332642;
801;0.0203894;
802;0.00766712;
803;0.0131665;
804;0.00787869;
805;0.0169844;
806;0.0209582;
807;0.0166808;
808;0.0213194;
809;0.0434635;
810;0.0104113;
811;0.0130715;
812;0.015747;
813;0.0121222;
814;0.00437776;
815;0.0163724;
816;0.0277406;
817;0.0272243;
818;0.0241768;
819;0.0152987;
820;0.00900258;
821;0.0180368;
822;0.0139195;
823;0.0140031;
824;0.0166497;
825;0.0260903;
826;0.0408909;
827;0.00726765;
828;0.0176556;
829;0.0136216;
830;0.0164564;
831;0.0166353;
832;0.0151598;
833;0.0174755;
834;0.0235756;
835;0.0319976;
836;0.0167511;
837;0.0060653;
838;0.0193406;
839;0.0129285;
840;0.0111115;
841;0.0228144;
842;0.0270007;
843;0.0325893;
844;0.0120359;
845;0.0304338;
846;0.00752658;
847;0.0143938;
848;0.0161916;
849;0.00986212;
850;0.0106098;
851;0.0266914;
852;0.033782;
853;0.0154338;
854;0.0198573;
855;0.0112838;
856;0.017996;
857;0.016582;
858;0.0180391;
859;0.0175396;
860;0.031823;
861;0.023506;
862;0.0365128;
863;0.00834362;
864;0.000940422;
865;0.00236823;
866;0.0151921;
867;0.013391;
868;0.0212524;
869;0.0265878;
870;0.0215295;
871;0.0383347;
872;0.00883353;
873;0.0136984;
874;0.0105885;
875;0.0165083;
876;0.00620175;
877;0.0310282;
878;0.0232699;
879;0.0334646;
880;0.0231234;
881;0.0204218;
882;0.0112669;
883;0.00914306;
884;0.00370671;
885;0.0113596;
886;0.0208762;
887;0.0229298;
888;0.0409381;
889;0.0161515;
890;0.0191077;
891;0.0192142;
892;0.0272201;
893;0.0153578;
894;0.00917947;
895;0.00776596;
896;0.0271991;
897;0.0292722;
898;0.020188;
899;0.0127997;
900;0.0192241;
901;0.0283444;
902;0.0281155;
903;0.00666137;
904;0.00986857;
905;0.0205235;
906;0.0235363;
907;0.0231733;
908;0.0173643;
909;0.0222171;
910;0.0372769;
911;0.0263089;
912;0.0187174;
913;0.004177;
914;0.00300032;
915;0.012879;
916;0.00541076;
917;0.0187887;
918;0.0259122;
919;0.0372111;
920;0.0202378;
921;0.0360064;
922;0.00202909;
923;0.0211148;
924;0.016396;
925;0.0150543;
926;0.00753723;
927;0.0250379;
928;0.020273;
929;0.0194735;
930;0.0250955;
931;0.0185832;
932;0.0317024;
933;0.0267405;
934;0.0213337;
935;0.0245287;
936;0.0188464;
937;0.00354738;
938;0.0126881;
939;0.0118753;
940;0.0253675;
941;0.0313312;
942;0.0278189;
943;0.0286962;
944;0.026173;
945;0.0141304;
946;0.0203762;
947;0.00752007;
948;0.020836;
949;0.0138473;
950;0.0264387;
951;0.0196519;
952;0.0272284;
953;0.00731608;
954;0.0353471;
955;0.0259289;
956;0.0303113;
957;0.0283606;
958;0.0202125;
959;0.0106998;
960;0.00472149;
961;0.0052403;
962;0.0157191;
963;0.0218959;
964;0.021992;
965;0.036477;
966;0.028532;
967;0.0159264;
968;0.0335969;
969;0.0245551;
970;0.0298625;
971;0.024688;
972;0.0164015;
973;0.00711375;
974;0.00939731;
975;0.00915159;
976;0.00917887;
977;0.0256295;
978;0.0215157;
979;0.0425122;
980;0.0221227;
981;0.0297491;
982;0.0248364;
983;0.029248;
984;0.0292716;
985;0.0251065;
986;0.0169317;
987;0.00285953;
988;0.0110323;
989;0.0116914;
990;0.00513941;
991;0.0188766;
992;0.0295308;
993;0.0380508;
994;0.0164756;
995;0.0386696;
996;0.0166377;
997;0.033318;
998;0.0309799;
999;0.0336446;
1000;0.0213271;
1001;0.00569078;
1002;0.00404822;
1003;0.0211362;
1004;0.0024038;
1005;0.00245737;
1006;0.0303599;
1007;0.0244131;
1008;0.018804;
1009;0.0347371;
1010;0.0161306;
1011;0.0331691;
1012;0.0345323;
1013;0.042881;
1014;0.0279806;
1015;0.0165044;
1016;0.0220432;
1017;0.0346365;
1018;0.0168287;
1019;0.025091;
1020;0.0147238;
1021;0.0157261;
1022;0.0131629;
1023;0.0134658;
1024;0.0148766;
1025;0.0187504;
1026;0.029551;
1027;0.0359838;
1028;0.0254407;
1029;0.0184118;
1030;0.0386061;
1031;0.0386373;
1032;0.0370043;
1033;0.0462219;
1034;0.021689;
1035;0.0376447;
1036;0.0132685;
1037;0.0373835;
1038;0.031748;
1039;0.0181358;
1040;0.00293174;
1041;0.00336796;
1042;0.0138288;
1043;0.0146387;
1044;0.0174145;
1045;0.00703223;
1046;0.0241137;
1047;0.0306483;
1048;0.0209407;
1049;0.0238712;
1050;0.0198785;
1051;0.0483829;
1052;0.0408305;
1053;0.0341784;
1054;0.0285159;
1055;0.0376419;
1056;0.0525222;
1057;0.0513898;
1058;0.0337207;
1059;0.0540728;
1060;0.0280916;
1061;0.0525265;
1062;0.0405144;
1063;0.0539629;
1064;0.043577;
1065;0.025261;
1066;0.0337889;
1067;0.0460236;
1068;0.0399892;
1069;0.0376416;
1070;0.0251345;
1071;0.034203;
1072;0.0287908;
1073;0.0273153;
1074;0.0440226;
1075;0.0161019;
1076;0.022927;
1077;0.00521824;
1078;0.0270194;
1079;0.0296132;
1080;0.0159083;
1081;0.00426927;
1082;0.0156494;
1083;0.0161536;
1084;0.0269186;
1085;0.0132963;
1086;0.0193077;
1087;0.00826933;
1088;0.0202085;
1089;0.0130384;
1090;0.0131343;
1091;0.0134516;
1092;0.00690741;
1093;0.00787932;
1094;0.0167952;
1095;0.00819947;
1096;0.00720538;
1097;0.0237428;
1098;0.0115217;
1099;0.0127444;
1100;0.0117527;
1101;0.0182166;
1102;0.0130051;
1103;0.00751043;
1104;0.00996289;
1105;0.00338962;
1106;0.0129268;
1107;0.0109044;
1108;0.0192977;
1109;0.0061832;
1110;0.00680427;
1111;0.0223682;
1112;0.0182468;
1113;0.00194114;
1114;0.00600685;
1115;0.0179117;
1116;0.00434752;
1117;0.0129879;
1118;0.00523329;
1119;0.00589308;
1120;0.0156446;
1121;0.0163144;
1122;0.0156974;
1123;0.00997484;
1124;0.0163447;
1125;0.0138409;
1126;0.0173162;
1127;0.00319659;
1128;0.00809065;
1129;0.00980665;
1130;0.0065004;
1131;0.0173307;
1132;0.0113685;
1133;0.00227763;
1134;0.0133905;
1135;0.0246149;
1136;0.00911535;
1137;0.00436492;
1138;0.0159796;
1139;0.0135264;
1140;0.010964;
1141;0.00488385;
1142;0.0114206;
1143;0.0040482;
1144;0.015883;
1145;0.0142905;
1146;0.0181604;
1147;0.00949693;
1148;0.0111649;
1149;0.0210829;
1150;0.0125443;
1151;0.00696039;
1152;0.00363232;
1153;0.0129041;
1154;0.00788292;
1155;0.018185;
1156;0.00461816;
1157;0.00382173;
1158;0.0212898;
1159;0.0178005;
1160;0.0127689;
1161;0.00808928;
1162;0.0165444;
1163;0.00852601;
1164;0.0131388;
1165;0.00698692;
1166;0.0110161;
1167;0.00822691;
1168;0.0095176;
1169;0.0223805;
1170;0.0138812;
1171;0.00410614;
1172;0.0137011;
1173;0.0222232;
1174;0.00449462;
1175;0.00640111;
1176;0.00942725;
1177;0.00574064;
1178;0.0155398;
1179;0.0130636;
1180;0.0119624;
1181;0.0092876;
1182;0.0192814;
1183;0.01526;
1184;0.0167405;
1185;0.00697549;
1186;0.00908191;
1187;0.0127784;
1188;0.00748178;
1189;0.0148189;
1190;0.00879404;
1191;0.00481757;
1192;0.0129848;
1193;0.0248237;
1194;0.00892538;
1195;0.00318584;
1196;0.0169152;
1197;0.0155733;
1198;0.0100111;
1199;0.00551222;
1200;0.0110675;
1201;0.00317273;
1202;0.0165286;
1203;0.0134102;
1204;0.0189122;
1205;0.00943789;
1206;0.0115032;
1207;0.0194041;
1208;0.0148551;
1209;0.00657563;
1210;0.00245238;
1211;0.0116225;
1212;0.00568821;
1213;0.0208209;
1214;0.00805962;
1215;0.00531469;
1216;0.0180738;
1217;0.020377;
1218;0.0124978;
1219;0.00770873;
1220;0.0133287;
1221;0.00539312;
1222;0.0136207;
1223;0.00703788;
1224;0.0167269;
1225;0.0059652;
1226;0.0097398;
1227;0.0203681;
1228;0.0205685;
1229;0.000976693;
1230;0.00392876;
1231;0.0180832;
1232;0.00672151;
1233;0.0136175;
1234;0.00524615;
1235;0.00761871;
1236;0.0119891;
1237;0.0204384;
1238;0.0145894;
1239;0.0128874;
1240;0.0133793;
1241;0.0117133;
1242;0.0161863;
1243;0.0052636;
1244;0.012655;
1245;0.00245071;
1246;0.00816512;
1247;0.0148584;
1248;0.0232672;
1249;0.00557049;
1250;0.00264597;
1251;0.020498;
1252;0.0156927;
1253;0.00957843;
1254;0.00264691;
1255;0.0115186;
1256;0.00344632;
1257;0.0172958;
1258;0.0130586;
1259;0.0174937;
1260;0.0105411;
1261;0.0125743;
1262;0.0193826;
1263;0.0141641;
1264;0.00710203;
1265;0.00294724;
1266;0.010797;
1267;0.00628706;
1268;0.0218038;
1269;0.00948546;
1270;0.00514145;
1271;0.0170016;
1272;0.0207708;
1273;0.0115285;
1274;0.00795604;
1275;0.0110661;
1276;0.00485281;
1277;0.0129831;
1278;0.00956897;
1279;0.0191377;
1280;0.0088606;
1281;0.00956574;
1282;0.0175924;
1283;0.0219353;
1284;0.00184758;
1285;0.00377408;
1286;0.0117698;
1287;0.00579977;
1288;0.016607;
1289;0.0132502;
1290;0.00963693;
1291;0.0097569;
1292;0.0212526;
1293;0.0142365;
1294;0.0158018;
1295;0.00609172;
1296;0.00997462;
1297;0.0094298;
1298;0.00896395;
1299;0.0169197;
1300;0.0149508;
1301;0.00366149;
1302;0.0103853;
1303;0.025499;
1304;0.0115755;
1305;0.00652769;
1306;0.00758725;
1307;0.0128816;
1308;0.00877598;
1309;0.0153253;
1310;0.0118638;
1311;0.0115464;
1312;0.0152321;
1313;0.0144894;
1314;0.0209495;
1315;0.00968484;
1316;0.00852401;
1317;0.00470847;
1318;0.0121088;
1319;0.00963514;
1320;0.0201193;
1321;0.00542883;
1322;0.00265729;
1323;0.0205328;
1324;0.0197653;
1325;0.0105615;
1326;0.00492311;
1327;0.0125726;
1328;0.00285938;
1329;0.0143147;
1330;0.0106036;
1331;0.0187391;
1332;0.00865218;
1333;0.0110381;
1334;0.0182251;
1335;0.0203969;
1336;0.00118352;
1337;0.00522517;
1338;0.0102035;
1339;0.00319343;
1340;0.0192925;
1341;0.0149595;
1342;0.0100381;
1343;0.0103544;
1344;0.0209113;
1345;0.0126118;
1346;0.0151447;
1347;0.00368107;
1348;0.010597;
1349;0.00678987;
1350;0.00942725;
1351;0.0197619;
1352;0.0187794;
1353;0.00237817;
1354;0.00778079;
1355;0.0228366;
1356;0.0103612;
1357;0.0106761;
1358;0.00185569;
1359;0.00949247;
1360;0.00921521;
1361;0.0194637;
1362;0.0150461;
1363;0.0159013;
1364;0.0110457;
1365;0.0116562;
1366;0.0163879;
1367;0.00969789;
1368;0.0120696;
1369;0.00836309;
1370;0.00502299;
1371;0.0101007;
1372;0.0254379;
1373;0.0130918;
1374;0.00624733;
1375;0.0111075;
1376;0.0164755;
1377;0.00767542;
1378;0.0128042;
1379;0.0101243;
1380;0.0116525;
1381;0.012498;
1382;0.0137738;
1383;0.0224831;
1384;0.0141803;
1385;0.00589534;
1386;0.00442864;
1387;0.0144559;
1388;0.00517038;
1389;0.0201605;
1390;0.00838163;
1391;0.00629029;
1392;0.0165511;
1393;0.0211343;
1394;0.0129028;
1395;0.0107765;
1396;0.00918307;
1397;0.00653581;
1398;0.0112772;
1399;0.00978671;
1400;0.0219145;
1401;0.0138574;
1402;0.00464398;
1403;0.0122503;
1404;0.0222514;
1405;0.00572949;
1406;0.0113328;
1407;0.00349792;
1408;0.00670166;
1409;0.0140876;
1410;0.0200411;
1411;0.0156417;
1412;0.0134903;
1413;0.0119169;
1414;0.00978699;
1415;0.0150304;
1416;0.00646916;
1417;0.016246;
1418;0.00983779;
1419;0.00398842;
1420;0.0130764;
1421;0.0259482;
1422;0.0108243;
1423;0.00712906;
1424;0.00831433;
1425;0.012078;
1426;0.00929065;
1427;0.0156092;
1428;0.0142643;
1429;0.0148607;
1430;0.0123053;
1431;0.0122279;
1432;0.0208848;
1433;0.0111166;
1434;0.00979674;
1435;0.0041047;
1436;0.00742354;
1437;0.00919325;
1438;0.0246965;
1439;0.0130889;
1440;0.00941589;
1441;0.0118331;
1442;0.0165438;
1443;0.00920836;
1444;0.0123418;
1445;0.0105944;
1446;0.0136959;
1447;0.00865456;
1448;0.0113497;
1449;0.0233132;
1450;0.0170984;
1451;0.00337016;
1452;0.00139473;
1453;0.0127728;
1454;0.00279506;
1455;0.0204302;
1456;0.0131217;
1457;0.0122478;
1458;0.0114621;
1459;0.018635;
1460;0.0126613;
1461;0.0152904;
1462;0.00487678;
1463;0.0127484;
1464;0.00457756;
1465;0.00738256;
1466;0.0223103;
1467;0.0215645;
1468;0.00352025;
1469;0.0024834;
1470;0.0165639;
1471;0.0064405;
1472;0.0157189;
1473;0.0110558;
1474;0.0147536;
1475;0.0100171;
1476;0.016593;
1477;0.0148921;
1478;0.0203275;
1479;0.00178668;
1480;0.0107129;
1481;0.00246218;
1482;0.00563655;
1483;0.0176064;
1484;0.0234743;
1485;0.00887072;
1486;0.00600293;
1487;0.0159258;
1488;0.0123618;
1489;0.0121215;
1490;0.0100747;
1491;0.0147678;
1492;0.0113076;
1493;0.0119475;
1494;0.0133021;
1495;0.0239623;
1496;0.0101127;
1497;0.00815561;
1498;0.00152781;
1499;0.00908251;
1500;0.010126;
1501;0.0234572;
1502;0.012829;
1503;0.0123592;
1504;0.0122697;
1505;0.0148529;
1506;0.0112138;
1507;0.011963;
1508;0.0125162;
1509;0.0157192;
1510;0.00538587;
1511;0.00819382;
1512;0.0241376;
1513;0.0175761;
1514;0.00655688;
1515;0.00254003;
1516;0.0106664;
1517;0.00193212;
1518;0.0198195;
1519;0.0154272;
1520;0.0182859;
1521;0.00965814;
1522;0.0126757;
1523;0.00964743;
1524;0.0152599;
1525;0.00730458;
1526;0.0192686;
1527;0.00581011;
1528;0.000899345;
1529;0.0188051;
1530;0.0228216;
1531;0.00890233;
1532;0.00916361;
1533;0.0077927;
1534;0.00763735;
1535;0.0131393;
1536;0.0150585;
1537;0.0212651;
1538;0.0169578;
1539;0.00610672;
1540;0.00500508;
1541;0.0158821;
1542;0.00454763;
1543;0.0196685;
1544;0.0134756;
1545;0.0076409;
1546;0.0106888;
1547;0.0219052;
1548;0.0120992;
1549;0.0150518;
1550;0.00223655;
1551;0.0136753;
1552;0.00498169;
1553;0.0109153;
1554;0.0185025;
1555;0.024583;
1556;0.0053688;
1557;0.0041321;
1558;0.0096269;
1559;0.00883384;
1560;0.0139349;
1561;0.0194794;
1562;0.0138702;
1563;0.0128416;
1564;0.0138932;
1565;0.0120241;
1566;0.0154951;
1567;0.00897647;
1568;0.0154991;
1569;0.0137547;
1570;0.00248435;
1571;0.00890888;
1572;0.0254566;
1573;0.0148243;
1574;0.0104657;
1575;0.00194034;
1576;0.0111807;
1577;0.00484344;
1578;0.0181745;
1579;0.0157539;
1580;0.0225202;
1581;0.00832363;
1582;0.00780077;
1583;0.00753436;
1584;0.0122714;
1585;0.0110095;
1586;0.02277;
1587;0.00994996;
1588;0.00709133;
1589;0.0152274;
1590;0.0180216;
1591;0.0104685;
1592;0.0126706;
1593;0.0106037;
1594;0.0149711;
1595;0.00825434;
1596;0.0107117;
1597;0.0223032;
1598;0.0190526;
1599;0.00523121;
1600;0.00747592;
1601;0.00714538;
1602;0.00191472;
1603;0.0210845;
1604;0.0189503;
1605;0.0169011;
1606;0.0103843;
1607;0.0112986;
1608;0.00424571;
1609;0.0125223;
1610;0.00863707;
1611;0.0241245;
1612;0.0153105;
1613;0.00122906;
1614;0.00912825;
1615;0.0199131;
1616;0.00586322;
1617;0.0163107;
1618;0.0099072;
1619;0.0151253;
1620;0.0102607;
1621;0.0159375;
1622;0.0150053;
1623;0.0198531;
1624;0.00252827;
1625;0.0146839;
1626;0.00318497;
1627;0.00200109;
1628;0.0171551;
1629;0.0251891;
1630;0.0115208;
1631;0.0111717;
1632;0.00569601;
1633;0.0102831;
1634;0.00868157;
1635;0.0146482;
1636;0.0199474;
1637;0.0224835;
1638;0.00324399;
1639;0.00365705;
1640;0.0119767;
1641;0.00802271;
1642;0.0167177;
1643;0.0204901;
1644;0.0124669;
1645;0.0109784;
1646;0.0149282;
1647;0.011686;
1648;0.0137467;
1649;0.00958516;
1650;0.0176273;
1651;0.017006;
1652;0.00320481;
1653;0.00731124;
1654;0.0226341;
1655;0.0139393;
1656;0.0120576;
1657;0.0101539;
1658;0.0107347;
1659;0.00859216;
1660;0.0180847;
1661;0.0154448;
1662;0.0209544;
1663;0.00948242;
1664;0.0113869;
1665;0.00706677;
1666;0.00507434;
1667;0.00947608;
1668;0.0266911;
1669;0.0164245;
1670;0.0113317;
1671;0.00269438;
1672;0.0120832;
1673;0.00256378;
1674;0.0161423;
1675;0.0151957;
1676;0.0248118;
1677;0.0113379;
1678;0.0055474;
1679;0.00465925;
1680;0.0121897;
1681;0.00757581;
1682;0.0239298;
1683;0.0150977;
1684;0.0135059;
1685;0.00888372;
1686;0.0148289;
1687;0.00617787;
1688;0.0143478;
1689;0.0116995;
1690;0.0236708;
1691;0.010742;
1692;0.00227015;
1693;0.0125962;
1694;0.0191752;
1695;0.00554933;
1696;0.0184512;
1697;0.0109802;
1698;0.0149429;
1699;0.0114654;
1700;0.0160207;
1701;0.0134211;
1702;0.0173534;
1703;0.00663978;
1704;0.0195449;
1705;0.00687019;
1706;0.00069711;
1707;0.0168104;
1708;0.0230481;
1709;0.00935448;
1710;0.0139664;
1711;0.00684804;
1712;0.0144828;
1713;0.00932549;
1714;0.0140642;
1715;0.0182468;
1716;0.0218922;
1717;0.00325695;
1718;0.0138621;
1719;0.00326383;
1720;0.0038414;
1721;0.0163184;
1722;0.023918;
1723;0.0139524;
1724;0.0151089;
1725;0.00325462;
1726;0.0132706;
1727;0.0053504;
1728;0.0101412;
1729;0.0196946;
1730;0.0256463;
1731;0.00629878;
1732;0.00962407;
1733;0.00373047;
1734;0.00780478;
1735;0.013134;
1736;0.0215146;
1737;0.0174612;
1738;0.0194724;
1739;0.00193777;
1740;0.0108392;
1741;0.00197898;
1742;0.0063006;
1743;0.0181278;
1744;0.0267808;
1745;0.0112057;
1746;0.00978754;
1747;0.00472233;
1748;0.0106374;
1749;0.00801833;
1750;0.017544;
1751;0.0184001;
1752;0.0240513;
1753;0.00537721;
1754;0.00808245;
1755;0.00342109;
1756;0.00714689;
1757;0.0140712;
1758;0.0259901;
1759;0.0148379;
1760;0.0149074;
1761;0.00457425;
1762;0.0117411;
1763;0.00340571;
1764;0.0125462;
1765;0.0170915;
1766;0.02715;
1767;0.0102538;
1768;0.0063909;
1769;0.00363079;
1770;0.0100267;
1771;0.00847895;
1772;0.0225774;
1773;0.0171045;
1774;0.0205607;
1775;0.00642673;
1776;0.0102602;
1777;0.000478176;
1778;0.00879957;
1779;0.012755;
1780;0.0279425;
1781;0.0155103;
1782;0.010214;
1783;0.00214138;
1784;0.011906;
1785;0.00361579;
1786;0.0174728;
1787;0.0160957;
1788;0.0253577;
1789;0.0123119;
1790;0.00769516;
1791;0.00312213;
1792;0.00748012;
1793;0.00678396;
1794;0.0254013;
1795;0.018735;
1796;0.0162613;
1797;0.00714796;
1798;0.0109908;
1799;0.00671792;
1800;0.010059;
1801;0.0119167;
1802;0.0264419;
1803;0.0187135;
1804;0.00759728;
1805;0.00739715;
1806;0.00786612;
1807;0.00557494;
1808;0.019165;
1809;0.0185251;
1810;0.0201797;
1811;0.0147814;
1812;0.00872149;
1813;0.0132477;
1814;0.00152338;
1815;0.00377885;
1816;0.0230236;
1817;0.0221514;
1818;0.0109757;
1819;0.0126306;
1820;0.00920363;
1821;0.0142858;
1822;0.0103634;
1823;0.0129432;
1824;0.0193723;
1825;0.0200108;
1826;0.00696935;
1827;0.0184049;
1828;0.00803373;
1829;0.00798172;
1830;0.0145068;
1831;0.0201505;
1832;0.0114031;
1833;0.016287;
1834;0.00972978;
1835;0.022462;
1836;0.0111019;
1837;0.0027709;
1838;0.0117304;
1839;0.0201289;
1840;0.00512074;
1841;0.0200986;
1842;0.0148776;
1843;0.0189042;
1844;0.0116615;
1845;0.0116121;
1846;0.00624345;
1847;0.014342;
1848;0.00720982;
1849;0.0253283;
1850;0.0205168;
1851;0.00943195;
1852;0.00563885;
1853;0.0128324;
1854;0.0054184;
1855;0.0141289;
1856;0.0156684;
1857;0.0238467;
1858;0.0214251;
1859;0.00121838;
1860;0.00723092;
1861;0.00563169;
1862;0.00274033;
1863;0.0191483;
1864;0.0239622;
1865;0.0163277;
1866;0.0166379;
1867;0.00391412;
1868;0.0150681;
1869;0.00502662;
1870;0.00661991;
1871;0.018284;
1872;0.0256522;
1873;0.00868856;
1874;0.0160748;
1875;0.00911601;
1876;0.0152409;
1877;0.0107594;
1878;0.0152712;
1879;0.0121929;
1880;0.0193177;
1881;0.00684139;
1882;0.0222244;
1883;0.0183456;
1884;0.00826665;
1885;0.0071108;
1886;0.0166774;
1887;0.0083587;
1888;0.0141244;
1889;0.014522;
1890;0.0232773;
1891;0.0227992;
1892;0.001648;
1893;0.00450252;
1894;0.00824941;
1895;0.00539384;
1896;0.0171362;
1897;0.0241373;
1898;0.0177104;
1899;0.0189354;
1900;0.000897715;
1901;0.0143869;
1902;0.0047096;
1903;0.00501409;
1904;0.0159519;
1905;0.0265845;
1906;0.0115185;
1907;0.0159823;
1908;0.0103679;
1909;0.0168822;
1910;0.0126531;
1911;0.0121985;
1912;0.00986382;
1913;0.018709;
1914;0.00834309;
1915;0.0210846;
1916;0.0225417;
1917;0.0123433;
1918;0.0105815;
1919;0.0112731;
1920;0.00965606;
1921;0.00915375;
1922;0.0135007;
1923;0.0217551;
1924;0.0274232;
1925;0.00792385;
1926;0.0105011;
1927;0.00269049;
1928;0.00903296;
1929;0.0106793;
1930;0.0214432;
1931;0.0162999;
1932;0.0214503;
1933;0.00747953;
1934;0.0193253;
1935;0.0162929;
1936;0.00358323;
1937;0.00649749;
1938;0.0198257;
1939;0.0115763;
1940;0.0145356;
1941;0.0166821;
1942;0.0215087;
1943;0.0235311;
1944;0.0035547;
1945;0.00584538;
1946;0.0060615;
1947;0.00639751;
1948;0.015258;
1949;0.0261973;
1950;0.0172317;
1951;0.0195361;
1952;0.00428446;
1953;0.0167142;
1954;0.0110698;
1955;0.00395495;
1956;0.0101835;
1957;0.0238402;
1958;0.0125312;
1959;0.0164024;
1960;0.0178113;
1961;0.019066;
1962;0.0192196;
1963;0.00649398;
1964;0.00681963;
1965;0.00843687;
1966;0.00753351;
1967;0.0182338;
1968;0.0284644;
1969;0.0157748;
1970;0.0166819;
1971;0.00279216;
1972;0.0154826;
1973;0.0095779;
1974;0.00907209;
1975;0.0122647;
1976;0.0243161;
1977;0.0118399;
1978;0.0177427;
1979;0.0196955;
1980;0.0170667;
1981;0.0164996;
1982;0.00833912;
1983;0.00875481;
1984;0.0071147;
1985;0.00884978;
1986;0.0193008;
1987;0.0296054;
1988;0.0143947;
1989;0.0152567;
1990;0.00527652;
1991;0.0156108;
1992;0.0112747;
1993;0.0116518;
1994;0.0112398;
1995;0.0217507;
1996;0.0105897;
1997;0.019667;
1998;0.02346;
1999;0.016374;
2000;0.0157633;
2001;0.00622209;
2002;0.0105692;
2003;0.00360591;
2004;0.00952245;
2005;0.0183039;
2006;0.029225;
2007;0.0134697;
2008;0.0164155;
2009;0.0117596;
2010;0.0172206;
2011;0.0147709;
2012;0.0106043;
2013;0.00767265;
2014;0.015185;
2015;0.00882222;
2016;0.0208161;
2017;0.0278827;
2018;0.0164441;
2019;0.0169068;
2020;0.000997773;
2021;0.0150483;
2022;0.00794176;
2023;0.0081404;
2024;0.0132802;
2025;0.0249558;
2026;0.0113817;
2027;0.0188465;
2028;0.0202788;
2029;0.0200708;
2030;0.019378;
2031;0.00447675;
2032;0.00887792;
2033;0.00314481;
2034;0.00494384;
2035;0.0177882;
2036;0.0285249;
2037;0.0148636;
2038;0.0185831;
2039;0.0111385;
2040;0.0221158;
2041;0.0186464;
2042;0.00296054;
2043;0.00199108;
2044;0.0131051;
2045;0.00634541;
2046;0.0180351;
2047;0.0253577;
2048;0.0200363;
2049;0.0223871;
2050;0.00560161;
2051;0.0201759;
2052;0.0139921;
2053;0.00322057;
2054;0.00750246;
2055;0.0190372;
2056;0.00853343;
2057;0.015939;
2058;0.0187167;
2059;0.0248759;
2060;0.0267535;
2061;0.00586544;
2062;0.0158861;
2063;0.0081193;
2064;0.010321;
2065;0.0112173;
2066;0.0188607;
2067;0.0100269;
2068;0.0163846;
2069;0.0117009;
2070;0.0272446;
2071;0.0277183;
2072;0.0115091;
2073;0.0133373;
2074;0.00590626;
2075;0.0153371;
2076;0.0104186;
2077;0.0131298;
2078;0.0121968;
2079;0.0199846;
2080;0.00715834;
2081;0.0259631;
2082;0.0254661;
2083;0.0193337;
2084;0.0169174;
2085;0.00583612;
2086;0.0175162;
2087;0.00716537;
2088;0.00317823;
2089;0.0139054;
2090;0.0217305;
2091;0.00646184;
2092;0.0215519;
2093;0.0208443;
2094;0.0265843;
2095;0.0222024;
2096;0.00613915;
2097;0.0171757;
2098;0.00739413;
2099;0.00807449;
2100;0.0128554;
2101;0.0188808;
2102;0.00701923;
2103;0.0167398;
2104;0.0146179;
2105;0.0304533;
2106;0.0256722;
2107;0.0115863;
2108;0.0167908;
2109;0.0115836;
2110;0.0189343;
2111;0.0106242;
2112;0.0101321;
2113;0.0063046;
2114;0.01295;
2115;0.00759789;
2116;0.0284317;
2117;0.025184;
2118;0.0188758;
2119;0.0181768;
2120;0.0149858;
2121;0.0270231;
2122;0.0132653;
2123;0.00435687;
2124;0.00270003;
2125;0.0113421;
2126;0.0041322;
2127;0.0201683;
2128;0.0188885;
2129;0.0231803;
2130;0.0194518;
2131;0.0158106;
2132;0.0302086;
2133;0.0195984;
2134;0.0183982;
2135;0.00705703;
2136;0.0126134;
2137;0.0129777;
2138;0.00620099;
2139;0.00676953;
2140;0.02005;
2141;0.0173182;
2142;0.0118994;
2143;0.0261812;
2144;0.0223202;
2145;0.0291487;
2146;0.0150272;
2147;0.0174439;
2148;0.021911;
2149;0.0116197;
2150;0.0121089;
2151;0.009421;
2152;0.0119134;
2153;0.00342011;
2154;0.0127409;
2155;0.0164164;
2156;0.029746;
2157;0.0173677;
2158;0.019203;
2159;0.024507;
2160;0.0239249;
2161;0.0278858;
2162;0.00763327;
2163;0.0158386;
2164;0.0121203;
2165;0.00786037;
2166;0.00913486;
2167;0.0172626;
2168;0.0105981;
2169;0.011326;
2170;0.0146751;
2171;0.023673;
2172;0.0325814;
2173;0.0153187;
2174;0.0226096;
2175;0.0209799;
2176;0.0263741;
2177;0.0248445;
2178;0.00326423;
2179;0.014149;
2180;0.00649704;
2181;0.00814783;
2182;0.0113621;
2183;0.0189842;
2184;0.00832971;
2185;0.0149125;
2186;0.0136096;
2187;0.0284726;
2188;0.0314667;
2189;0.0151348;
2190;0.0244481;
2191;0.0202264;
2192;0.0304077;
2193;0.0230565;
2194;0.00714132;
2195;0.0154134;
2196;0.008115;
2197;0.0124352;
2198;0.0117089;
2199;0.0149077;
2200;0.00459337;
2201;0.0127515;
2202;0.0112846;
2203;0.0297457;
2204;0.0273963;
2205;0.0164225;
2206;0.0251342;
2207;0.0229026;
2208;0.0352887;
2209;0.0229062;
2210;0.015466;
2211;0.0211007;
2212;0.0165269;
2213;0.0214395;
2214;0.00800349;
2215;0.009603;
2216;0.00439692;
2217;0.00360127;
2218;0.00741181;
2219;0.0238495;
2220;0.0182298;
2221;0.013746;
2222;0.0211019;
2223;0.0240055;
2224;0.0364261;
2225;0.0214709;
2226;0.0235408;
2227;0.0279303;
2228;0.0279317;
2229;0.0322243;
2230;0.0116652;
2231;0.0215283;
2232;0.0198255;
2233;0.0160777;
2234;0.0147803;
2235;0.00637542;
2236;0.0118125;
2237;0.00425092;
2238;0.00465484;
2239;0.0136338;
2240;0.0236368;
2241;0.00936201;
2242;0.0196661;
2243;0.0235624;
2244;0.0288565;
2245;0.0324468;
2246;0.0158537;
2247;0.0331398;
2248;0.0319799;
2249;0.0327737;
2250;0.029485;
2251;0.0180945;
2252;0.035386;
2253;0.0271295;
2254;0.0240204;
2255;0.0170424;
2256;0.0152126;
2257;0.02625;
2258;0.0126126;
2259;0.00726602;
2260;0.00196678;
2261;0.0108091;
2262;0.0103874;
2263;0.0131722;
2264;0.010891;
2265;0.0147236;
2266;0.0136778;
2267;0.0130593;
2268;0.0310748;
2269;0.023757;
2270;0.0259467;
2271;0.0222313;
2272;0.0295931;
2273;0.0431775;
2274;0.0294337;
2275;0.0328974;
2276;0.0305871;
2277;0.040441;
2278;0.046644;
2279;0.0286739;
2280;0.036976;
2281;0.0356836;
2282;0.0435421;
2283;0.0424051;
2284;0.0248699;
2285;0.0392177;
2286;0.0357568;
2287;0.0398525;
2288;0.0331425;
2289;0.0226425;
2290;0.03898;
2291;0.0309891;
2292;0.0316629;
2293;0.0226699;
2294;0.0229387;
2295;0.0357203;
2296;0.0227792;
2297;0.0221261;
2298;0.0149258;
2299;0.0228889;
2300;0.0299786;
2301;0.0128705;
2302;0.0152369;
2303;0.0114607;
2304;0.0207978;
2305;0.0227909;
2306;0.00332209;
2307;0.0134798;
2308;0.0100612;
2309;0.0165721;
2310;0.0154512;
2311;0.00445906;
2312;0.0143434;
2313;0.00858686;
2314;0.0108632;
2315;0.00933285;
2316;0.00909788;
2317;0.0149908;
2318;0.00723535;
2319;0.00487119;
2320;0.00516903;
2321;0.0110167;
2322;0.0147376;
2323;0.00751896;
2324;0.00178086;
2325;0.00251718;
2326;0.0106245;
2327;0.0136529;
2328;0.00926598;
2329;0.00544057;
2330;0.000795207;
2331;0.0084057;
2332;0.0119407;
2333;0.0109283;
2334;0.00866851;
2335;0.00298614;
2336;0.00500397;
2337;0.00974506;
2338;0.0117025;
2339;0.010992;
2340;0.00602386;
2341;0.00115771;
2342;0.00708065;
2343;0.0112941;
2344;0.0122413;
2345;0.00880921;
2346;0.00275422;
2347;0.00387886;
2348;0.00958086;
2349;0.0122595;
2350;0.0108757;
2351;0.00630928;
2352;0.000511691;
2353;0.00669986;
2354;0.0110866;
2355;0.0120019;
2356;0.00934832;
2357;0.00381368;
2358;0.00307137;
2359;0.00889138;
2360;0.012006;
2361;0.0114663;
2362;0.0073378;
2363;0.000965232;
2364;0.00580232;
2365;0.0106887;
2366;0.0122811;
2367;0.0100676;
2368;0.00478756;
2369;0.00199305;
2370;0.00804803;
2371;0.0116767;
2372;0.011756;
2373;0.00828952;
2374;0.00235379;
2375;0.00441773;
2376;0.00978528;
2377;0.0122141;
2378;0.0109387;
2379;0.00632142;
2380;0.000460855;
2381;0.006782;
2382;0.0112194;
2383;0.0122325;
2384;0.00951866;
2385;0.00393644;
2386;0.0028701;
2387;0.00871193;
2388;0.0119312;
2389;0.0115725;
2390;0.00776825;
2391;0.00171209;
2392;0.00499555;
2393;0.0101216;
2394;0.012255;
2395;0.0107319;
2396;0.00598521;
2397;0.000718041;
2398;0.00702923;
2399;0.0113423;
2400;0.0122456;
2401;0.0094659;
2402;0.00386283;
2403;0.00292864;
2404;0.00875798;
2405;0.0119759;
2406;0.0116421;
2407;0.00788613;
2408;0.00187388;
2409;0.00480814;
2410;0.00998299;
2411;0.0122508;
2412;0.010925;
2413;0.00637476;
2414;0.000419767;
2415;0.00657458;
2416;0.0111066;
2417;0.0123552;
2418;0.00993935;
2419;0.00458858;
2420;0.00215824;
2421;0.00817762;
2422;0.0117936;
2423;0.0119506;
2424;0.00863543;
2425;0.00285697;
2426;0.00382603;
2427;0.00931384;
2428;0.0121339;
2429;0.0114534;
2430;0.00745139;
2431;0.00131615;
2432;0.00535381;
2433;0.0104009;
2434;0.012429;
2435;0.0108265;
2436;0.00606419;
2437;0.000602323;
2438;0.00684942;
2439;0.0112027;
2440;0.0123079;
2441;0.00987696;
2442;0.00464459;
2443;0.00198922;
2444;0.00793073;
2445;0.0116604;
2446;0.0120811;
2447;0.00905837;
2448;0.00344421;
2449;0.00324767;
2450;0.00897521;
2451;0.0121556;
2452;0.0118429;
2453;0.00812075;
2454;0.00209017;
2455;0.00458734;
2456;0.00987517;
2457;0.0123352;
2458;0.0112914;
2459;0.0070734;
2460;0.00099021;
2461;0.00558053;
2462;0.0104313;
2463;0.0123732;
2464;0.0108485;
2465;0.00626746;
2466;0.000427374;
2467;0.00650887;
2468;0.0110602;
2469;0.0124894;
2470;0.0103774;
2471;0.0053309;
2472;0.00128273;
2473;0.00741148;
2474;0.0114765;
2475;0.0123196;
2476;0.0097366;
2477;0.00447968;
2478;0.00209318;
2479;0.00797376;
2480;0.0116999;
2481;0.0122059;
2482;0.00933266;
2483;0.00386127;
2484;0.00276922;
2485;0.00859423;
2486;0.0120517;
2487;0.0121468;
2488;0.00885278;
2489;0.00311483;
2490;0.00351929;
2491;0.00909804;
2492;0.0121576;
2493;0.011876;
2494;0.00835963;
2495;0.00260625;
2496;0.00394637;
2497;0.00934971;
2498;0.0122387;
2499;0.0118012;
2500;0.00813237;
2501;0.00223374;
2502;0.00436699;
2503;0.00973115;
2504;0.0124302;
2505;0.011712;
2506;0.00778772;
2507;0.00178531;
2508;0.00475823;
2509;0.00991321;
2510;0.0123803;
2511;0.0115164;
2512;0.00757403;
2513;0.00165679;
2514;0.00484294;
2515;0.00996605;
2516;0.0124416;
2517;0.0115743;
2518;0.00757349;
2519;0.00153545;
2520;0.00501059;
2521;0.0101449;
2522;0.0125337;
2523;0.0115367;
2524;0.00744928;
2525;0.00144163;
2526;0.00503718;
2527;0.010064;
2528;0.0124247;
2529;0.0115085;
2530;0.00756251;
2531;0.001657;
2532;0.00482538;
2533;0.00997034;
2534;0.0124981;
2535;0.0117058;
2536;0.00778657;
2537;0.00180499;
2538;0.0047206;
2539;0.0099264;
2540;0.0124876;
2541;0.0117429;
2542;0.00792205;
2543;0.00208467;
2544;0.00437236;
2545;0.00959606;
2546;0.0123394;
2547;0.0118857;
2548;0.00834105;
2549;0.00262386;
2550;0.00387561;
2551;0.00932952;
2552;0.012363;
2553;0.012153;
2554;0.00874979;
2555;0.00306885;
2556;0.00344634;
2557;0.00898712;
2558;0.0121823;
2559;0.012223;
2560;0.0091291;
2561;0.00372393;
2562;0.00270907;
2563;0.0083679;
2564;0.0119272;
2565;0.0124442;
2566;0.00976165;
2567;0.00455146;
2568;0.00191086;
2569;0.00783116;
2570;0.0117532;
2571;0.0126359;
2572;0.0102625;
2573;0.00527352;
2574;0.00113359;
2575;0.00708089;
2576;0.0112733;
2577;0.0126154;
2578;0.010784;
2579;0.00624397;
2580;0.000450645;
2581;0.00609719;
2582;0.0107599;
2583;0.0127171;
2584;0.0114443;
2585;0.00725115;
2586;0.00124255;
2587;0.00516383;
2588;0.01018;
2589;0.0126083;
2590;0.0118569;
2591;0.00814815;
2592;0.00245586;
2593;0.00391737;
2594;0.00923355;
2595;0.0122817;
2596;0.0122948;
2597;0.00925213;
2598;0.0038947;
2599;0.00251714;
2600;0.00826569;
2601;0.0119723;
2602;0.012679;
2603;0.0102099;
2604;0.00520522;
2605;0.00115515;
2606;0.00707795;
2607;0.0112818;
2608;0.012708;
2609;0.0110299;
2610;0.00666997;
2611;0.000796698;
2612;0.0055331;
2613;0.0103761;
2614;0.012701;
2615;0.0119078;
2616;0.00817125;
2617;0.00242067;
2618;0.00397886;
2619;0.00934471;
2620;0.0124052;
2621;0.0124221;
2622;0.00942243;
2623;0.00417182;
2624;0.00214212;
2625;0.0078324;
2626;0.0116752;
2627;0.0127263;
2628;0.0107206;
2629;0.00612116;
2630;0.000369802;
2631;0.00614798;
2632;0.010808;
2633;0.0128493;
2634;0.0117685;
2635;0.00784184;
2636;0.0020646;
2637;0.00425026;
2638;0.00945812;
2639;0.012404;
2640;0.0124073;
2641;0.0094832;
2642;0.00432794;
2643;0.00194352;
2644;0.00768559;
2645;0.0116624;
2646;0.0128779;
2647;0.0110172;
2648;0.00651517;
2649;0.000552819;
2650;0.00573181;
2651;0.0105067;
2652;0.0127757;
2653;0.0120267;
2654;0.00846838;
2655;0.00297013;
2656;0.00328693;
2657;0.0087026;
2658;0.0121238;
2659;0.0127347;
2660;0.010371;
2661;0.00556435;
2662;0.000680903;
2663;0.00661874;
2664;0.0110855;
2665;0.0129428;
2666;0.0117614;
2667;0.00784417;
2668;0.00215423;
2669;0.00408311;
2670;0.00928828;
2671;0.0123638;
2672;0.0126137;
2673;0.00998079;
2674;0.00505675;
2675;0.00114351;
2676;0.00698518;
2677;0.0112931;
2678;0.0129993;
2679;0.011693;
2680;0.00768073;
2681;0.00192883;
2682;0.00430736;
2683;0.00947373;
2684;0.0124671;
2685;0.0126301;
2686;0.00994937;
2687;0.00504112;
2688;0.00112033;
2689;0.00688999;
2690;0.0111994;
2691;0.0129925;
2692;0.0118356;
2693;0.00797441;
2694;0.00230094;
2695;0.00394287;
2696;0.00923289;
2697;0.0124193;
2698;0.012798;
2699;0.0103154;
2700;0.00555666;
2701;0.000625305;
2702;0.00633674;
2703;0.0108184;
2704;0.0129212;
2705;0.0121589;
2706;0.00867684;
2707;0.00324208;
2708;0.00298222;
2709;0.00850239;
2710;0.0121225;
2711;0.0130251;
2712;0.0110288;
2713;0.0066095;
2714;0.000854806;
2715;0.0052612;
2716;0.0100832;
2717;0.0127161;
2718;0.0125862;
2719;0.00970892;
2720;0.0046952;
2721;0.00144109;
2722;0.00720261;
2723;0.0114238;
2724;0.0131273;
2725;0.011935;
2726;0.00812769;
2727;0.00258088;
2728;0.00355958;
2729;0.00884221;
2730;0.0122154;
2731;0.0129674;
2732;0.0109454;
2733;0.00657589;
2734;0.000852305;
2735;0.00525457;
2736;0.0101425;
2737;0.0128531;
2738;0.0127761;
2739;0.00992416;
2740;0.00493305;
2741;0.00117353;
2742;0.0068969;
2743;0.0111625;
2744;0.0130456;
2745;0.0121716;
2746;0.00873837;
2747;0.00347364;
2748;0.00260895;
2749;0.00809601;
2750;0.0119108;
2751;0.0132048;
2752;0.0116803;
2753;0.00765703;
2754;0.00202094;
2755;0.00408328;
2756;0.00925017;
2757;0.0124513;
2758;0.013036;
2759;0.0109104;
2760;0.00653384;
2761;0.000893206;
2762;0.00514159;
2763;0.0100038;
2764;0.0128103;
2765;0.012948;
2766;0.0103656;
2767;0.00559942;
2768;0.000477896;
2769;0.00622265;
2770;0.0107578;
2771;0.0130432;
2772;0.0126321;
2773;0.0096393;
2774;0.0046987;
2775;0.00129342;
2776;0.00689654;
2777;0.0111692;
2778;0.013178;
2779;0.0124857;
2780;0.00921225;
2781;0.00402897;
2782;0.00203256;
2783;0.00761566;
2784;0.0116312;
2785;0.0132548;
2786;0.0121835;
2787;0.00866526;
2788;0.00343516;
2789;0.00254963;
2790;0.0079523;
2791;0.0118008;
2792;0.0132947;
2793;0.0121086;
2794;0.00846009;
2795;0.0030874;
2796;0.00295835;
2797;0.00835664;
2798;0.0120577;
2799;0.0133208;
2800;0.011921;
2801;0.00816848;
2802;0.00283708;
2803;0.00312025;
2804;0.00839707;
2805;0.0120524;
2806;0.013343;
2807;0.0119892;
2808;0.00823776;
2809;0.00283602;
2810;0.00317931;
2811;0.00851463;
2812;0.0121489;
2813;0.0133682;
2814;0.0119606;
2815;0.00823283;
2816;0.00294011;
2817;0.00298757;
2818;0.00827108;
2819;0.011987;
2820;0.013392;
2821;0.0121884;
2822;0.00858902;
2823;0.00329688;
2824;0.00268707;
2825;0.00809555;
2826;0.0119153;
2827;0.0134066;
2828;0.0123088;
2829;0.00886379;
2830;0.00375453;
2831;0.00213626;
2832;0.00754364;
2833;0.0115612;
2834;0.0133907;
2835;0.0126574;
2836;0.00947988;
2837;0.00446548;
2838;0.00146124;
2839;0.00703321;
2840;0.0112597;
2841;0.0133231;
2842;0.0128585;
2843;0.00998356;
2844;0.00525722;
2845;0.00062397;
2846;0.00611799;
2847;0.0106264;
2848;0.0131636;
2849;0.0132266;
2850;0.0107812;
2851;0.00628468;
2852;0.000663469;
2853;0.00520906;
2854;0.00998794;
2855;0.0128807;
2856;0.013373;
2857;0.0114019;
2858;0.00734649;
2859;0.00196973;
2860;0.00386884;
2861;0.00895231;
2862;0.0124154;
2863;0.013588;
2864;0.0122304;
2865;0.00858991;
2866;0.00336279;
2867;0.00251216;
2868;0.00784822;
2869;0.0117329;
2870;0.0134711;
2871;0.0127729;
2872;0.00977695;
2873;0.00502019;
2874;0.000777318;
2875;0.00628679;
2876;0.0107619;
2877;0.0132902;
2878;0.0133888;
2879;0.0110357;
2880;0.00667747;
2881;0.00116898;
2882;0.00461925;
2883;0.00947981;
2884;0.0126416;
2885;0.0135615;
2886;0.012085;
2887;0.00846408;
2888;0.00332826;
2889;0.00247988;
2890;0.00781919;
2891;0.0117827;
2892;0.0136304;
2893;0.0130286;
2894;0.0101036;
2895;0.00540786;
2896;0.000444172;
2897;0.00579996;
2898;0.0103291;
2899;0.0130687;
2900;0.0135446;
2901;0.0116602;
2902;0.00772223;
2903;0.00241424;
2904;0.00338456;
2905;0.0085555;
2906;0.0122186;
2907;0.0137243;
2908;0.0128288;
2909;0.00971953;
2910;0.00496304;
2911;0.000761259;
2912;0.00613896;
2913;0.0105775;
2914;0.013229;
2915;0.013621;
2916;0.0116612;
2917;0.00767106;
2918;0.002351;
2919;0.00341528;
2920;0.0085379;
2921;0.0121778;
2922;0.0137262;
2923;0.0129498;
2924;0.0100045;
2925;0.0053942;
2926;0.000410428;
2927;0.00568019;
2928;0.0102705;
2929;0.0131491;
2930;0.0138023;
2931;0.0121034;
2932;0.008345;
2933;0.00319151;
2934;0.00252044;
2935;0.00772923;
2936;0.0116417;
2937;0.0136238;
2938;0.0133674;
2939;0.0109161;
2940;0.00665876;
2941;0.00130678;
2942;0.00437385;
2943;0.00928964;
2944;0.0126667;
2945;0.013926;
2946;0.012865;
2947;0.00968515;
2948;0.00494288;
2949;0.000708921;
2950;0.00601827;
2951;0.0104487;
2952;0.0132077;
2953;0.0138433;
2954;0.012232;
2955;0.00861295;
2956;0.00357045;
2957;0.00210487;
2958;0.00738872;
2959;0.011462;
2960;0.0136595;
2961;0.0136516;
2962;0.0114703;
2963;0.00748234;
2964;0.00233373;
2965;0.00326675;
2966;0.00831012;
2967;0.0120669;
2968;0.0139086;
2969;0.013517;
2970;0.0109463;
2971;0.006622;
2972;0.00128757;
2973;0.00430215;
2974;0.00912487;
2975;0.0125069;
2976;0.013941;
2977;0.0132163;
2978;0.0104382;
2979;0.00601992;
2980;0.000693207;
2981;0.00490543;
2982;0.00966013;
2983;0.0128939;
2984;0.014091;
2985;0.0130799;
2986;0.0100484;
2987;0.00549496;
2988;0.00039911;
2989;0.00529496;
2990;0.00987835;
2991;0.0129792;
2992;0.0141085;
2993;0.0130685;
2994;0.00999993;
2995;0.00537607;
2996;0.000302154;
2997;0.00551846;
2998;0.0100675;
2999;0.013068;
3000;0.014092;
3001;0.0130103;
3002;0.0099925;
3003;0.00547945;
3004;0.000351588;
3005;0.00530952;
3006;0.00993756;
3007;0.0130737;
3008;0.0142248;
3009;0.0132194;
3010;0.0102314;
3011;0.00574004;
3012;0.000552657;
3013;0.00495808;
3014;0.00957666;
3015;0.0128096;
3016;0.0141802;
3017;0.0134686;
3018;0.0107556;
3019;0.00643031;
3020;0.00116376;
3021;0.00433541;
3022;0.00912662;
3023;0.0125568;
3024;0.0141436;
3025;0.0136865;
3026;0.0112713;
3027;0.00724522;
3028;0.00218314;
3029;0.00328008;
3030;0.00824716;
3031;0.0120449;
3032;0.0140933;
3033;0.0140842;
3034;0.0120299;
3035;0.00825512;
3036;0.00333543;
3037;0.00209012;
3038;0.0071348;
3039;0.0111988;
3040;0.0137054;
3041;0.0142928;
3042;0.0128552;
3043;0.00957524;
3044;0.00491579;
3045;0.000536275;
3046;0.00575557;
3047;0.0102025;
3048;0.0131959;
3049;0.0143429;
3050;0.0135114;
3051;0.0108277;
3052;0.00665299;
3053;0.00156356;
3054;0.00384152;
3055;0.00868669;
3056;0.012337;
3057;0.0142606;
3058;0.0141878;
3059;0.0121488;
3060;0.00845596;
3061;0.003644;
3062;0.00170762;
3063;0.00674006;
3064;0.0109046;
3065;0.0136192;
3066;0.0144992;
3067;0.0134004;
3068;0.010457;
3069;0.00607577;
3070;0.000910458;
3071;0.00444458;
3072;0.00910957;
3073;0.0125389;
3074;0.0143;
3075;0.0141793;
3076;0.0121931;
3077;0.00858631;
3078;0.00381934;
3079;0.00152753;
3080;0.00663501;
3081;0.0108723;
3082;0.0136448;
3083;0.0145913;
3084;0.0136133;
3085;0.0108701;
3086;0.00673665;
3087;0.00176436;
3088;0.00352502;
3089;0.00832112;
3090;0.0120703;
3091;0.0142577;
3092;0.0145747;
3093;0.0129733;
3094;0.00967769;
3095;0.00514639;
3096;0.000338959;
3097;0.00517897;
3098;0.00963937;
3099;0.0128902;
3100;0.014527;
3101;0.0143306;
3102;0.0123024;
3103;0.00868266;
3104;0.00393704;
3105;0.00135323;
3106;0.00639932;
3107;0.0106251;
3108;0.0134943;
3109;0.0146748;
3110;0.0140438;
3111;0.0116849;
3112;0.00787558;
3113;0.00307209;
3114;0.00218445;
3115;0.00714698;
3116;0.0112289;
3117;0.0138943;
3118;0.0148143;
3119;0.0138992;
3120;0.0112931;
3121;0.0073348;
3122;0.002514;
3123;0.0026797;
3124;0.00751382;
3125;0.011475;
3126;0.0140524;
3127;0.0149074;
3128;0.0139249;
3129;0.0112371;
3130;0.00719902;
3131;0.00233604;
3132;0.0028362;
3133;0.00760075;
3134;0.0114827;
3135;0.0140266;
3136;0.0149221;
3137;0.0140396;
3138;0.0114638;
3139;0.00750004;
3140;0.00264518;
3141;0.00254351;
3142;0.00736299;
3143;0.0113007;
3144;0.0139148;
3145;0.0149258;
3146;0.0142241;
3147;0.0118772;
3148;0.00813429;
3149;0.00342;
3150;0.00174795;
3151;0.00667315;
3152;0.010815;
3153;0.0136808;
3154;0.0149598;
3155;0.0145363;
3156;0.0124804;
3157;0.00902554;
3158;0.00454665;
3159;0.000570442;
3160;0.00549548;
3161;0.009885;
3162;0.0131468;
3163;0.0148949;
3164;0.01494;
3165;0.0133048;
3166;0.0102027;
3167;0.00599452;
3168;0.00117195;
3169;0.00389395;
3170;0.0084848;
3171;0.0121678;
3172;0.0145083;
3173;0.015224;
3174;0.0142301;
3175;0.0116545;
3176;0.00781197;
3177;0.00315369;
3178;0.00188012;
3179;0.00663486;
3180;0.0107096;
3181;0.0136562;
3182;0.0151427;
3183;0.0149837;
3184;0.0131794;
3185;0.00992951;
3186;0.00561042;
3187;0.000763233;
3188;0.00425469;
3189;0.00872069;
3190;0.0122705;
3191;0.0145476;
3192;0.0153128;
3193;0.0144663;
3194;0.0120742;
3195;0.00838029;
3196;0.0037902;
3197;0.00123167;
3198;0.00603903;
3199;0.0102074;
3200;0.0133066;
3201;0.0150437;
3202;0.0152549;
3203;0.0139113;
3204;0.0111282;
3205;0.00717348;
3206;0.00245954;
3207;0.00254579;
3208;0.00724294;
3209;0.0111759;
3210;0.0139505;
3211;0.0153138;
3212;0.0151546;
3213;0.0134959;
3214;0.0104888;
3215;0.00641209;
3216;0.00167273;
3217;0.00329612;
3218;0.00790103;
3219;0.0116968;
3220;0.0143005;
3221;0.0154749;
3222;0.0151353;
3223;0.0133353;
3224;0.0102484;
3225;0.00615602;
3226;0.00145185;
3227;0.00347526;
3228;0.00803784;
3229;0.011809;
3230;0.0144043;
3231;0.0155813;
3232;0.0152546;
3233;0.0134849;
3234;0.0104529;
3235;0.00643629;
3236;0.00180571;
3237;0.00307697;
3238;0.00765111;
3239;0.0115071;
3240;0.0142514;
3241;0.0156193;
3242;0.0155009;
3243;0.0139392;
3244;0.0111035;
3245;0.00725922;
3246;0.00274995;
3247;0.00208351;
3248;0.00670594;
3249;0.0107376;
3250;0.0137697;
3251;0.015505;
3252;0.0157898;
3253;0.014625;
3254;0.0121475;
3255;0.00859747;
3256;0.00428949;
3257;0.000527071;
3258;0.00514089;
3259;0.00940313;
3260;0.0128287;
3261;0.0150839;
3262;0.0159583;
3263;0.0153901;
3264;0.0134609;
3265;0.0103677;
3266;0.00638891;
3267;0.00186948;
3268;0.00289072;
3269;0.00737998;
3270;0.0112518;
3271;0.0141366;
3272;0.0157624;
3273;0.0159901;
3274;0.0148246;
3275;0.0123979;
3276;0.00893719;
3277;0.00473471;
3278;0.000319127;
3279;0.00455403;
3280;0.00884545;
3281;0.0123992;
3282;0.0148862;
3283;0.0160839;
3284;0.0159038;
3285;0.014391;
3286;0.0117003;
3287;0.00806478;
3288;0.00377428;
3289;0.000908895;
3290;0.00545468;
3291;0.0096107;
3292;0.0129759;
3293;0.0152501;
3294;0.0162445;
3295;0.0158992;
3296;0.0142743;
3297;0.011523;
3298;0.00786564;
3299;0.00357819;
3300;0.00107198;
3301;0.00559732;
3302;0.00971519;
3303;0.0130468;
3304;0.01531;
3305;0.016333;
3306;0.0160629;
3307;0.0145508;
3308;0.0119278;
3309;0.00838733;
3310;0.00418291;
3311;0.000459169;
3312;0.0049551;
3313;0.00913304;
3314;0.0125851;
3315;0.0150368;
3316;0.0163173;
3317;0.0163598;
3318;0.0151854;
3319;0.0128854;
3320;0.00961457;
3321;0.00559717;
3322;0.00114184;
3323;0.00346239;
3324;0.0077668;
3325;0.0114651;
3326;0.0142822;
3327;0.0160336;
3328;0.0166206;
3329;0.0160159;
3330;0.0142559;
3331;0.0114461;
3332;0.00777313;
3333;0.00350838;
3334;0.00105205;
3335;0.00547055;
3336;0.00947939;
3337;0.0127868;
3338;0.0151842;
3339;0.016527;
3340;0.0167256;
3341;0.0157496;
3342;0.0136442;
3343;0.0105469;
3344;0.00668805;
3345;0.00237236;
3346;0.00211805;
3347;0.00639178;
3348;0.0102194;
3349;0.0133592;
3350;0.0156134;
3351;0.0168227;
3352;0.0168824;
3353;0.0157676;
3354;0.0135529;
3355;0.0104097;
3356;0.006582;
3357;0.00235511;
3358;0.0020553;
3359;0.0062735;
3360;0.0101127;
3361;0.0133167;
3362;0.0156587;
3363;0.0169596;
3364;0.0171194;
3365;0.0161363;
3366;0.0141027;
3367;0.0111804;
3368;0.00757065;
3369;0.00349588;
3370;0.000874712;
3371;0.00513016;
3372;0.00912143;
3373;0.0125411;
3374;0.0151473;
3375;0.0167688;
3376;0.0173215;
3377;0.0168024;
3378;0.015269;
3379;0.0128187;
3380;0.00958376;
3381;0.00573951;
3382;0.00152033;
3383;0.00284195;
3384;0.00699854;
3385;0.0107054;
3386;0.0137375;
3387;0.0159364;
3388;0.0172012;
3389;0.0174734;
3390;0.0167298;
3391;0.0149913;
3392;0.0123417;
3393;0.00893851;
3394;0.00500544;
3395;0.00082909;
3396;0.00343979;
3397;0.00743478;
3398;0.0110093;
3399;0.0139816;
3400;0.016188;
3401;0.0174866;
3402;0.01778;
3403;0.0170398;
3404;0.0153198;
3405;0.0127462;
3406;0.00949098;
3407;0.00574382;
3408;0.00170691;
3409;0.00249025;
3410;0.00653728;
3411;0.0102613;
3412;0.0134303;
3413;0.0158494;
3414;0.0173845;
3415;0.0179737;
3416;0.017618;
3417;0.016359;
3418;0.0142628;
3419;0.0114188;
3420;0.00795351;
3421;0.00404304;
3422;0.000218145;
3423;0.00422769;
3424;0.0080999;
3425;0.0115306;
3426;0.0143693;
3427;0.0165014;
3428;0.0178331;
3429;0.0182873;
3430;0.0178176;
3431;0.0164309;
3432;0.0142013;
3433;0.0112655;
3434;0.00779888;
3435;0.00398798;
3436;0.000280024;
3437;0.00401464;
3438;0.00784114;
3439;0.0113252;
3440;0.0142783;
3441;0.0165347;
3442;0.0179777;
3443;0.0185539;
3444;0.0182674;
3445;0.0171593;
3446;0.0152877;
3447;0.0127223;
3448;0.0095565;
3449;0.0059232;
3450;0.00200283;
3451;0.00202807;
3452;0.00591737;
3453;0.00951528;
3454;0.0126782;
3455;0.0152963;
3456;0.0172743;
3457;0.0185219;
3458;0.0189631;
3459;0.018558;
3460;0.0173226;
3461;0.0153317;
3462;0.0127024;
3463;0.00956804;
3464;0.00605858;
3465;0.00230275;
3466;0.00160951;
3467;0.00544735;
3468;0.00908722;
3469;0.0123443;
3470;0.015068;
3471;0.0171541;
3472;0.0185461;
3473;0.019219;
3474;0.0191602;
3475;0.0183619;
3476;0.016832;
3477;0.0146141;
3478;0.0118003;
3479;0.00852585;
3480;0.00494799;
3481;0.00123343;
3482;0.00256898;
3483;0.00623308;
3484;0.00969967;
3485;0.0128364;
3486;0.0155067;
3487;0.0175876;
3488;0.0189934;
3489;0.0196881;
3490;0.0196783;
3491;0.0189922;
3492;0.0176609;
3493;0.0157153;
3494;0.0131997;
3495;0.0101912;
3496;0.0068069;
3497;0.00319463;
3498;0.000556115;
3499;0.00416441;
3500;0.0076566;
3501;0.0109099;
3502;0.0138333;
3503;0.016325;
3504;0.0182805;
3505;0.0196145;
3506;0.0202823;
3507;0.0202844;
3508;0.0196539;
3509;0.0184336;
3510;0.0166607;
3511;0.0143697;
3512;0.0116095;
3513;0.0084607;
3514;0.00503881;
3515;0.00148517;
3516;0.0021158;
3517;0.0055945;
3518;0.00890856;
3519;0.0119853;
3520;0.0147466;
3521;0.0171012;
3522;0.0189567;
3523;0.0202435;
3524;0.0209313;
3525;0.0210283;
3526;0.0205641;
3527;0.0195682;
3528;0.0180597;
3529;0.0160562;
3530;0.0135935;
3531;0.0107404;
3532;0.00759715;
3533;0.0042775;
3534;0.000903351;
3535;0.00253801;
3536;0.0058709;
3537;0.00908954;
3538;0.012114;
3539;0.0148505;
3540;0.0172066;
3541;0.0191131;
3542;0.0205371;
3543;0.0214754;
3544;0.0219356;
3545;0.0219166;
3546;0.0214051;
3547;0.0203895;
3548;0.0188808;
3549;0.0169245;
3550;0.014594;
3551;0.01197;
3552;0.0091196;
3553;0.00608934;
3554;0.00291812;
3555;0.000389336;
3556;0.00364355;
3557;0.00685589;
3558;0.00990602;
3559;0.0127246;
3560;0.0152732;
3561;0.017533;
3562;0.0194845;
3563;0.0210918;
3564;0.0223055;
3565;0.0230804;
3566;0.023397;
3567;0.0232681;
3568;0.0227296;
3569;0.0218181;
3570;0.0205544;
3571;0.0189429;
3572;0.016988;
3573;0.0147145;
3574;0.0121759;
3575;0.00944482;
3576;0.00659167;
3577;0.00366683;
3578;0.000716245;
3579;0.00232672;
3580;0.00532396;
3581;0.00826872;
3582;0.0110888;
3583;0.0137205;
3584;0.0161245;
3585;0.0182895;
3586;0.0202179;
3587;0.0219044;
3588;0.0233237;
3589;0.0244361;
3590;0.0252074;
3591;0.0256274;
3592;0.0257143;
3593;0.0255016;
3594;0.0250162;
3595;0.0242641;
3596;0.0232346;
3597;0.0219186;
3598;0.0203279;
3599;0.0185009;
3600;0.0164901;
3601;0.0143404;
3602;0.0120742;
3603;0.00969267;
3604;0.00719457;
3605;0.00459579;
3606;0.00193747;
3607;0.000745136;
3608;0.00336868;
3609;0.00594016;
3610;0.00845552;
3611;0.0109238;
3612;0.0133405;
3613;0.0156775;
3614;0.017893;
3615;0.0199519;
3616;0.0218424;
3617;0.0235779;
3618;0.0251805;
3619;0.0266603;
3620;0.0280045;
3621;0.0291843;
3622;0.0301756;
3623;0.0309761;
3624;0.0316083;
3625;0.032105;
3626;0.0324876;
3627;0.0327541;
3628;0.0328846;
3629;0.0328608;
3630;0.0326844;
3631;0.0323815;
3632;0.0319892;
3633;0.0315346;
3634;0.0310205;
3635;0.0304304;
3636;0.0297463;
3637;0.0289685;
3638;0.0281213;
3639;0.0272412;
3640;0.026356;
3641;0.0254697;
3642;0.024565;
3643;0.0236211;
3644;0.0226338;
3645;0.0216228;
3646;0.0206214;
3647;0.0196562;
3648;0.0187305;
3649;0.0178252;
3650;0.016916;
3651;0.0159934;
3652;0.015072;
3653;0.0141816;
3654;0.0133474;
3655;0.0125723;
3656;0.0118362;
3657;0.0111117;
3658;0.0103849;
3659;0.00966608;
3660;0.00898216;
3661;0.00835772;
3662;0.00779644;
3663;0.00727817;
3664;0.00677385;
3665;0.00626649;
3666;0.00576274;
3667;0.0052876;
3668;0.00486596;
3669;0.00450323;
3670;0.00418034;
3671;0.00386759;
3672;0.00354589;
3673;0.0032192;
3674;0.00291093;
3675;0.00264686;
3676;0.00243494;
3677;0.00225774;
3678;0.00208559;
3679;0.00189812;
3680;0.00169703;
3681;0.00150407;
3682;0.00134614;
3683;0.00123427;
3684;0.00115288;
3685;0.00107246;
3686;0.000972034;
3687;0.000851407;
3688;0.000730055;
3689;0.000635786;
3690;0.000583567;
3691;0.000559396;
3692;0.000533435;
3693;0.000485059;
3694;0.000412717;
3695;0.000332399;
3696;0.000271879;
3697;0.000252145;
3698;0.000259857;
3699;0.000263328;
3700;0.000244026;
3701;0.000200319;
3702;0.000143122;
3703;9.65871e-05;
3704;9.36879e-05;
3705;0.000118949;
3706;0.000135633;
3707;0.000131147;
3708;0.000105662;
3709;6.53771e-05;
3710;2.08898e-05;
3711;2.91783e-05;
3712;6.14358e-05;
3713;7.93794e-05;
3714;8.08264e-05;
3715;6.77586e-05;
3716;4.54265e-05;
3717;2.45843e-05;
3718;2.85319e-05;
3719;4.55768e-05;
3720;5.69778e-05;
3721;5.93367e-05;
3722;5.37634e-05;
3723;4.42011e-05;
3724;3.70883e-05;
3725;3.78322e-05;
3726;4.37859e-05;
3727;4.89816e-05;
3728;5.05347e-05;
3729;4.85119e-05;
3730;4.48546e-05;
3731;4.22393e-05;
3732;4.2285e-05;
3733;4.42822e-05;
3734;4.6321e-05;
3735;4.70862e-05;
3736;4.64355e-05;
3737;4.51175e-05;
3738;4.41412e-05;
3739;4.40735e-05;
3740;4.47231e-05;
3741;4.54644e-05;
3742;4.57902e-05;
3743;4.56e-05;
3744;4.51468e-05;
3745;4.47892e-05;
3746;4.47343e-05;
3747;4.49356e-05;
3748;4.519e-05;
3749;4.53159e-05;
3750;4.52644e-05;
3751;4.51141e-05;
3752;4.49864e-05;
3753;4.49559e-05;
3754;4.50135e-05;
3755;4.50955e-05;
3756;4.51397e-05;
3757;4.51258e-05;
3758;4.50765e-05;
3759;4.50313e-05;
3760;4.5016e-05;
3761;4.50298e-05;
3762;4.50535e-05;
3763;4.50668e-05;
3764;4.50618e-05;
3765;4.50448e-05;
3766;4.50279e-05;
3767;4.50199e-05;
3768;4.50212e-05;
3769;4.50261e-05;
3770;4.50283e-05;
3771;4.50251e-05;
3772;4.50179e-05;
3773;4.50105e-05;
3774;4.50055e-05;
3775;4.50034e-05;
3776;4.50026e-05;
3777;4.50012e-05;
3778;4.49981e-05;
3779;4.49939e-05;
3780;4.49895e-05;
3781;4.49858e-05;
3782;4.49829e-05;
3783;4.49804e-05;
3784;4.49779e-05;
3785;4.49749e-05;
3786;4.49715e-05;
3787;4.49681e-05;
3788;4.49649e-05;
3789;4.49619e-05;
3790;4.4959e-05;
3791;4.49562e-05;
3792;4.49533e-05;
3793;4.49502e-05;
3794;4.49471e-05;
3795;4.49441e-05;
3796;4.49412e-05;
3797;4.49384e-05;
3798;4.49355e-05;
3799;4.49326e-05;
3800;4.49297e-05;
3801;4.49268e-05;
3802;4.4924e-05;
3803;4.49212e-05;
3804;4.49184e-05;
3805;4.49156e-05;
3806;4.49128e-05;
3807;4.491e-05;
3808;4.49072e-05;
3809;4.49045e-05;
3810;4.49018e-05;
3811;4.48991e-05;
3812;4.48964e-05;
3813;4.48937e-05;
3814;4.4891e-05;
3815;4.48883e-05;
3816;4.48857e-05;
3817;4.48831e-05;
3818;4.48805e-05;
3819;4.48779e-05;
3820;4.48753e-05;
3821;4.48727e-05;
3822;4.48702e-05;
3823;4.48676e-05;
3824;4.48651e-05;
3825;4.48626e-05;
3826;4.48601e-05;
3827;4.48576e-05;
3828;4.48552e-05;
3829;4.48527e-05;
3830;4.48503e-05;
3831;4.48478e-05;
3832;4.48454e-05;
3833;4.4843e-05;
3834;4.48407e-05;
3835;4.48383e-05;
3836;4.48359e-05;
3837;4.48336e-05;
3838;4.48313e-05;
3839;4.4829e-05;
3840;4.48267e-05;
3841;4.48244e-05;
3842;4.48221e-05;
3843;4.48199e-05;
3844;4.48176e-05;
3845;4.48154e-05;
3846;4.48132e-05;
3847;4.4811e-05;
3848;4.48089e-05;
3849;4.48067e-05;
3850;4.48045e-05;
3851;4.48024e-05;
3852;4.48003e-05;
3853;4.47982e-05;
3854;4.47961e-05;
3855;4.4794e-05;
3856;4.47919e-05;
3857;4.47899e-05;
3858;4.47879e-05;
3859;4.47858e-05;
3860;4.47838e-05;
3861;4.47819e-05;
3862;4.47799e-05;
3863;4.47779e-05;
3864;4.4776e-05;
3865;4.4774e-05;
3866;4.47721e-05;
3867;4.47702e-05;
3868;4.47683e-05;
3869;4.47664e-05;
3870;4.47646e-05;
3871;4.47627e-05;
3872;4.47609e-05;
3873;4.47591e-05;
3874;4.47573e-05;
3875;4.47555e-05;
3876;4.47537e-05;
3877;4.4752e-05;
3878;4.47502e-05;
3879;4.47485e-05;
3880;4.47468e-05;
3881;4.47451e-05;
3882;4.47434e-05;
3883;4.47417e-05;
3884;4.474e-05;
3885;4.47384e-05;
3886;4.47368e-05;
3887;4.47351e-05;
3888;4.47335e-05;
3889;4.4732e-05;
3890;4.47304e-05;
3891;4.47288e-05;
3892;4.47273e-05;
3893;4.47257e-05;
3894;4.47242e-05;
3895;4.47227e-05;
3896;4.47212e-05;
3897;4.47198e-05;
3898;4.47183e-05;
3899;4.47169e-05;
3900;4.47154e-05;
3901;4.4714e-05;
3902;4.47126e-05;
3903;4.47112e-05;
3904;4.47098e-05;
3905;4.47085e-05;
3906;4.47071e-05;
3907;4.47058e-05;
3908;4.47045e-05;
3909;4.47032e-05;
3910;4.47019e-05;
3911;4.47006e-05;
3912;4.46994e-05;
3913;4.46981e-05;
3914;4.46969e-05;
3915;4.46957e-05;
3916;4.46945e-05;
3917;4.46933e-05;
3918;4.46921e-05;
3919;4.4691e-05;
3920;4.46898e-05;
3921;4.46887e-05;
3922;4.46876e-05;
3923;4.46865e-05;
3924;4.46854e-05;
3925;4.46843e-05;
3926;4.46832e-05;
3927;4.46822e-05;
3928;4.46812e-05;
3929;4.46801e-05;
3930;4.46791e-05;
3931;4.46781e-05;
3932;4.46772e-05;
3933;4.46762e-05;
3934;4.46753e-05;
3935;4.46743e-05;
3936;4.46734e-05;
3937;4.46725e-05;
3938;4.46716e-05;
3939;4.46708e-05;
3940;4.46699e-05;
3941;4.4669e-05;
3942;4.46682e-05;
3943;4.46674e-05;
3944;4.46666e-05;
3945;4.46658e-05;
3946;4.4665e-05;
3947;4.46643e-05;
3948;4.46635e-05;
3949;4.46628e-05;
3950;4.46621e-05;
3951;4.46614e-05;
3952;4.46607e-05;
3953;4.466e-05;
3954;4.46593e-05;
3955;4.46587e-05;
3956;4.46581e-05;
3957;4.46574e-05;
3958;4.46568e-05;
3959;4.46563e-05;
3960;4.46557e-05;
3961;4.46551e-05;
3962;4.46546e-05;
3963;4.4654e-05;
3964;4.46535e-05;
3965;4.4653e-05;
3966;4.46525e-05;
3967;4.4652e-05;
3968;4.46516e-05;
3969;4.46511e-05;
3970;4.46507e-05;
3971;4.46503e-05;
3972;4.46499e-05;
3973;4.46495e-05;
3974;4.46491e-05;
3975;4.46487e-05;
3976;4.46484e-05;
3977;4.46481e-05;
3978;4.46477e-05;
3979;4.46474e-05;
3980;4.46471e-05;
3981;4.46469e-05;
3982;4.46466e-05;
3983;4.46464e-05;
3984;4.46461e-05;
3985;4.46459e-05;
3986;4.46457e-05;
3987;4.46455e-05;
3988;4.46453e-05;
3989;4.46452e-05;
3990;4.4645e-05;
3991;4.46449e-05;
3992;4.46448e-05;
3993;4.46447e-05;
3994;4.46446e-05;
3995;4.46445e-05;
3996;4.46444e-05;
3997;4.46444e-05;
3998;4.46443e-05;
3999;4.46443e-05;
