0;667.398;
1;665.932;
2;658.835;
3;660.444;
4;658.491;
5;656.474;
6;657.891;
7;650.468;
8;656.986;
9;649.377;
10;655.673;
11;653.05;
12;653.72;
13;654.076;
14;650.384;
15;654.171;
16;511.252;
17;653.628;
18;649.292;
19;652.428;
20;651.501;
21;650.242;
22;652.249;
23;645.302;
24;652.215;
25;644.94;
26;651.523;
27;649.15;
28;650.04;
29;650.591;
30;647.074;
31;651.019;
32;501.39;
33;650.747;
34;646.53;
35;649.775;
36;648.949;
37;647.782;
38;649.875;
39;643.009;
40;649.996;
41;642.791;
42;649.44;
43;647.13;
44;648.077;
45;648.683;
46;645.218;
47;649.212;
48;508.34;
49;649.031;
50;644.856;
51;648.14;
52;647.352;
53;646.222;
54;648.349;
55;641.516;
56;648.535;
57;641.361;
58;648.039;
59;645.756;
60;646.73;
61;647.362;
62;643.922;
63;647.939;
64;503.431;
65;647.804;
66;643.65;
67;646.955;
68;646.187;
69;645.076;
70;647.222;
71;640.407;
72;647.444;
73;640.286;
74;646.981;
75;644.714;
76;645.704;
77;646.351;
78;642.925;
79;646.957;
80;511.559;
81;646.848;
82;642.708;
83;646.025;
84;645.269;
85;644.171;
86;646.329;
87;639.525;
88;646.573;
89;639.426;
90;646.131;
91;643.875;
92;644.875;
93;645.531;
94;642.115;
95;646.156;
96;508.001;
97;646.066;
98;641.934;
99;645.26;
100;644.513;
101;643.422;
102;645.588;
103;638.792;
104;645.847;
105;638.708;
106;645.421;
107;643.171;
108;644.179;
109;644.842;
110;641.432;
111;645.481;
112;511.99;
113;645.403;
114;641.277;
115;644.61;
116;643.868;
117;642.784;
118;644.956;
119;638.165;
120;645.226;
121;638.093;
122;644.811;
123;642.567;
124;643.579;
125;644.248;
126;640.843;
127;644.896;
128;503.245;
129;644.828;
130;640.707;
131;644.044;
132;643.308;
133;642.227;
134;644.404;
135;637.618;
136;644.683;
137;637.554;
138;644.276;
139;642.036;
140;643.052;
141;643.725;
142;640.324;
143;644.381;
144;507.358;
145;644.321;
146;640.204;
147;643.544;
148;642.811;
149;641.735;
150;643.914;
151;637.132;
152;644.201;
153;637.075;
154;643.8;
155;641.563;
156;642.583;
157;643.259;
158;639.861;
159;643.921;
160;504.135;
161;643.867;
162;639.753;
163;643.096;
164;642.366;
165;641.292;
166;643.475;
167;636.695;
168;643.767;
169;636.643;
170;643.372;
171;641.137;
172;642.159;
173;642.838;
174;639.443;
175;643.505;
176;513.224;
177;643.456;
178;639.344;
179;642.69;
180;641.962;
181;640.891;
182;643.076;
183;636.298;
184;643.372;
185;636.251;
186;642.982;
187;640.75;
188;641.774;
189;642.454;
190;639.062;
191;643.126;
192;517.854;
193;643.081;
194;638.971;
195;642.319;
196;641.593;
197;640.524;
198;642.711;
199;635.935;
200;643.011;
201;635.892;
202;642.624;
203;640.394;
204;641.42;
205;642.102;
206;638.711;
207;642.777;
208;526.415;
209;642.736;
210;638.628;
211;641.977;
212;641.253;
213;640.185;
214;642.374;
215;635.6;
216;642.677;
217;635.56;
218;642.294;
219;640.065;
220;641.093;
221;641.777;
222;638.387;
223;642.455;
224;512.479;
225;642.416;
226;638.31;
227;641.661;
228;640.938;
229;639.872;
230;642.061;
231;635.289;
232;642.368;
233;635.251;
234;641.987;
235;639.76;
236;640.789;
237;641.474;
238;638.086;
239;642.155;
240;517.678;
241;642.119;
242;638.013;
243;641.366;
244;640.644;
245;639.579;
246;641.77;
247;634.999;
248;642.079;
249;634.964;
250;641.7;
251;639.474;
252;640.505;
253;641.191;
254;637.804;
255;641.874;
256;510.609;
257;641.84;
258;637.736;
259;641.09;
260;640.369;
261;639.305;
262;641.497;
263;634.727;
264;641.808;
265;634.694;
266;641.432;
267;639.207;
268;640.238;
269;640.926;
270;637.54;
271;641.611;
272;512.707;
273;641.579;
274;637.476;
275;640.83;
276;640.111;
277;639.048;
278;641.241;
279;634.472;
280;641.554;
281;634.441;
282;641.179;
283;638.955;
284;639.987;
285;640.676;
286;637.29;
287;641.363;
288;505.742;
289;641.333;
290;637.23;
291;640.586;
292;639.867;
293;638.805;
294;640.999;
295;634.23;
296;641.313;
297;634.201;
298;640.941;
299;638.717;
300;639.75;
301;640.44;
302;637.055;
303;641.128;
304;505.942;
305;641.1;
306;636.998;
307;640.354;
308;639.637;
309;638.575;
310;640.77;
311;634.002;
312;641.086;
313;633.974;
314;640.714;
315;638.492;
316;639.526;
317;640.216;
318;636.832;
319;640.906;
320;510.279;
321;640.879;
322;636.778;
323;640.135;
324;639.418;
325;638.357;
326;640.552;
327;633.785;
328;640.87;
329;633.759;
330;640.5;
331;638.278;
332;639.312;
333;640.003;
334;636.62;
335;640.694;
336;513.007;
337;640.669;
338;636.569;
339;639.926;
340;639.21;
341;638.149;
342;640.346;
343;633.579;
344;640.664;
345;633.554;
346;640.295;
347;638.074;
348;639.109;
349;639.8;
350;636.418;
351;640.493;
352;518.336;
353;640.469;
354;636.369;
355;639.727;
356;639.011;
357;637.952;
358;640.148;
359;633.382;
360;640.468;
361;633.358;
362;640.1;
363;637.88;
364;638.915;
365;639.607;
366;636.225;
367;640.301;
368;514.406;
369;640.277;
370;636.178;
371;639.537;
372;638.822;
373;637.762;
374;639.96;
375;633.194;
376;640.281;
377;633.171;
378;639.914;
379;637.694;
380;638.73;
381;639.422;
382;636.041;
383;640.117;
384;519.256;
385;640.094;
386;635.996;
387;639.355;
388;638.64;
389;637.581;
390;639.779;
391;633.014;
392;640.101;
393;632.992;
394;639.735;
395;637.515;
396;638.552;
397;639.245;
398;635.864;
399;639.94;
400;510.413;
401;639.919;
402;635.821;
403;639.18;
404;638.466;
405;637.408;
406;639.606;
407;632.842;
408;639.929;
409;632.82;
410;639.564;
411;637.344;
412;638.381;
413;639.075;
414;635.694;
415;639.771;
416;524.721;
417;639.75;
418;635.653;
419;639.013;
420;638.299;
421;637.241;
422;639.44;
423;632.676;
424;639.763;
425;632.655;
426;639.399;
427;637.18;
428;638.218;
429;638.911;
430;635.531;
431;639.608;
432;514.229;
433;639.588;
434;635.491;
435;638.851;
436;638.138;
437;637.081;
438;639.279;
439;632.516;
440;639.604;
441;632.496;
442;639.24;
443;637.022;
444;638.06;
445;638.754;
446;635.374;
447;639.452;
448;507.484;
449;639.432;
450;635.336;
451;638.696;
452;637.983;
453;636.926;
454;639.125;
455;632.362;
456;639.45;
457;632.343;
458;639.088;
459;636.869;
460;637.908;
461;638.602;
462;635.222;
463;639.301;
464;517.439;
465;639.282;
466;635.185;
467;638.546;
468;637.833;
469;636.777;
470;638.976;
471;632.214;
472;639.302;
473;632.195;
474;638.94;
475;636.722;
476;637.761;
477;638.455;
478;635.076;
479;639.155;
480;510.447;
481;639.137;
482;635.041;
483;638.402;
484;637.689;
485;636.633;
486;638.833;
487;632.07;
488;639.159;
489;632.053;
490;638.798;
491;636.58;
492;637.619;
493;638.314;
494;634.935;
495;639.014;
496;508.944;
497;638.996;
498;634.9;
499;638.262;
500;637.55;
501;636.494;
502;638.694;
503;631.932;
504;639.021;
505;631.915;
506;638.66;
507;636.443;
508;637.482;
509;638.177;
510;634.798;
511;638.877;
512;511.82;
513;638.861;
514;634.765;
515;638.127;
516;637.415;
517;636.359;
518;638.559;
519;631.797;
520;638.887;
521;631.781;
522;638.527;
523;636.31;
524;637.349;
525;638.044;
526;634.666;
527;638.745;
528;512.939;
529;638.729;
530;634.634;
531;637.996;
532;637.284;
533;636.229;
534;638.429;
535;631.667;
536;638.757;
537;631.651;
538;638.397;
539;636.181;
540;637.22;
541;637.916;
542;634.538;
543;638.617;
544;516.647;
545;638.602;
546;634.506;
547;637.869;
548;637.157;
549;636.102;
550;638.303;
551;631.541;
552;638.631;
553;631.526;
554;638.272;
555;636.056;
556;637.095;
557;637.791;
558;634.413;
559;638.493;
560;519.258;
561;638.478;
562;634.383;
563;637.745;
564;637.034;
565;635.979;
566;638.18;
567;631.419;
568;638.509;
569;631.404;
570;638.15;
571;635.934;
572;636.974;
573;637.67;
574;634.293;
575;638.373;
576;520.039;
577;638.358;
578;634.263;
579;637.626;
580;636.915;
581;635.86;
582;638.061;
583;631.3;
584;638.391;
585;631.286;
586;638.032;
587;635.816;
588;636.856;
589;637.553;
590;634.175;
591;638.256;
592;518.573;
593;638.241;
594;634.147;
595;637.51;
596;636.799;
597;635.744;
598;637.946;
599;631.185;
600;638.275;
601;631.171;
602;637.917;
603;635.702;
604;636.742;
605;637.438;
606;634.061;
607;638.142;
608;513.067;
609;638.128;
610;634.033;
611;637.396;
612;636.686;
613;635.631;
614;637.833;
615;631.073;
616;638.163;
617;631.059;
618;637.806;
619;635.59;
620;636.631;
621;637.327;
622;633.95;
623;638.031;
624;515.722;
625;638.017;
626;633.923;
627;637.286;
628;636.576;
629;635.522;
630;637.724;
631;630.963;
632;638.054;
633;630.95;
634;637.697;
635;635.481;
636;636.522;
637;637.219;
638;633.842;
639;637.923;
640;515.045;
641;637.91;
642;633.816;
643;637.179;
644;636.469;
645;635.415;
646;637.617;
647;630.857;
648;637.948;
649;630.844;
650;637.591;
651;635.376;
652;636.417;
653;637.114;
654;633.737;
655;637.818;
656;517.539;
657;637.805;
658;633.711;
659;637.075;
660;636.365;
661;635.311;
662;637.513;
663;630.753;
664;637.844;
665;630.74;
666;637.488;
667;635.273;
668;636.314;
669;637.011;
670;633.634;
671;637.716;
672;525.134;
673;637.703;
674;633.609;
675;636.973;
676;636.263;
677;635.209;
678;637.412;
679;630.652;
680;637.743;
681;630.639;
682;637.387;
683;635.172;
684;636.213;
685;636.911;
686;633.534;
687;637.616;
688;521.16;
689;637.603;
690;633.51;
691;636.874;
692;636.164;
693;635.11;
694;637.313;
695;630.553;
696;637.645;
697;630.541;
698;637.289;
699;635.074;
700;636.115;
701;636.813;
702;633.437;
703;637.518;
704;518.074;
705;637.506;
706;633.413;
707;636.777;
708;636.067;
709;635.014;
710;637.217;
711;630.457;
712;637.549;
713;630.445;
714;637.193;
715;634.978;
716;636.02;
717;636.717;
718;633.341;
719;637.423;
720;514.785;
721;637.411;
722;633.318;
723;636.682;
724;635.973;
725;634.919;
726;637.122;
727;630.363;
728;637.455;
729;630.351;
730;637.099;
731;634.885;
732;635.926;
733;636.624;
734;633.248;
735;637.33;
736;523.486;
737;637.318;
738;633.225;
739;636.59;
740;635.88;
741;634.827;
742;637.03;
743;630.271;
744;637.363;
745;630.26;
746;637.008;
747;634.793;
748;635.835;
749;636.533;
750;633.157;
751;637.239;
752;525.078;
753;637.228;
754;633.135;
755;636.499;
756;635.79;
757;634.737;
758;636.94;
759;630.181;
760;637.273;
761;630.17;
762;636.918;
763;634.704;
764;635.746;
765;636.444;
766;633.068;
767;637.15;
768;519.147;
769;637.139;
770;633.046;
771;636.411;
772;635.702;
773;634.649;
774;636.852;
775;630.093;
776;637.185;
777;630.082;
778;636.831;
779;634.617;
780;635.659;
781;636.357;
782;632.981;
783;637.063;
784;522.781;
785;637.053;
786;632.96;
787;636.325;
788;635.616;
789;634.563;
790;636.766;
791;630.007;
792;637.1;
793;629.997;
794;636.745;
795;634.531;
796;635.573;
797;636.272;
798;632.896;
799;636.978;
800;527.12;
801;636.968;
802;632.875;
803;636.24;
804;635.531;
805;634.479;
806;636.682;
807;629.923;
808;637.016;
809;629.913;
810;636.661;
811;634.447;
812;635.49;
813;636.188;
814;632.813;
815;636.895;
816;516.156;
817;636.885;
818;632.792;
819;636.157;
820;635.449;
821;634.396;
822;636.6;
823;629.841;
824;636.933;
825;629.831;
826;636.579;
827;634.366;
828;635.408;
829;636.107;
830;632.731;
831;636.814;
832;517.086;
833;636.804;
834;632.711;
835;636.076;
836;635.368;
837;634.315;
838;636.519;
839;629.76;
840;636.853;
841;629.75;
842;636.499;
843;634.285;
844;635.328;
845;636.027;
846;632.652;
847;636.734;
848;517.848;
849;636.724;
850;632.632;
851;635.997;
852;635.288;
853;634.236;
854;636.44;
855;629.681;
856;636.774;
857;629.671;
858;636.42;
859;634.207;
860;635.249;
861;635.948;
862;632.573;
863;636.656;
864;518.335;
865;636.646;
866;632.554;
867;635.919;
868;635.211;
869;634.158;
870;636.362;
871;629.604;
872;636.697;
873;629.594;
874;636.343;
875;634.13;
876;635.172;
877;635.871;
878;632.496;
879;636.579;
880;516.245;
881;636.57;
882;632.478;
883;635.843;
884;635.135;
885;634.082;
886;636.286;
887;629.528;
888;636.621;
889;629.519;
890;636.268;
891;634.054;
892;635.097;
893;635.796;
894;632.421;
895;636.504;
896;522.626;
897;636.495;
898;632.403;
899;635.768;
900;635.06;
901;634.008;
902;636.212;
903;629.454;
904;636.547;
905;629.444;
906;636.194;
907;633.98;
908;635.023;
909;635.722;
910;632.347;
911;636.43;
912;517.935;
913;636.421;
914;632.329;
915;635.695;
916;634.987;
917;633.935;
918;636.139;
919;629.381;
920;636.474;
921;629.371;
922;636.121;
923;633.908;
924;634.95;
925;635.65;
926;632.275;
927;636.358;
928;516.251;
929;636.349;
930;632.257;
931;635.623;
932;634.915;
933;633.863;
934;636.067;
935;629.309;
936;636.402;
937;629.3;
938;636.049;
939;633.836;
940;634.879;
941;635.578;
942;632.204;
943;636.287;
944;515.436;
945;636.278;
946;632.186;
947;635.552;
948;634.844;
949;633.792;
950;635.997;
951;629.239;
952;636.332;
953;629.23;
954;635.979;
955;633.766;
956;634.809;
957;635.509;
958;632.134;
959;636.217;
960;518.803;
961;636.209;
962;632.117;
963;635.483;
964;634.775;
965;633.723;
966;635.928;
967;629.17;
968;636.263;
969;629.161;
970;635.911;
971;633.698;
972;634.741;
973;635.44;
974;632.066;
975;636.149;
976;518.941;
977;636.14;
978;632.049;
979;635.415;
980;634.707;
981;633.655;
982;635.86;
983;629.102;
984;636.195;
985;629.093;
986;635.843;
987;633.63;
988;634.673;
989;635.373;
990;631.999;
991;636.082;
992;515.899;
993;636.074;
994;631.982;
995;635.348;
996;634.64;
997;633.589;
998;635.793;
999;629.035;
1000;636.129;
1001;629.027;
1002;635.777;
1003;633.564;
1004;634.607;
1005;635.307;
1006;631.933;
1007;636.016;
1008;522.875;
1009;636.008;
1010;631.916;
1011;635.282;
1012;634.575;
1013;633.523;
1014;635.728;
1015;628.97;
1016;636.064;
1017;628.962;
1018;635.712;
1019;633.499;
1020;634.542;
1021;635.242;
1022;631.868;
1023;635.951;
1024;520.724;
1025;635.943;
1026;631.852;
1027;635.218;
1028;634.51;
1029;633.459;
1030;635.663;
1031;628.906;
1032;635.999;
1033;628.898;
1034;635.648;
1035;633.435;
1036;634.478;
1037;635.178;
1038;631.804;
1039;635.887;
1040;521.374;
1041;635.88;
1042;631.788;
1043;635.154;
1044;634.447;
1045;633.395;
1046;635.6;
1047;628.843;
1048;635.936;
1049;628.835;
1050;635.585;
1051;633.372;
1052;634.416;
1053;635.115;
1054;631.741;
1055;635.825;
1056;506.594;
1057;635.817;
1058;631.726;
1059;635.092;
1060;634.385;
1061;633.333;
1062;635.538;
1063;628.781;
1064;635.874;
1065;628.773;
1066;635.523;
1067;633.31;
1068;634.354;
1069;635.054;
1070;631.68;
1071;635.763;
1072;520.845;
1073;635.756;
1074;631.665;
1075;635.031;
1076;634.323;
1077;633.272;
1078;635.477;
1079;628.72;
1080;635.813;
1081;628.712;
1082;635.462;
1083;633.249;
1084;634.293;
1085;634.993;
1086;631.619;
1087;635.703;
1088;517.003;
1089;635.695;
1090;631.604;
1091;634.971;
1092;634.263;
1093;633.212;
1094;635.417;
1095;628.66;
1096;635.753;
1097;628.652;
1098;635.402;
1099;633.19;
1100;634.233;
1101;634.933;
1102;631.56;
1103;635.643;
1104;521.338;
1105;635.636;
1106;631.545;
1107;634.911;
1108;634.204;
1109;633.153;
1110;635.358;
1111;628.601;
1112;635.694;
1113;628.593;
1114;635.343;
1115;633.131;
1116;634.175;
1117;634.875;
1118;631.501;
1119;635.585;
1120;520.119;
1121;635.577;
1122;631.487;
1123;634.853;
1124;634.146;
1125;633.095;
1126;635.3;
1127;628.542;
1128;635.637;
1129;628.535;
1130;635.285;
1131;633.073;
1132;634.117;
1133;634.817;
1134;631.443;
1135;635.527;
1136;516.688;
1137;635.52;
1138;631.429;
1139;634.796;
1140;634.088;
1141;633.037;
1142;635.243;
1143;628.485;
1144;635.579;
1145;628.478;
1146;635.229;
1147;633.016;
1148;634.06;
1149;634.76;
1150;631.387;
1151;635.471;
1152;514.692;
1153;635.463;
1154;631.373;
1155;634.739;
1156;634.032;
1157;632.981;
1158;635.186;
1159;628.429;
1160;635.523;
1161;628.422;
1162;635.172;
1163;632.96;
1164;634.004;
1165;634.704;
1166;631.331;
1167;635.415;
1168;526.419;
1169;635.408;
1170;631.317;
1171;634.684;
1172;633.977;
1173;632.926;
1174;635.131;
1175;628.374;
1176;635.468;
1177;628.367;
1178;635.117;
1179;632.905;
1180;633.949;
1181;634.649;
1182;631.276;
1183;635.36;
1184;521.167;
1185;635.353;
1186;631.262;
1187;634.629;
1188;633.922;
1189;632.871;
1190;635.077;
1191;628.319;
1192;635.414;
1193;628.313;
1194;635.063;
1195;632.851;
1196;633.895;
1197;634.595;
1198;631.222;
1199;635.306;
1200;525.43;
1201;635.299;
1202;631.208;
1203;634.575;
1204;633.868;
1205;632.817;
1206;635.023;
1207;628.266;
1208;635.36;
1209;628.259;
1210;635.01;
1211;632.798;
1212;633.842;
1213;634.542;
1214;631.169;
1215;635.253;
1216;512.464;
1217;635.246;
1218;631.155;
1219;634.522;
1220;633.815;
1221;632.765;
1222;634.97;
1223;628.213;
1224;635.307;
1225;628.206;
1226;634.957;
1227;632.745;
1228;633.789;
1229;634.489;
1230;631.116;
1231;635.2;
1232;516.319;
1233;635.194;
1234;631.103;
1235;634.47;
1236;633.763;
1237;632.712;
1238;634.918;
1239;628.161;
1240;635.255;
1241;628.155;
1242;634.905;
1243;632.693;
1244;633.737;
1245;634.438;
1246;631.065;
1247;635.149;
1248;517.399;
1249;635.142;
1250;631.052;
1251;634.419;
1252;633.712;
1253;632.661;
1254;634.867;
1255;628.11;
1256;635.204;
1257;628.103;
1258;634.854;
1259;632.642;
1260;633.686;
1261;634.387;
1262;631.014;
1263;635.098;
1264;499.999;
1265;635.092;
1266;631.001;
1267;634.368;
1268;633.661;
1269;632.611;
1270;634.816;
1271;628.059;
1272;635.154;
1273;628.053;
1274;634.804;
1275;632.592;
1276;633.636;
1277;634.337;
1278;630.964;
1279;635.048;
1280;514.442;
1281;635.042;
1282;630.951;
1283;634.318;
1284;633.611;
1285;632.561;
1286;634.767;
1287;628.01;
1288;635.104;
1289;628.004;
1290;634.754;
1291;632.542;
1292;633.587;
1293;634.287;
1294;630.914;
1295;634.999;
1296;518.154;
1297;634.992;
1298;630.902;
1299;634.269;
1300;633.562;
1301;632.512;
1302;634.718;
1303;627.961;
1304;635.055;
1305;627.955;
1306;634.705;
1307;632.494;
1308;633.538;
1309;634.239;
1310;630.866;
1311;634.95;
1312;521.645;
1313;634.944;
1314;630.854;
1315;634.221;
1316;633.514;
1317;632.464;
1318;634.669;
1319;627.912;
1320;635.007;
1321;627.907;
1322;634.657;
1323;632.446;
1324;633.49;
1325;634.191;
1326;630.818;
1327;634.902;
1328;516.561;
1329;634.896;
1330;630.806;
1331;634.173;
1332;633.466;
1333;632.416;
1334;634.622;
1335;627.865;
1336;634.96;
1337;627.859;
1338;634.61;
1339;632.398;
1340;633.443;
1341;634.143;
1342;630.77;
1343;634.855;
1344;522.233;
1345;634.849;
1346;630.759;
1347;634.126;
1348;633.419;
1349;632.369;
1350;634.575;
1351;627.818;
1352;634.913;
1353;627.812;
1354;634.563;
1355;632.352;
1356;633.396;
1357;634.097;
1358;630.724;
1359;634.808;
1360;523.518;
1361;634.803;
1362;630.712;
1363;634.08;
1364;633.373;
1365;632.323;
1366;634.529;
1367;627.772;
1368;634.867;
1369;627.766;
1370;634.517;
1371;632.306;
1372;633.35;
1373;634.051;
1374;630.678;
1375;634.762;
1376;519.202;
1377;634.757;
1378;630.667;
1379;634.034;
1380;633.327;
1381;632.277;
1382;634.483;
1383;627.726;
1384;634.821;
1385;627.721;
1386;634.472;
1387;632.26;
1388;633.305;
1389;634.006;
1390;630.633;
1391;634.717;
1392;521.832;
1393;634.712;
1394;630.622;
1395;633.989;
1396;633.282;
1397;632.232;
1398;634.438;
1399;627.682;
1400;634.776;
1401;627.676;
1402;634.427;
1403;632.215;
1404;633.26;
1405;633.961;
1406;630.588;
1407;634.673;
1408;519.086;
1409;634.667;
1410;630.577;
1411;633.944;
1412;633.238;
1413;632.188;
1414;634.394;
1415;627.637;
1416;634.732;
1417;627.632;
1418;634.383;
1419;632.171;
1420;633.216;
1421;633.917;
1422;630.544;
1423;634.629;
1424;520.818;
1425;634.623;
1426;630.533;
1427;633.901;
1428;633.194;
1429;632.144;
1430;634.35;
1431;627.594;
1432;634.689;
1433;627.588;
1434;634.339;
1435;632.128;
1436;633.173;
1437;633.874;
1438;630.501;
1439;634.585;
1440;521.545;
1441;634.58;
1442;630.49;
1443;633.857;
1444;633.151;
1445;632.101;
1446;634.307;
1447;627.551;
1448;634.646;
1449;627.545;
1450;634.296;
1451;632.085;
1452;633.13;
1453;633.831;
1454;630.458;
1455;634.543;
1456;521.078;
1457;634.537;
1458;630.447;
1459;633.815;
1460;633.109;
1461;632.058;
1462;634.265;
1463;627.508;
1464;634.603;
1465;627.503;
1466;634.254;
1467;632.043;
1468;633.087;
1469;633.788;
1470;630.416;
1471;634.501;
1472;514.584;
1473;634.495;
1474;630.405;
1475;633.773;
1476;633.067;
1477;632.017;
1478;634.223;
1479;627.466;
1480;634.561;
1481;627.461;
1482;634.212;
1483;632.001;
1484;633.046;
1485;633.747;
1486;630.374;
1487;634.459;
1488;515.767;
1489;634.454;
1490;630.364;
1491;633.731;
1492;633.025;
1493;631.975;
1494;634.181;
1495;627.425;
1496;634.52;
1497;627.42;
1498;634.171;
1499;631.96;
1500;633.005;
1501;633.706;
1502;630.333;
1503;634.418;
1504;527.73;
1505;634.413;
1506;630.323;
1507;633.69;
1508;632.984;
1509;631.934;
1510;634.141;
1511;627.384;
1512;634.479;
1513;627.379;
1514;634.13;
1515;631.919;
1516;632.964;
1517;633.665;
1518;630.293;
1519;634.377;
1520;510.509;
1521;634.372;
1522;630.283;
1523;633.65;
1524;632.944;
1525;631.894;
1526;634.1;
1527;627.344;
1528;634.439;
1529;627.339;
1530;634.09;
1531;631.879;
1532;632.924;
1533;633.625;
1534;630.253;
1535;634.338;
1536;522.904;
1537;634.333;
1538;630.243;
1539;633.61;
1540;632.904;
1541;631.854;
1542;634.061;
1543;627.304;
1544;634.4;
1545;627.299;
1546;634.051;
1547;631.84;
1548;632.885;
1549;633.586;
1550;630.213;
1551;634.298;
1552;523.488;
1553;634.293;
1554;630.203;
1555;633.571;
1556;632.865;
1557;631.815;
1558;634.022;
1559;627.265;
1560;634.361;
1561;627.26;
1562;634.012;
1563;631.801;
1564;632.846;
1565;633.547;
1566;630.174;
1567;634.259;
1568;524.656;
1569;634.254;
1570;630.165;
1571;633.532;
1572;632.826;
1573;631.777;
1574;633.983;
1575;627.227;
1576;634.322;
1577;627.222;
1578;633.973;
1579;631.762;
1580;632.807;
1581;633.508;
1582;630.136;
1583;634.221;
1584;520.367;
1585;634.216;
1586;630.126;
1587;633.494;
1588;632.788;
1589;631.738;
1590;633.945;
1591;627.189;
1592;634.284;
1593;627.184;
1594;633.935;
1595;631.724;
1596;632.769;
1597;633.471;
1598;630.098;
1599;634.183;
1600;527.486;
1601;634.178;
1602;630.089;
1603;633.456;
1604;632.751;
1605;631.701;
1606;633.907;
1607;627.151;
1608;634.246;
1609;627.146;
1610;633.898;
1611;631.687;
1612;632.732;
1613;633.433;
1614;630.061;
1615;634.146;
1616;520.962;
1617;634.141;
1618;630.051;
1619;633.419;
1620;632.713;
1621;631.664;
1622;633.87;
1623;627.114;
1624;634.209;
1625;627.109;
1626;633.861;
1627;631.65;
1628;632.695;
1629;633.396;
1630;630.024;
1631;634.109;
1632;521.901;
1633;634.104;
1634;630.015;
1635;633.383;
1636;632.677;
1637;631.627;
1638;633.833;
1639;627.077;
1640;634.173;
1641;627.073;
1642;633.824;
1643;631.613;
1644;632.658;
1645;633.36;
1646;629.987;
1647;634.073;
1648;526.988;
1649;634.068;
1650;629.978;
1651;633.346;
1652;632.64;
1653;631.591;
1654;633.797;
1655;627.041;
1656;634.137;
1657;627.037;
1658;633.788;
1659;631.577;
1660;632.622;
1661;633.324;
1662;629.952;
1663;634.037;
1664;518.238;
1665;634.032;
1666;629.943;
1667;633.31;
1668;632.605;
1669;631.555;
1670;633.762;
1671;627.005;
1672;634.101;
1673;627.001;
1674;633.753;
1675;631.542;
1676;632.587;
1677;633.288;
1678;629.916;
1679;634.001;
1680;526.943;
1681;633.997;
1682;629.907;
1683;633.275;
1684;632.569;
1685;631.52;
1686;633.726;
1687;626.97;
1688;634.066;
1689;626.966;
1690;633.718;
1691;631.507;
1692;632.552;
1693;633.253;
1694;629.881;
1695;633.966;
1696;521.971;
1697;633.962;
1698;629.872;
1699;633.24;
1700;632.535;
1701;631.485;
1702;633.691;
1703;626.936;
1704;634.031;
1705;626.931;
1706;633.683;
1707;631.472;
1708;632.517;
1709;633.219;
1710;629.847;
1711;633.932;
1712;527.338;
1713;633.927;
1714;629.838;
1715;633.206;
1716;632.5;
1717;631.451;
1718;633.657;
1719;626.901;
1720;633.997;
1721;626.897;
1722;633.649;
1723;631.438;
1724;632.483;
1725;633.185;
1726;629.812;
1727;633.898;
1728;517.746;
1729;633.893;
1730;629.804;
1731;633.172;
1732;632.466;
1733;631.417;
1734;633.623;
1735;626.867;
1736;633.963;
1737;626.863;
1738;633.615;
1739;631.404;
1740;632.449;
1741;633.151;
1742;629.779;
1743;633.864;
1744;520.136;
1745;633.86;
1746;629.77;
1747;633.138;
1748;632.433;
1749;631.383;
1750;633.59;
1751;626.834;
1752;633.929;
1753;626.83;
1754;633.581;
1755;631.371;
1756;632.416;
1757;633.118;
1758;629.745;
1759;633.831;
1760;519.679;
1761;633.827;
1762;629.737;
1763;633.105;
1764;632.4;
1765;631.35;
1766;633.557;
1767;626.801;
1768;633.897;
1769;626.797;
1770;633.549;
1771;631.338;
1772;632.383;
1773;633.085;
1774;629.713;
1775;633.798;
1776;521.719;
1777;633.794;
1778;629.704;
1779;633.073;
1780;632.367;
1781;631.317;
1782;633.524;
1783;626.768;
1784;633.864;
1785;626.764;
1786;633.516;
1787;631.305;
1788;632.351;
1789;633.052;
1790;629.68;
1791;633.766;
1792;525.907;
1793;633.762;
1794;629.672;
1795;633.04;
1796;632.335;
1797;631.285;
1798;633.492;
1799;626.736;
1800;633.832;
1801;626.732;
1802;633.484;
1803;631.273;
1804;632.319;
1805;633.02;
1806;629.648;
1807;633.734;
1808;517.721;
1809;633.73;
1810;629.64;
1811;633.008;
1812;632.303;
1813;631.253;
1814;633.46;
1815;626.704;
1816;633.8;
1817;626.7;
1818;633.452;
1819;631.242;
1820;632.287;
1821;632.989;
1822;629.617;
1823;633.702;
1824;523.089;
1825;633.698;
1826;629.609;
1827;632.977;
1828;632.271;
1829;631.222;
1830;633.429;
1831;626.673;
1832;633.769;
1833;626.669;
1834;633.421;
1835;631.21;
1836;632.256;
1837;632.957;
1838;629.585;
1839;633.671;
1840;513.717;
1841;633.667;
1842;629.578;
1843;632.946;
1844;632.24;
1845;631.191;
1846;633.398;
1847;626.642;
1848;633.738;
1849;626.638;
1850;633.39;
1851;631.179;
1852;632.225;
1853;632.927;
1854;629.555;
1855;633.64;
1856;521.662;
1857;633.636;
1858;629.547;
1859;632.915;
1860;632.21;
1861;631.16;
1862;633.367;
1863;626.611;
1864;633.707;
1865;626.608;
1866;633.36;
1867;631.149;
1868;632.194;
1869;632.896;
1870;629.524;
1871;633.61;
1872;528.449;
1873;633.606;
1874;629.517;
1875;632.885;
1876;632.179;
1877;631.13;
1878;633.337;
1879;626.581;
1880;633.677;
1881;626.577;
1882;633.329;
1883;631.119;
1884;632.164;
1885;632.866;
1886;629.494;
1887;633.58;
1888;517.391;
1889;633.576;
1890;629.487;
1891;632.855;
1892;632.149;
1893;631.1;
1894;633.307;
1895;626.551;
1896;633.647;
1897;626.548;
1898;633.3;
1899;631.089;
1900;632.135;
1901;632.836;
1902;629.465;
1903;633.55;
1904;515.397;
1905;633.546;
1906;629.457;
1907;632.825;
1908;632.12;
1909;631.071;
1910;633.278;
1911;626.522;
1912;633.618;
1913;626.518;
1914;633.27;
1915;631.06;
1916;632.105;
1917;632.807;
1918;629.435;
1919;633.521;
1920;519.265;
1921;633.517;
1922;629.428;
1923;632.796;
1924;632.091;
1925;631.042;
1926;633.248;
1927;626.493;
1928;633.589;
1929;626.489;
1930;633.241;
1931;631.031;
1932;632.076;
1933;632.778;
1934;629.406;
1935;633.492;
1936;525.003;
1937;633.488;
1938;629.399;
1939;632.767;
1940;632.062;
1941;631.013;
1942;633.22;
1943;626.464;
1944;633.56;
1945;626.461;
1946;633.213;
1947;631.002;
1948;632.048;
1949;632.75;
1950;629.378;
1951;633.463;
1952;516.321;
1953;633.46;
1954;629.371;
1955;632.739;
1956;632.034;
1957;630.984;
1958;633.191;
1959;626.436;
1960;633.532;
1961;626.432;
1962;633.184;
1963;630.974;
1964;632.019;
1965;632.721;
1966;629.35;
1967;633.435;
1968;524.532;
1969;633.432;
1970;629.343;
1971;632.711;
1972;632.006;
1973;630.956;
1974;633.163;
1975;626.408;
1976;633.504;
1977;626.404;
1978;633.156;
1979;630.946;
1980;631.992;
1981;632.693;
1982;629.322;
1983;633.407;
1984;520.037;
1985;633.404;
1986;629.315;
1987;632.683;
1988;631.978;
1989;630.929;
1990;633.136;
1991;626.38;
1992;633.476;
1993;626.377;
1994;633.129;
1995;630.918;
1996;631.964;
1997;632.666;
1998;629.294;
1999;633.38;
2000;525.018;
2001;633.376;
2002;629.287;
2003;632.656;
2004;631.95;
2005;630.901;
2006;633.108;
2007;626.353;
2008;633.449;
2009;626.349;
2010;633.102;
2011;630.891;
2012;631.937;
2013;632.639;
2014;629.267;
2015;633.353;
2016;518.24;
2017;633.349;
2018;629.26;
2019;632.629;
2020;631.923;
2021;630.874;
2022;633.081;
2023;626.326;
2024;633.422;
2025;626.323;
2026;633.075;
2027;630.864;
2028;631.91;
2029;632.612;
2030;629.24;
2031;633.326;
2032;519.968;
2033;633.323;
2034;629.234;
2035;632.602;
2036;631.897;
2037;630.848;
2038;633.055;
2039;626.299;
2040;633.395;
2041;626.296;
2042;633.048;
2043;630.838;
2044;631.883;
2045;632.585;
2046;629.214;
2047;633.299;
2048;515.677;
2049;633.296;
2050;629.207;
2051;632.576;
2052;631.87;
2053;630.821;
2054;633.028;
2055;626.273;
2056;633.369;
2057;626.27;
2058;633.022;
2059;630.811;
2060;631.857;
2061;632.559;
2062;629.188;
2063;633.273;
2064;521.101;
2065;633.27;
2066;629.181;
2067;632.55;
2068;631.844;
2069;630.795;
2070;633.002;
2071;626.247;
2072;633.343;
2073;626.244;
2074;632.996;
2075;630.786;
2076;631.831;
2077;632.533;
2078;629.162;
2079;633.247;
2080;521.531;
2081;633.244;
2082;629.155;
2083;632.524;
2084;631.819;
2085;630.77;
2086;632.977;
2087;626.221;
2088;633.317;
2089;626.218;
2090;632.97;
2091;630.76;
2092;631.806;
2093;632.508;
2094;629.136;
2095;633.222;
2096;520.735;
2097;633.219;
2098;629.13;
2099;632.498;
2100;631.793;
2101;630.744;
2102;632.951;
2103;626.196;
2104;633.292;
2105;626.193;
2106;632.945;
2107;630.735;
2108;631.781;
2109;632.483;
2110;629.111;
2111;633.197;
2112;520.51;
2113;633.194;
2114;629.105;
2115;632.473;
2116;631.768;
2117;630.719;
2118;632.926;
2119;626.171;
2120;633.267;
2121;626.168;
2122;632.92;
2123;630.71;
2124;631.756;
2125;632.458;
2126;629.086;
2127;633.172;
2128;518.425;
2129;633.169;
2130;629.08;
2131;632.449;
2132;631.743;
2133;630.694;
2134;632.902;
2135;626.146;
2136;633.242;
2137;626.143;
2138;632.895;
2139;630.685;
2140;631.731;
2141;632.433;
2142;629.062;
2143;633.147;
2144;516.574;
2145;633.144;
2146;629.056;
2147;632.424;
2148;631.719;
2149;630.67;
2150;632.877;
2151;626.122;
2152;633.218;
2153;626.119;
2154;632.871;
2155;630.661;
2156;631.707;
2157;632.409;
2158;629.037;
2159;633.123;
2160;517.86;
2161;633.12;
2162;629.031;
2163;632.4;
2164;631.695;
2165;630.646;
2166;632.853;
2167;626.098;
2168;633.194;
2169;626.095;
2170;632.847;
2171;630.637;
2172;631.683;
2173;632.385;
2174;629.013;
2175;633.099;
2176;518.824;
2177;633.096;
2178;629.007;
2179;632.376;
2180;631.671;
2181;630.622;
2182;632.829;
2183;626.074;
2184;633.17;
2185;626.071;
2186;632.823;
2187;630.613;
2188;631.659;
2189;632.361;
2190;628.99;
2191;633.076;
2192;526.19;
2193;633.073;
2194;628.984;
2195;632.353;
2196;631.647;
2197;630.599;
2198;632.806;
2199;626.051;
2200;633.147;
2201;626.048;
2202;632.8;
2203;630.59;
2204;631.636;
2205;632.338;
2206;628.966;
2207;633.052;
2208;522.989;
2209;633.049;
2210;628.961;
2211;632.329;
2212;631.624;
2213;630.575;
2214;632.783;
2215;626.027;
2216;633.124;
2217;626.025;
2218;632.777;
2219;630.567;
2220;631.613;
2221;632.315;
2222;628.943;
2223;633.029;
2224;527.912;
2225;633.026;
2226;628.938;
2227;632.306;
2228;631.601;
2229;630.552;
2230;632.76;
2231;626.005;
2232;633.101;
2233;626.002;
2234;632.754;
2235;630.544;
2236;631.59;
2237;632.292;
2238;628.921;
2239;633.007;
2240;522.044;
2241;633.004;
2242;628.915;
2243;632.284;
2244;631.579;
2245;630.53;
2246;632.737;
2247;625.982;
2248;633.078;
2249;625.979;
2250;632.732;
2251;630.521;
2252;631.567;
2253;632.27;
2254;628.898;
2255;632.984;
2256;522.557;
2257;632.981;
2258;628.893;
2259;632.261;
2260;631.556;
2261;630.507;
2262;632.715;
2263;625.96;
2264;633.056;
2265;625.957;
2266;632.709;
2267;630.499;
2268;631.545;
2269;632.247;
2270;628.876;
2271;632.962;
2272;517.8;
2273;632.959;
2274;628.87;
2275;632.239;
2276;631.534;
2277;630.485;
2278;632.693;
2279;625.938;
2280;633.034;
2281;625.935;
2282;632.687;
2283;630.477;
2284;631.523;
2285;632.226;
2286;628.854;
2287;632.94;
2288;523.896;
2289;632.937;
2290;628.849;
2291;632.217;
2292;631.512;
2293;630.464;
2294;632.671;
2295;625.916;
2296;633.012;
2297;625.913;
2298;632.666;
2299;630.456;
2300;631.502;
2301;632.204;
2302;628.832;
2303;632.918;
2304;516.882;
2305;632.916;
2306;628.827;
2307;632.196;
2308;631.491;
2309;630.442;
2310;632.65;
2311;625.894;
2312;632.991;
2313;625.892;
2314;632.644;
2315;630.434;
2316;631.48;
2317;632.183;
2318;628.811;
2319;632.897;
2320;521.669;
2321;632.895;
2322;628.806;
2323;632.175;
2324;631.47;
2325;630.421;
2326;632.628;
2327;625.873;
2328;632.97;
2329;625.871;
2330;632.623;
2331;630.413;
2332;631.459;
2333;632.161;
2334;628.79;
2335;632.876;
2336;526.522;
2337;632.874;
2338;628.785;
2339;632.154;
2340;631.449;
2341;630.4;
2342;632.607;
2343;625.852;
2344;632.949;
2345;625.85;
2346;632.602;
2347;630.392;
2348;631.438;
2349;632.141;
2350;628.769;
2351;632.855;
2352;517.004;
2353;632.853;
2354;628.764;
2355;632.133;
2356;631.428;
2357;630.379;
2358;632.587;
2359;625.832;
2360;632.928;
2361;625.829;
2362;632.582;
2363;630.372;
2364;631.418;
2365;632.12;
2366;628.749;
2367;632.835;
2368;519.393;
2369;632.832;
2370;628.744;
2371;632.112;
2372;631.408;
2373;630.359;
2374;632.566;
2375;625.811;
2376;632.908;
2377;625.809;
2378;632.561;
2379;630.351;
2380;631.397;
2381;632.1;
2382;628.729;
2383;632.815;
2384;521.129;
2385;632.812;
2386;628.723;
2387;632.092;
2388;631.387;
2389;630.339;
2390;632.546;
2391;625.791;
2392;632.888;
2393;625.789;
2394;632.541;
2395;630.331;
2396;631.377;
2397;632.08;
2398;628.709;
2399;632.795;
2400;526.235;
2401;632.792;
2402;628.704;
2403;632.072;
2404;631.368;
2405;630.319;
2406;632.526;
2407;625.771;
2408;632.868;
2409;625.769;
2410;632.521;
2411;630.311;
2412;631.358;
2413;632.06;
2414;628.689;
2415;632.775;
2416;522.327;
2417;632.772;
2418;628.684;
2419;632.053;
2420;631.348;
2421;630.299;
2422;632.507;
2423;625.752;
2424;632.848;
2425;625.749;
2426;632.502;
2427;630.292;
2428;631.338;
2429;632.041;
2430;628.669;
2431;632.755;
2432;518.417;
2433;632.753;
2434;628.665;
2435;632.033;
2436;631.329;
2437;630.28;
2438;632.487;
2439;625.732;
2440;632.829;
2441;625.73;
2442;632.483;
2443;630.273;
2444;631.319;
2445;632.021;
2446;628.65;
2447;632.736;
2448;523.065;
2449;632.734;
2450;628.645;
2451;632.014;
2452;631.309;
2453;630.261;
2454;632.468;
2455;625.713;
2456;632.81;
2457;625.711;
2458;632.464;
2459;630.254;
2460;631.3;
2461;632.002;
2462;628.631;
2463;632.717;
2464;519.606;
2465;632.715;
2466;628.626;
2467;631.995;
2468;631.291;
2469;630.242;
2470;632.45;
2471;625.695;
2472;632.791;
2473;625.692;
2474;632.445;
2475;630.235;
2476;631.281;
2477;631.984;
2478;628.612;
2479;632.699;
2480;519.702;
2481;632.696;
2482;628.608;
2483;631.977;
2484;631.272;
2485;630.223;
2486;632.431;
2487;625.676;
2488;632.773;
2489;625.674;
2490;632.426;
2491;630.216;
2492;631.263;
2493;631.965;
2494;628.594;
2495;632.68;
2496;512.051;
2497;632.678;
2498;628.589;
2499;631.958;
2500;631.254;
2501;630.205;
2502;632.413;
2503;625.658;
2504;632.754;
2505;625.655;
2506;632.408;
2507;630.198;
2508;631.245;
2509;631.947;
2510;628.576;
2511;632.662;
2512;522.231;
2513;632.66;
2514;628.571;
2515;631.94;
2516;631.236;
2517;630.187;
2518;632.395;
2519;625.64;
2520;632.736;
2521;625.637;
2522;632.39;
2523;630.18;
2524;631.227;
2525;631.929;
2526;628.558;
2527;632.644;
2528;519.587;
2529;632.642;
2530;628.553;
2531;631.922;
2532;631.218;
2533;630.169;
2534;632.377;
2535;625.622;
2536;632.718;
2537;625.62;
2538;632.372;
2539;630.162;
2540;631.209;
2541;631.911;
2542;628.54;
2543;632.626;
2544;521.606;
2545;632.624;
2546;628.536;
2547;631.905;
2548;631.2;
2549;630.151;
2550;632.359;
2551;625.604;
2552;632.701;
2553;625.602;
2554;632.355;
2555;630.145;
2556;631.191;
2557;631.894;
2558;628.523;
2559;632.609;
2560;521.932;
2561;632.607;
2562;628.518;
2563;631.887;
2564;631.183;
2565;630.134;
2566;632.342;
2567;625.587;
2568;632.683;
2569;625.585;
2570;632.337;
2571;630.128;
2572;631.174;
2573;631.877;
2574;628.505;
2575;632.592;
2576;511.82;
2577;632.59;
2578;628.501;
2579;631.87;
2580;631.166;
2581;630.117;
2582;632.325;
2583;625.57;
2584;632.666;
2585;625.568;
2586;632.32;
2587;630.111;
2588;631.157;
2589;631.86;
2590;628.488;
2591;632.575;
2592;519.875;
2593;632.573;
2594;628.484;
2595;631.853;
2596;631.149;
2597;630.1;
2598;632.308;
2599;625.553;
2600;632.65;
2601;625.551;
2602;632.304;
2603;630.094;
2604;631.14;
2605;631.843;
2606;628.472;
2607;632.558;
2608;513.318;
2609;632.556;
2610;628.468;
2611;631.837;
2612;631.132;
2613;630.083;
2614;632.291;
2615;625.536;
2616;632.633;
2617;625.534;
2618;632.287;
2619;630.077;
2620;631.124;
2621;631.826;
2622;628.455;
2623;632.542;
2624;522.429;
2625;632.539;
2626;628.451;
2627;631.82;
2628;631.116;
2629;630.067;
2630;632.275;
2631;625.52;
2632;632.617;
2633;625.518;
2634;632.271;
2635;630.061;
2636;631.107;
2637;631.81;
2638;628.439;
2639;632.525;
2640;517.484;
2641;632.523;
2642;628.435;
2643;631.804;
2644;631.099;
2645;630.051;
2646;632.259;
2647;625.504;
2648;632.6;
2649;625.502;
2650;632.255;
2651;630.045;
2652;631.091;
2653;631.794;
2654;628.423;
2655;632.509;
2656;524.881;
2657;632.507;
2658;628.419;
2659;631.788;
2660;631.083;
2661;630.035;
2662;632.243;
2663;625.488;
2664;632.585;
2665;625.486;
2666;632.239;
2667;630.029;
2668;631.075;
2669;631.778;
2670;628.407;
2671;632.493;
2672;520.221;
2673;632.491;
2674;628.403;
2675;631.772;
2676;631.068;
2677;630.019;
2678;632.227;
2679;625.472;
2680;632.569;
2681;625.47;
2682;632.223;
2683;630.013;
2684;631.06;
2685;631.762;
2686;628.391;
2687;632.478;
2688;521.881;
2689;632.476;
2690;628.388;
2691;631.757;
2692;631.052;
2693;630.004;
2694;632.211;
2695;625.457;
2696;632.553;
2697;625.455;
2698;632.208;
2699;629.998;
2700;631.044;
2701;631.747;
2702;628.376;
2703;632.462;
2704;523.432;
2705;632.461;
2706;628.372;
2707;631.741;
2708;631.037;
2709;629.988;
2710;632.196;
2711;625.441;
2712;632.538;
2713;625.44;
2714;632.192;
2715;629.983;
2716;631.029;
2717;631.732;
2718;628.361;
2719;632.447;
2720;517.848;
2721;632.445;
2722;628.357;
2723;631.726;
2724;631.022;
2725;629.973;
2726;632.181;
2727;625.426;
2728;632.523;
2729;625.425;
2730;632.177;
2731;629.968;
2732;631.014;
2733;631.717;
2734;628.346;
2735;632.432;
2736;519.089;
2737;632.431;
2738;628.342;
2739;631.711;
2740;631.007;
2741;629.959;
2742;632.166;
2743;625.412;
2744;632.508;
2745;625.41;
2746;632.163;
2747;629.953;
2748;631;
2749;631.702;
2750;628.331;
2751;632.418;
2752;521.982;
2753;632.416;
2754;628.328;
2755;631.697;
2756;630.992;
2757;629.944;
2758;632.152;
2759;625.397;
2760;632.494;
2761;625.395;
2762;632.148;
2763;629.939;
2764;630.985;
2765;631.688;
2766;628.317;
2767;632.403;
2768;522.096;
2769;632.402;
2770;628.313;
2771;631.682;
2772;630.978;
2773;629.93;
2774;632.137;
2775;625.383;
2776;632.48;
2777;625.381;
2778;632.134;
2779;629.924;
2780;630.971;
2781;631.674;
2782;628.303;
2783;632.389;
2784;523.447;
2785;632.387;
2786;628.299;
2787;631.668;
2788;630.964;
2789;629.915;
2790;632.123;
2791;625.369;
2792;632.465;
2793;625.367;
2794;632.12;
2795;629.91;
2796;630.957;
2797;631.659;
2798;628.289;
2799;632.375;
2800;525.989;
2801;632.373;
2802;628.285;
2803;631.654;
2804;630.95;
2805;629.901;
2806;632.109;
2807;625.355;
2808;632.451;
2809;625.353;
2810;632.106;
2811;629.896;
2812;630.943;
2813;631.646;
2814;628.275;
2815;632.361;
2816;524.21;
2817;632.36;
2818;628.271;
2819;631.641;
2820;630.936;
2821;629.888;
2822;632.096;
2823;625.341;
2824;632.438;
2825;625.339;
2826;632.092;
2827;629.883;
2828;630.929;
2829;631.632;
2830;628.261;
2831;632.348;
2832;518.128;
2833;632.346;
2834;628.258;
2835;631.627;
2836;630.923;
2837;629.874;
2838;632.082;
2839;625.328;
2840;632.424;
2841;625.326;
2842;632.079;
2843;629.869;
2844;630.916;
2845;631.619;
2846;628.248;
2847;632.334;
2848;524.3;
2849;632.333;
2850;628.244;
2851;631.614;
2852;630.909;
2853;629.861;
2854;632.069;
2855;625.314;
2856;632.411;
2857;625.313;
2858;632.066;
2859;629.856;
2860;630.903;
2861;631.605;
2862;628.235;
2863;632.321;
2864;530.529;
2865;632.319;
2866;628.231;
2867;631.601;
2868;630.896;
2869;629.848;
2870;632.056;
2871;625.301;
2872;632.398;
2873;625.3;
2874;632.053;
2875;629.843;
2876;630.89;
2877;631.592;
2878;628.222;
2879;632.308;
2880;522.473;
2881;632.307;
2882;628.218;
2883;631.588;
2884;630.883;
2885;629.835;
2886;632.043;
2887;625.288;
2888;632.385;
2889;625.287;
2890;632.04;
2891;629.83;
2892;630.877;
2893;631.58;
2894;628.209;
2895;632.295;
2896;525.046;
2897;632.294;
2898;628.206;
2899;631.575;
2900;630.871;
2901;629.822;
2902;632.03;
2903;625.276;
2904;632.373;
2905;625.274;
2906;632.027;
2907;629.818;
2908;630.864;
2909;631.567;
2910;628.196;
2911;632.283;
2912;521.767;
2913;632.281;
2914;628.193;
2915;631.562;
2916;630.858;
2917;629.81;
2918;632.018;
2919;625.263;
2920;632.36;
2921;625.262;
2922;632.015;
2923;629.805;
2924;630.852;
2925;631.555;
2926;628.184;
2927;632.27;
2928;515.231;
2929;632.269;
2930;628.181;
2931;631.55;
2932;630.846;
2933;629.798;
2934;632.006;
2935;625.251;
2936;632.348;
2937;625.25;
2938;632.003;
2939;629.793;
2940;630.84;
2941;631.543;
2942;628.172;
2943;632.258;
2944;524.317;
2945;632.257;
2946;628.169;
2947;631.538;
2948;630.834;
2949;629.786;
2950;631.994;
2951;625.239;
2952;632.336;
2953;625.238;
2954;631.991;
2955;629.781;
2956;630.828;
2957;631.531;
2958;628.16;
2959;632.246;
2960;521.355;
2961;632.245;
2962;628.157;
2963;631.526;
2964;630.822;
2965;629.774;
2966;631.982;
2967;625.227;
2968;632.324;
2969;625.226;
2970;631.979;
2971;629.769;
2972;630.816;
2973;631.519;
2974;628.148;
2975;632.235;
2976;522.76;
2977;632.233;
2978;628.145;
2979;631.515;
2980;630.81;
2981;629.762;
2982;631.97;
2983;625.216;
2984;632.312;
2985;625.214;
2986;631.967;
2987;629.758;
2988;630.804;
2989;631.507;
2990;628.137;
2991;632.223;
2992;522.219;
2993;632.222;
2994;628.134;
2995;631.503;
2996;630.799;
2997;629.751;
2998;631.959;
2999;625.204;
3000;632.301;
3001;625.203;
3002;631.956;
3003;629.746;
3004;630.793;
3005;631.496;
3006;628.125;
3007;632.212;
3008;523.939;
3009;632.21;
3010;628.122;
3011;631.492;
3012;630.788;
3013;629.739;
3014;631.947;
3015;625.193;
3016;632.29;
3017;625.192;
3018;631.945;
3019;629.735;
3020;630.782;
3021;631.485;
3022;628.114;
3023;632.201;
3024;520.014;
3025;632.199;
3026;628.111;
3027;631.481;
3028;630.776;
3029;629.728;
3030;631.936;
3031;625.182;
3032;632.279;
3033;625.181;
3034;631.934;
3035;629.724;
3036;630.771;
3037;631.474;
3038;628.103;
3039;632.19;
3040;532.13;
3041;632.189;
3042;628.1;
3043;631.47;
3044;630.766;
3045;629.717;
3046;631.926;
3047;625.171;
3048;632.268;
3049;625.17;
3050;631.923;
3051;629.713;
3052;630.76;
3053;631.463;
3054;628.092;
3055;632.179;
3056;539.303;
3057;632.178;
3058;628.09;
3059;631.459;
3060;630.755;
3061;629.707;
3062;631.915;
3063;625.16;
3064;632.257;
3065;625.159;
3066;631.912;
3067;629.703;
3068;630.75;
3069;631.453;
3070;628.082;
3071;632.169;
3072;520.84;
3073;632.167;
3074;628.079;
3075;631.449;
3076;630.744;
3077;629.696;
3078;631.904;
3079;625.15;
3080;632.247;
3081;625.149;
3082;631.902;
3083;629.693;
3084;630.739;
3085;631.442;
3086;628.072;
3087;632.158;
3088;524.873;
3089;632.157;
3090;628.069;
3091;631.438;
3092;630.734;
3093;629.686;
3094;631.894;
3095;625.14;
3096;632.237;
3097;625.139;
3098;631.892;
3099;629.682;
3100;630.729;
3101;631.432;
3102;628.061;
3103;632.148;
3104;524.16;
3105;632.147;
3106;628.059;
3107;631.428;
3108;630.724;
3109;629.676;
3110;631.884;
3111;625.13;
3112;632.227;
3113;625.129;
3114;631.882;
3115;629.672;
3116;630.719;
3117;631.422;
3118;628.052;
3119;632.138;
3120;524.318;
3121;632.137;
3122;628.049;
3123;631.419;
3124;630.714;
3125;629.666;
3126;631.874;
3127;625.12;
3128;632.217;
3129;625.119;
3130;631.872;
3131;629.663;
3132;630.709;
3133;631.412;
3134;628.042;
3135;632.128;
3136;526.815;
3137;632.127;
3138;628.039;
3139;631.409;
3140;630.705;
3141;629.657;
3142;631.865;
3143;625.11;
3144;632.207;
3145;625.109;
3146;631.862;
3147;629.653;
3148;630.7;
3149;631.403;
3150;628.032;
3151;632.119;
3152;529.039;
3153;632.118;
3154;628.03;
3155;631.399;
3156;630.695;
3157;629.647;
3158;631.855;
3159;625.101;
3160;632.198;
3161;625.1;
3162;631.853;
3163;629.644;
3164;630.69;
3165;631.393;
3166;628.023;
3167;632.11;
3168;526.347;
3169;632.108;
3170;628.021;
3171;631.39;
3172;630.686;
3173;629.638;
3174;631.846;
3175;625.092;
3176;632.189;
3177;625.09;
3178;631.844;
3179;629.634;
3180;630.681;
3181;631.384;
3182;628.014;
3183;632.1;
3184;534.113;
3185;632.099;
3186;628.011;
3187;631.381;
3188;630.677;
3189;629.629;
3190;631.837;
3191;625.083;
3192;632.18;
3193;625.081;
3194;631.835;
3195;629.625;
3196;630.672;
3197;631.375;
3198;628.005;
3199;632.091;
3200;524.015;
3201;632.09;
3202;628.002;
3203;631.372;
3204;630.668;
3205;629.62;
3206;631.828;
3207;625.074;
3208;632.171;
3209;625.073;
3210;631.826;
3211;629.617;
3212;630.663;
3213;631.366;
3214;627.996;
3215;632.083;
3216;519.358;
3217;632.082;
3218;627.994;
3219;631.363;
3220;630.659;
3221;629.611;
3222;631.819;
3223;625.065;
3224;632.162;
3225;625.064;
3226;631.817;
3227;629.608;
3228;630.655;
3229;631.358;
3230;627.987;
3231;632.074;
3232;528.29;
3233;632.073;
3234;627.985;
3235;631.355;
3236;630.651;
3237;629.603;
3238;631.811;
3239;625.056;
3240;632.154;
3241;625.055;
3242;631.809;
3243;629.599;
3244;630.646;
3245;631.349;
3246;627.979;
3247;632.066;
3248;524.89;
3249;632.065;
3250;627.977;
3251;631.346;
3252;630.642;
3253;629.594;
3254;631.802;
3255;625.048;
3256;632.145;
3257;625.047;
3258;631.8;
3259;629.591;
3260;630.638;
3261;631.341;
3262;627.971;
3263;632.057;
3264;522.817;
3265;632.056;
3266;627.969;
3267;631.338;
3268;630.634;
3269;629.586;
3270;631.794;
3271;625.04;
3272;632.137;
3273;625.039;
3274;631.792;
3275;629.583;
3276;630.63;
3277;631.333;
3278;627.963;
3279;632.049;
3280;526.57;
3281;632.048;
3282;627.961;
3283;631.33;
3284;630.626;
3285;629.578;
3286;631.786;
3287;625.032;
3288;632.129;
3289;625.031;
3290;631.784;
3291;629.575;
3292;630.622;
3293;631.325;
3294;627.955;
3295;632.042;
3296;524.103;
3297;632.041;
3298;627.953;
3299;631.322;
3300;630.618;
3301;629.57;
3302;631.779;
3303;625.024;
3304;632.122;
3305;625.023;
3306;631.777;
3307;629.567;
3308;630.614;
3309;631.318;
3310;627.947;
3311;632.034;
3312;517.527;
3313;632.033;
3314;627.945;
3315;631.315;
3316;630.611;
3317;629.563;
3318;631.771;
3319;625.017;
3320;632.114;
3321;625.016;
3322;631.769;
3323;629.56;
3324;630.607;
3325;631.31;
3326;627.94;
3327;632.026;
3328;523.94;
3329;632.026;
3330;627.938;
3331;631.307;
3332;630.603;
3333;629.555;
3334;631.764;
3335;625.009;
3336;632.107;
3337;625.008;
3338;631.762;
3339;629.553;
3340;630.6;
3341;631.303;
3342;627.932;
3343;632.019;
3344;526.895;
3345;632.018;
3346;627.93;
3347;631.3;
3348;630.596;
3349;629.548;
3350;631.756;
3351;625.002;
3352;632.099;
3353;625.001;
3354;631.755;
3355;629.545;
3356;630.592;
3357;631.296;
3358;627.925;
3359;632.012;
3360;522.329;
3361;632.011;
3362;627.923;
3363;631.293;
3364;630.589;
3365;629.541;
3366;631.749;
3367;624.995;
3368;632.092;
3369;624.994;
3370;631.748;
3371;629.538;
3372;630.586;
3373;631.289;
3374;627.918;
3375;632.005;
3376;523.717;
3377;632.004;
3378;627.916;
3379;631.286;
3380;630.582;
3381;629.534;
3382;631.743;
3383;624.988;
3384;632.086;
3385;624.987;
3386;631.741;
3387;629.532;
3388;630.579;
3389;631.282;
3390;627.911;
3391;631.998;
3392;513.726;
3393;631.998;
3394;627.91;
3395;631.279;
3396;630.575;
3397;629.528;
3398;631.736;
3399;624.982;
3400;632.079;
3401;624.981;
3402;631.734;
3403;629.525;
3404;630.572;
3405;631.275;
3406;627.905;
3407;631.992;
3408;524.461;
3409;631.991;
3410;627.903;
3411;631.273;
3412;630.569;
3413;629.521;
3414;631.729;
3415;624.975;
3416;632.072;
3417;624.974;
3418;631.728;
3419;629.519;
3420;630.566;
3421;631.269;
3422;627.898;
3423;631.985;
3424;523.22;
3425;631.985;
3426;627.897;
3427;631.267;
3428;630.563;
3429;629.515;
3430;631.723;
3431;624.969;
3432;632.066;
3433;624.968;
3434;631.722;
3435;629.512;
3436;630.559;
3437;631.263;
3438;627.892;
3439;631.979;
3440;519.573;
3441;631.978;
3442;627.891;
3443;631.26;
3444;630.556;
3445;629.509;
3446;631.717;
3447;624.963;
3448;632.06;
3449;624.962;
3450;631.715;
3451;629.506;
3452;630.553;
3453;631.257;
3454;627.886;
3455;631.973;
3456;521.815;
3457;631.972;
3458;627.885;
3459;631.254;
3460;630.55;
3461;629.503;
3462;631.711;
3463;624.957;
3464;632.054;
3465;624.956;
3466;631.71;
3467;629.5;
3468;630.548;
3469;631.251;
3470;627.88;
3471;631.967;
3472;528.354;
3473;631.967;
3474;627.879;
3475;631.249;
3476;630.545;
3477;629.497;
3478;631.705;
3479;624.951;
3480;632.048;
3481;624.95;
3482;631.704;
3483;629.495;
3484;630.542;
3485;631.245;
3486;627.875;
3487;631.962;
3488;520.751;
3489;631.961;
3490;627.873;
3491;631.243;
3492;630.539;
3493;629.491;
3494;631.7;
3495;624.946;
3496;632.043;
3497;624.945;
3498;631.698;
3499;629.489;
3500;630.536;
3501;631.24;
3502;627.869;
3503;631.956;
3504;522.88;
3505;631.956;
3506;627.868;
3507;631.238;
3508;630.534;
3509;629.486;
3510;631.694;
3511;624.94;
3512;632.037;
3513;624.939;
3514;631.693;
3515;629.484;
3516;630.531;
3517;631.234;
3518;627.864;
3519;631.951;
3520;523.936;
3521;631.95;
3522;627.863;
3523;631.232;
3524;630.528;
3525;629.481;
3526;631.689;
3527;624.935;
3528;632.032;
3529;624.934;
3530;631.688;
3531;629.479;
3532;630.526;
3533;631.229;
3534;627.859;
3535;631.946;
3536;520.76;
3537;631.945;
3538;627.857;
3539;631.227;
3540;630.523;
3541;629.476;
3542;631.684;
3543;624.93;
3544;632.027;
3545;624.929;
3546;631.683;
3547;629.474;
3548;630.521;
3549;631.224;
3550;627.854;
3551;631.941;
3552;519.97;
3553;631.94;
3554;627.853;
3555;631.222;
3556;630.518;
3557;629.471;
3558;631.679;
3559;624.925;
3560;632.022;
3561;624.924;
3562;631.678;
3563;629.469;
3564;630.516;
3565;631.219;
3566;627.849;
3567;631.936;
3568;527.54;
3569;631.935;
3570;627.848;
3571;631.218;
3572;630.514;
3573;629.466;
3574;631.674;
3575;624.92;
3576;632.018;
3577;624.92;
3578;631.673;
3579;629.464;
3580;630.511;
3581;631.215;
3582;627.844;
3583;631.931;
3584;526.944;
3585;631.931;
3586;627.843;
3587;631.213;
3588;630.509;
3589;629.461;
3590;631.67;
3591;624.916;
3592;632.013;
3593;624.915;
3594;631.669;
3595;629.46;
3596;630.507;
3597;631.21;
3598;627.84;
3599;631.927;
3600;523.322;
3601;631.926;
3602;627.839;
3603;631.209;
3604;630.505;
3605;629.457;
3606;631.666;
3607;624.912;
3608;632.009;
3609;624.911;
3610;631.665;
3611;629.455;
3612;630.503;
3613;631.206;
3614;627.836;
3615;631.923;
3616;523.079;
3617;631.922;
3618;627.835;
3619;631.204;
3620;630.501;
3621;629.453;
3622;631.661;
3623;624.907;
3624;632.005;
3625;624.907;
3626;631.66;
3627;629.451;
3628;630.499;
3629;631.202;
3630;627.832;
3631;631.919;
3632;525.163;
3633;631.918;
3634;627.831;
3635;631.2;
3636;630.497;
3637;629.449;
3638;631.657;
3639;624.903;
3640;632.001;
3641;624.903;
3642;631.656;
3643;629.447;
3644;630.495;
3645;631.198;
3646;627.828;
3647;631.915;
3648;528.725;
3649;631.914;
3650;627.827;
3651;631.197;
3652;630.493;
3653;629.445;
3654;631.654;
3655;624.9;
3656;631.997;
3657;624.899;
3658;631.653;
3659;629.444;
3660;630.491;
3661;631.194;
3662;627.824;
3663;631.911;
3664;539.068;
3665;631.911;
3666;627.823;
3667;631.193;
3668;630.489;
3669;629.441;
3670;631.65;
3671;624.896;
3672;631.993;
3673;624.895;
3674;631.649;
3675;629.44;
3676;630.487;
3677;631.191;
3678;627.82;
3679;631.908;
3680;519.624;
3681;631.907;
3682;627.82;
3683;631.189;
3684;630.486;
3685;629.438;
3686;631.646;
3687;624.892;
3688;631.99;
3689;624.892;
3690;631.646;
3691;629.437;
3692;630.484;
3693;631.187;
3694;627.817;
3695;631.904;
3696;525.549;
3697;631.904;
3698;627.816;
3699;631.186;
3700;630.482;
3701;629.435;
3702;631.643;
3703;624.889;
3704;631.987;
3705;624.889;
3706;631.642;
3707;629.433;
3708;630.481;
3709;631.184;
3710;627.814;
3711;631.901;
3712;521.359;
3713;631.901;
3714;627.813;
3715;631.183;
3716;630.479;
3717;629.431;
3718;631.64;
3719;624.886;
3720;631.984;
3721;624.886;
3722;631.639;
3723;629.43;
3724;630.478;
3725;631.181;
3726;627.811;
3727;631.898;
3728;524.51;
3729;631.898;
3730;627.81;
3731;631.18;
3732;630.476;
3733;629.429;
3734;631.637;
3735;624.883;
3736;631.981;
3737;624.883;
3738;631.636;
3739;629.427;
3740;630.475;
3741;631.178;
3742;627.808;
3743;631.895;
3744;527.392;
3745;631.895;
3746;627.807;
3747;631.177;
3748;630.473;
3749;629.426;
3750;631.634;
3751;624.88;
3752;631.978;
3753;624.88;
3754;631.634;
3755;629.425;
3756;630.472;
3757;631.175;
3758;627.805;
3759;631.892;
3760;521.248;
3761;631.892;
3762;627.805;
3763;631.175;
3764;630.471;
3765;629.423;
3766;631.632;
3767;624.878;
3768;631.975;
3769;624.877;
3770;631.631;
3771;629.422;
3772;630.47;
3773;631.173;
3774;627.803;
3775;631.89;
3776;518.587;
3777;631.89;
3778;627.802;
3779;631.172;
3780;630.468;
3781;629.421;
3782;631.629;
3783;624.875;
3784;631.973;
3785;624.875;
3786;631.629;
3787;629.42;
3788;630.467;
3789;631.171;
3790;627.8;
3791;631.888;
3792;522.421;
3793;631.887;
3794;627.8;
3795;631.17;
3796;630.466;
3797;629.418;
3798;631.627;
3799;624.873;
3800;631.971;
3801;624.873;
3802;631.627;
3803;629.418;
3804;630.465;
3805;631.168;
3806;627.798;
3807;631.885;
3808;521.512;
3809;631.885;
3810;627.798;
3811;631.168;
3812;630.464;
3813;629.416;
3814;631.625;
3815;624.871;
3816;631.969;
3817;624.871;
3818;631.624;
3819;629.416;
3820;630.463;
3821;631.166;
3822;627.796;
3823;631.883;
3824;528.979;
3825;631.883;
3826;627.796;
3827;631.166;
3828;630.462;
3829;629.414;
3830;631.623;
3831;624.869;
3832;631.967;
3833;624.869;
3834;631.623;
3835;629.414;
3836;630.461;
3837;631.165;
3838;627.794;
3839;631.882;
3840;522.873;
3841;631.881;
3842;627.794;
3843;631.164;
3844;630.46;
3845;629.413;
3846;631.621;
3847;624.867;
3848;631.965;
3849;624.867;
3850;631.621;
3851;629.412;
3852;630.459;
3853;631.163;
3854;627.793;
3855;631.88;
3856;531.656;
3857;631.88;
3858;627.792;
3859;631.162;
3860;630.459;
3861;629.411;
3862;631.62;
3863;624.866;
3864;631.963;
3865;624.866;
3866;631.619;
3867;629.411;
3868;630.458;
3869;631.161;
3870;627.791;
3871;631.879;
3872;526.193;
3873;631.878;
3874;627.791;
3875;631.161;
3876;630.457;
3877;629.41;
3878;631.618;
3879;624.864;
3880;631.962;
3881;624.864;
3882;631.618;
3883;629.409;
3884;630.457;
3885;631.16;
3886;627.79;
3887;631.877;
3888;525.008;
3889;631.877;
3890;627.79;
3891;631.16;
3892;630.456;
3893;629.408;
3894;631.617;
3895;624.863;
3896;631.961;
3897;624.863;
3898;631.617;
3899;629.408;
3900;630.455;
3901;631.159;
3902;627.789;
3903;631.876;
3904;523.93;
3905;631.876;
3906;627.789;
3907;631.159;
3908;630.455;
3909;629.407;
3910;631.616;
3911;624.862;
3912;631.96;
3913;624.862;
3914;631.616;
3915;629.407;
3916;630.454;
3917;631.158;
3918;627.788;
3919;631.875;
3920;523.757;
3921;631.875;
3922;627.788;
3923;631.158;
3924;630.454;
3925;629.406;
3926;631.615;
3927;624.861;
3928;631.959;
3929;624.861;
3930;631.615;
3931;629.406;
3932;630.454;
3933;631.157;
3934;627.787;
3935;631.874;
3936;515.091;
3937;631.874;
3938;627.787;
3939;631.157;
3940;630.453;
3941;629.406;
3942;631.615;
3943;624.861;
3944;631.958;
3945;624.861;
3946;631.614;
3947;629.406;
3948;630.453;
3949;631.157;
3950;627.786;
3951;631.874;
3952;525.386;
3953;631.874;
3954;627.786;
3955;631.156;
3956;630.453;
3957;629.405;
3958;631.614;
3959;624.86;
3960;631.958;
3961;624.86;
3962;631.614;
3963;629.405;
3964;630.453;
3965;631.156;
3966;627.786;
3967;631.873;
3968;519.176;
3969;631.873;
3970;627.786;
3971;631.156;
3972;630.452;
3973;629.405;
3974;631.614;
3975;624.86;
3976;631.957;
3977;624.86;
3978;631.614;
3979;629.405;
3980;630.452;
3981;631.156;
3982;627.786;
3983;631.873;
3984;529.605;
3985;631.873;
3986;627.786;
3987;631.156;
3988;630.452;
3989;629.405;
3990;631.613;
3991;624.86;
3992;631.957;
3993;624.86;
3994;631.613;
3995;629.405;
3996;630.452;
3997;631.156;
3998;627.786;
3999;631.873;
