0;5.49276e+66;
1;3.91955e+66;
2;7.64667e+65;
3;1.10761e+66;
4;7.0646e+65;
5;4.4405e+65;
6;6.15357e+65;
7;1.11378e+65;
8;4.99544e+65;
9;8.66277e+64;
10;3.69215e+65;
11;2.01841e+65;
12;2.35488e+65;
13;2.55604e+65;
14;1.09239e+65;
15;2.61305e+65;
16;1.33413e+51;
17;2.30564e+65;
18;8.49637e+64;
19;1.74888e+65;
20;1.41293e+65;
21;1.05727e+65;
22;1.67827e+65;
23;3.38982e+64;
24;1.66517e+65;
25;3.11864e+64;
26;1.42008e+65;
27;8.2233e+64;
28;1.00925e+65;
29;1.14583e+65;
30;5.0979e+64;
31;1.2644e+65;
32;1.37718e+50;
33;1.18778e+65;
34;4.49817e+64;
35;9.49412e+64;
36;7.84982e+64;
37;6.00088e+64;
38;9.71651e+64;
39;1.99917e+64;
40;9.99126e+64;
41;1.90166e+64;
42;8.7912e+64;
43;5.16361e+64;
44;6.42268e+64;
45;7.38447e+64;
46;3.32482e+64;
47;8.33995e+64;
48;6.82279e+50;
49;7.99958e+64;
50;3.05886e+64;
51;6.5158e+64;
52;5.43469e+64;
53;4.18945e+64;
54;6.83781e+64;
55;1.41765e+64;
56;7.1369e+64;
57;1.36792e+64;
58;6.36631e+64;
59;3.76347e+64;
60;4.71017e+64;
61;5.44779e+64;
62;2.46691e+64;
63;6.22215e+64;
64;2.20343e+50;
65;6.03074e+64;
66;2.31743e+64;
67;4.96003e+64;
68;4.15614e+64;
69;3.21815e+64;
70;5.27515e+64;
71;1.09824e+64;
72;5.55121e+64;
73;1.06816e+64;
74;4.99008e+64;
75;2.96076e+64;
76;3.71876e+64;
77;4.31603e+64;
78;1.96099e+64;
79;4.96226e+64;
80;1.43197e+51;
81;4.83977e+64;
82;1.86536e+64;
83;4.00413e+64;
84;3.36471e+64;
85;2.61254e+64;
86;4.294e+64;
87;8.96321e+63;
88;4.5422e+64;
89;8.76187e+63;
90;4.10323e+64;
91;2.44035e+64;
92;3.07223e+64;
93;3.57374e+64;
94;1.62732e+64;
95;4.1268e+64;
96;6.31141e+50;
97;4.04175e+64;
98;1.56093e+64;
99;3.35725e+64;
100;2.82657e+64;
101;2.19884e+64;
102;3.62071e+64;
103;7.57146e+63;
104;3.8437e+64;
105;7.42732e+63;
106;3.48416e+64;
107;2.07561e+64;
108;2.6173e+64;
109;3.0494e+64;
110;1.39074e+64;
111;3.53225e+64;
112;1.58136e+51;
113;3.46977e+64;
114;1.34197e+64;
115;2.89041e+64;
116;2.43691e+64;
117;1.89832e+64;
118;3.13005e+64;
119;6.55405e+63;
120;3.33152e+64;
121;6.44579e+63;
122;3.0275e+64;
123;1.80578e+64;
124;2.2798e+64;
125;2.65934e+64;
126;1.21425e+64;
127;3.08754e+64;
128;2.11122e+50;
129;3.03971e+64;
130;1.17692e+64;
131;2.53764e+64;
132;2.14175e+64;
133;1.67012e+64;
134;2.7566e+64;
135;5.77787e+63;
136;2.93988e+64;
137;5.6936e+63;
138;2.67677e+64;
139;1.59809e+64;
140;2.01947e+64;
141;2.35783e+64;
142;1.07755e+64;
143;2.74239e+64;
144;5.44234e+50;
145;2.7046e+64;
146;1.04806e+64;
147;2.26169e+64;
148;1.91043e+64;
149;1.49095e+64;
150;2.46285e+64;
151;5.16626e+63;
152;2.63073e+64;
153;5.0988e+63;
154;2.39895e+64;
155;1.4333e+64;
156;1.81257e+64;
157;2.1178e+64;
158;9.68554e+63;
159;2.46673e+64;
160;2.59104e+50;
161;2.43613e+64;
162;9.4467e+63;
163;2.03994e+64;
164;1.72426e+64;
165;1.34655e+64;
166;2.22576e+64;
167;4.6719e+63;
168;2.3805e+64;
169;4.61669e+63;
170;2.17346e+64;
171;1.29937e+64;
172;1.64418e+64;
173;1.92219e+64;
174;8.79612e+63;
175;2.24151e+64;
176;2.10063e+51;
177;2.21622e+64;
178;8.59876e+63;
179;1.85786e+64;
180;1.57122e+64;
181;1.22769e+64;
182;2.03038e+64;
183;4.26404e+63;
184;2.17382e+64;
185;4.21802e+63;
186;1.98679e+64;
187;1.18837e+64;
188;1.50447e+64;
189;1.75973e+64;
190;8.0566e+63;
191;2.05405e+64;
192;6.10157e+51;
193;2.0328e+64;
194;7.89079e+63;
195;1.70569e+64;
196;1.44318e+64;
197;1.12815e+64;
198;1.8666e+64;
199;3.92182e+63;
200;2.00023e+64;
201;3.88287e+63;
202;1.82971e+64;
203;1.09488e+64;
204;1.3867e+64;
205;1.62265e+64;
206;7.43205e+63;
207;1.89559e+64;
208;4.37993e+52;
209;1.87749e+64;
210;7.2908e+63;
211;1.57661e+64;
212;1.33448e+64;
213;1.04359e+64;
214;1.72733e+64;
215;3.63058e+63;
216;1.85238e+64;
217;3.5972e+63;
218;1.69571e+64;
219;1.01506e+64;
220;1.28607e+64;
221;1.50544e+64;
222;6.89762e+63;
223;1.7599e+64;
224;1.7698e+51;
225;1.74429e+64;
226;6.77585e+63;
227;1.46575e+64;
228;1.24106e+64;
229;9.70849e+63;
230;1.60746e+64;
231;3.37973e+63;
232;1.72495e+64;
233;3.3508e+63;
234;1.58006e+64;
235;9.46129e+63;
236;1.19911e+64;
237;1.40407e+64;
238;6.43514e+63;
239;1.64239e+64;
240;5.85933e+51;
241;1.6288e+64;
242;6.32908e+63;
243;1.3695e+64;
244;1.15991e+64;
245;9.07623e+63;
246;1.50321e+64;
247;3.16142e+63;
248;1.61398e+64;
249;3.13611e+63;
250;1.47923e+64;
251;8.85995e+63;
252;1.1232e+64;
253;1.31554e+64;
254;6.03099e+63;
255;1.53965e+64;
256;1.15061e+51;
257;1.52771e+64;
258;5.9378e+63;
259;1.28516e+64;
260;1.08875e+64;
261;8.52161e+63;
262;1.4117e+64;
263;2.96972e+63;
264;1.51648e+64;
265;2.94738e+63;
266;1.39055e+64;
267;8.33079e+63;
268;1.05637e+64;
269;1.23756e+64;
270;5.67483e+63;
271;1.44906e+64;
272;1.8649e+51;
273;1.43849e+64;
274;5.59229e+63;
275;1.21066e+64;
276;1.02586e+64;
277;8.03117e+63;
278;1.33075e+64;
279;2.80003e+63;
280;1.43014e+64;
281;2.78019e+63;
282;1.31195e+64;
283;7.86157e+63;
284;9.9708e+63;
285;1.16835e+64;
286;5.35858e+63;
287;1.36859e+64;
288;3.7518e+50;
289;1.35916e+64;
290;5.28498e+63;
291;1.14436e+64;
292;9.69878e+63;
293;7.59439e+63;
294;1.25862e+64;
295;2.64879e+63;
296;1.35316e+64;
297;2.63104e+63;
298;1.2418e+64;
299;7.44267e+63;
300;9.44129e+63;
301;1.10651e+64;
302;5.07591e+63;
303;1.29664e+64;
304;3.92827e+50;
305;1.28818e+64;
306;5.00987e+63;
307;1.08498e+64;
308;9.19721e+63;
309;7.20293e+63;
310;1.19396e+64;
311;2.51315e+63;
312;1.28409e+64;
313;2.49717e+63;
314;1.17883e+64;
315;7.06642e+63;
316;8.96552e+63;
317;1.05093e+64;
318;4.82175e+63;
319;1.23192e+64;
320;1.06628e+51;
321;1.22428e+64;
322;4.76216e+63;
323;1.03151e+64;
324;8.74531e+63;
325;6.85011e+63;
326;1.13566e+64;
327;2.39081e+63;
328;1.22177e+64;
329;2.37635e+63;
330;1.12197e+64;
331;6.72662e+63;
332;8.53573e+63;
333;1.0007e+64;
334;4.592e+63;
335;1.1734e+64;
336;1.99859e+51;
337;1.16647e+64;
338;4.53797e+63;
339;9.83089e+63;
340;8.33604e+63;
341;6.53049e+63;
342;1.08282e+64;
343;2.27991e+63;
344;1.16527e+64;
345;2.26678e+63;
346;1.07038e+64;
347;6.41825e+63;
348;8.14556e+63;
349;9.55089e+63;
350;4.38331e+63;
351;1.12023e+64;
352;6.81652e+51;
353;1.11392e+64;
354;4.3341e+63;
355;9.39049e+63;
356;7.96367e+63;
357;6.2396e+63;
358;1.03473e+64;
359;2.17893e+63;
360;1.1138e+64;
361;2.16694e+63;
362;1.02337e+64;
363;6.13715e+63;
364;7.7898e+63;
365;9.13491e+63;
366;4.19293e+63;
367;1.0717e+64;
368;2.7582e+51;
369;1.06594e+64;
370;4.14791e+63;
371;8.9882e+63;
372;7.62343e+63;
373;5.97375e+63;
374;9.90761e+63;
375;2.08659e+63;
376;1.06673e+64;
377;2.0756e+63;
378;9.80352e+63;
379;5.87986e+63;
380;7.46409e+63;
381;8.75398e+63;
382;4.01855e+63;
383;1.02725e+64;
384;8.42617e+51;
385;1.02195e+64;
386;3.97722e+63;
387;8.61928e+63;
388;7.31135e+63;
389;5.72984e+63;
390;9.50413e+63;
391;2.00184e+63;
392;1.02351e+64;
393;1.99173e+63;
394;9.4084e+63;
395;5.64349e+63;
396;7.1648e+63;
397;8.40387e+63;
398;3.85824e+63;
399;9.86375e+63;
400;1.09976e+51;
401;9.81496e+63;
402;3.82016e+63;
403;8.27977e+63;
404;7.02408e+63;
405;5.50527e+63;
406;9.13258e+63;
407;1.92378e+63;
408;9.83699e+63;
409;1.91445e+63;
410;9.04424e+63;
411;5.42559e+63;
412;6.88885e+63;
413;8.08099e+63;
414;3.71037e+63;
415;9.48664e+63;
416;2.96566e+52;
417;9.44155e+63;
418;3.67518e+63;
419;7.9663e+63;
420;6.75879e+63;
421;5.29785e+63;
422;8.78932e+63;
423;1.85164e+63;
424;9.46903e+63;
425;1.84301e+63;
426;8.70755e+63;
427;5.22409e+63;
428;6.63362e+63;
429;7.7823e+63;
430;3.57355e+63;
431;9.13766e+63;
432;2.64793e+51;
433;9.09585e+63;
434;3.54093e+63;
435;7.67598e+63;
436;6.51306e+63;
437;5.10568e+63;
438;8.47125e+63;
439;1.78479e+63;
440;9.12795e+63;
441;1.77678e+63;
442;8.39535e+63;
443;5.03722e+63;
444;6.39687e+63;
445;7.50519e+63;
446;3.44659e+63;
447;8.81377e+63;
448;5.60289e+50;
449;8.77491e+63;
450;3.41627e+63;
451;7.40637e+63;
452;6.28481e+63;
453;4.92716e+63;
454;8.17571e+63;
455;1.72266e+63;
456;8.81092e+63;
457;1.7152e+63;
458;8.10506e+63;
459;4.86343e+63;
460;6.17667e+63;
461;7.24741e+63;
462;3.32848e+63;
463;8.51238e+63;
464;5.54531e+51;
465;8.47617e+63;
466;3.30022e+63;
467;7.15532e+63;
468;6.07225e+63;
469;4.76087e+63;
470;7.90039e+63;
471;1.66478e+63;
472;8.5155e+63;
473;1.65782e+63;
474;7.83448e+63;
475;4.70142e+63;
476;5.97135e+63;
477;7.00702e+63;
478;3.21831e+63;
479;8.23124e+63;
480;1.10829e+51;
481;8.19742e+63;
482;3.19192e+63;
483;6.921e+63;
484;5.87381e+63;
485;4.60563e+63;
486;7.64331e+63;
487;1.61072e+63;
488;8.23956e+63;
489;1.60421e+63;
490;7.58168e+63;
491;4.55003e+63;
492;5.77947e+63;
493;6.78232e+63;
494;3.11532e+63;
495;7.96838e+63;
496;7.84182e+50;
497;7.93672e+63;
498;3.09061e+63;
499;6.7018e+63;
500;5.68816e+63;
501;4.46035e+63;
502;7.40271e+63;
503;1.56012e+63;
504;7.98125e+63;
505;1.55402e+63;
506;7.34495e+63;
507;4.40825e+63;
508;5.59975e+63;
509;6.57184e+63;
510;3.01883e+63;
511;7.72208e+63;
512;1.52064e+51;
513;7.69238e+63;
514;2.99566e+63;
515;6.4963e+63;
516;5.51409e+63;
517;4.32413e+63;
518;7.17707e+63;
519;1.51266e+63;
520;7.73894e+63;
521;1.50694e+63;
522;7.12284e+63;
523;4.27521e+63;
524;5.43107e+63;
525;6.37427e+63;
526;2.92826e+63;
527;7.49084e+63;
528;1.96721e+51;
529;7.46292e+63;
530;2.90647e+63;
531;6.30328e+63;
532;5.35057e+63;
533;4.19614e+63;
534;6.96505e+63;
535;1.46806e+63;
536;7.5112e+63;
537;1.46267e+63;
538;6.91403e+63;
539;4.15012e+63;
540;5.27246e+63;
541;6.18847e+63;
542;2.84307e+63;
543;7.27332e+63;
544;4.62106e+51;
545;7.24704e+63;
546;2.82255e+63;
547;6.12162e+63;
548;5.19666e+63;
549;4.07567e+63;
550;6.76546e+63;
551;1.42607e+63;
552;7.29676e+63;
553;1.42099e+63;
554;6.71737e+63;
555;4.0323e+63;
556;5.12305e+63;
557;6.01343e+63;
558;2.7628e+63;
559;7.06835e+63;
560;8.42865e+51;
561;7.04356e+63;
562;2.74345e+63;
563;5.95038e+63;
564;5.05155e+63;
565;3.96207e+63;
566;6.57723e+63;
567;1.38647e+63;
568;7.09449e+63;
569;1.38168e+63;
570;6.53184e+63;
571;3.92113e+63;
572;4.98207e+63;
573;5.84824e+63;
574;2.68704e+63;
575;6.87489e+63;
576;1.00897e+52;
577;6.85146e+63;
578;2.66876e+63;
579;5.78867e+63;
580;4.91452e+63;
581;3.85478e+63;
582;6.39945e+63;
583;1.34906e+63;
584;6.90341e+63;
585;1.34453e+63;
586;6.35653e+63;
587;3.81607e+63;
588;4.84882e+63;
589;5.69211e+63;
590;2.61543e+63;
591;6.69198e+63;
592;7.20022e+51;
593;6.66982e+63;
594;2.59813e+63;
595;5.63574e+63;
596;4.78491e+63;
597;3.7533e+63;
598;6.23126e+63;
599;1.31366e+63;
600;6.7226e+63;
601;1.30937e+63;
602;6.19062e+63;
603;3.71664e+63;
604;4.7227e+63;
605;5.5443e+63;
606;2.54763e+63;
607;6.51881e+63;
608;2.02642e+51;
609;6.49781e+63;
610;2.53124e+63;
611;5.49089e+63;
612;4.66214e+63;
613;3.65716e+63;
614;6.07192e+63;
615;1.28013e+63;
616;6.55127e+63;
617;1.27606e+63;
618;6.03338e+63;
619;3.6224e+63;
620;4.60315e+63;
621;5.40419e+63;
622;2.48336e+63;
623;6.35462e+63;
624;3.73409e+51;
625;6.33469e+63;
626;2.46781e+63;
627;5.35351e+63;
628;4.54568e+63;
629;3.56596e+63;
630;5.92075e+63;
631;1.24831e+63;
632;6.38871e+63;
633;1.24445e+63;
634;5.88416e+63;
635;3.53296e+63;
636;4.48968e+63;
637;5.27119e+63;
638;2.42234e+63;
639;6.19874e+63;
640;3.19498e+51;
641;6.1798e+63;
642;2.40756e+63;
643;5.22303e+63;
644;4.43508e+63;
645;3.47933e+63;
646;5.77715e+63;
647;1.21808e+63;
648;6.23426e+63;
649;1.21441e+63;
650;5.74237e+63;
651;3.44795e+63;
652;4.38183e+63;
653;5.14477e+63;
654;2.36434e+63;
655;6.05055e+63;
656;5.67477e+51;
657;6.03254e+63;
658;2.35028e+63;
659;5.09896e+63;
660;4.32989e+63;
661;3.39694e+63;
662;5.64057e+63;
663;1.18933e+63;
664;6.08733e+63;
665;1.18583e+63;
666;5.60746e+63;
667;3.36708e+63;
668;4.27921e+63;
669;5.02447e+63;
670;2.30914e+63;
671;5.90951e+63;
672;3.26101e+52;
673;5.89236e+63;
674;2.29575e+63;
675;4.98084e+63;
676;4.22974e+63;
677;3.31849e+63;
678;5.51051e+63;
679;1.16195e+63;
680;5.9474e+63;
681;1.15862e+63;
682;5.47896e+63;
683;3.29003e+63;
684;4.18145e+63;
685;4.90986e+63;
686;2.25654e+63;
687;5.77512e+63;
688;1.3062e+52;
689;5.75876e+63;
690;2.24378e+63;
691;4.86826e+63;
692;4.13428e+63;
693;3.24371e+63;
694;5.38652e+63;
695;1.13584e+63;
696;5.81399e+63;
697;1.13267e+63;
698;5.35642e+63;
699;3.21656e+63;
700;4.08821e+63;
701;4.80054e+63;
702;2.20638e+63;
703;5.64692e+63;
704;6.41795e+51;
705;5.63131e+63;
706;2.1942e+63;
707;4.76084e+63;
708;4.04319e+63;
709;3.17235e+63;
710;5.26819e+63;
711;1.11093e+63;
712;5.68664e+63;
713;1.10789e+63;
714;5.23944e+63;
715;3.14642e+63;
716;3.99919e+63;
717;4.69617e+63;
718;2.15848e+63;
719;5.52451e+63;
720;3.00968e+51;
721;5.50959e+63;
722;2.14684e+63;
723;4.65823e+63;
724;3.95618e+63;
725;3.10418e+63;
726;5.15514e+63;
727;1.08713e+63;
728;5.56498e+63;
729;1.08422e+63;
730;5.12767e+63;
731;3.07939e+63;
732;3.91412e+63;
733;4.59641e+63;
734;2.11269e+63;
735;5.4075e+63;
736;2.23128e+52;
737;5.39323e+63;
738;2.10156e+63;
739;4.56013e+63;
740;3.87298e+63;
741;3.03899e+63;
742;5.04704e+63;
743;1.06436e+63;
744;5.44861e+63;
745;1.06159e+63;
746;5.02075e+63;
747;3.01528e+63;
748;3.83274e+63;
749;4.50098e+63;
750;2.06889e+63;
751;5.29554e+63;
752;3.2196e+52;
753;5.28189e+63;
754;2.05824e+63;
755;4.46626e+63;
756;3.79336e+63;
757;2.9766e+63;
758;4.94358e+63;
759;1.04257e+63;
760;5.33723e+63;
761;1.03991e+63;
762;4.9184e+63;
763;2.95389e+63;
764;3.75482e+63;
765;4.40961e+63;
766;2.02695e+63;
767;5.18833e+63;
768;8.21611e+51;
769;5.17525e+63;
770;2.01674e+63;
771;4.37633e+63;
772;3.71709e+63;
773;2.91684e+63;
774;4.84445e+63;
775;1.0217e+63;
776;5.2305e+63;
777;1.01915e+63;
778;4.82032e+63;
779;2.89507e+63;
780;3.68015e+63;
781;4.32203e+63;
782;1.98675e+63;
783;5.08557e+63;
784;1.89715e+52;
785;5.07303e+63;
786;1.97696e+63;
787;4.29013e+63;
788;3.64397e+63;
789;2.85954e+63;
790;4.74941e+63;
791;1.00168e+63;
792;5.12816e+63;
793;9.99234e+62;
794;4.72626e+63;
795;2.83865e+63;
796;3.60853e+63;
797;4.23803e+63;
798;1.94819e+63;
799;4.987e+63;
800;5.15243e+52;
801;4.97496e+63;
802;1.93879e+63;
803;4.20741e+63;
804;3.57381e+63;
805;2.80455e+63;
806;4.65821e+63;
807;9.82469e+62;
808;5.02995e+63;
809;9.80122e+62;
810;4.63598e+63;
811;2.7845e+63;
812;3.53978e+63;
813;4.1574e+63;
814;1.91117e+63;
815;4.89236e+63;
816;4.12664e+51;
817;4.8808e+63;
818;1.90215e+63;
819;4.12799e+63;
820;3.50643e+63;
821;2.75175e+63;
822;4.57062e+63;
823;9.64019e+62;
824;4.93561e+63;
825;9.61764e+62;
826;4.54926e+63;
827;2.73248e+63;
828;3.47374e+63;
829;4.07993e+63;
830;1.8756e+63;
831;4.80144e+63;
832;5.11184e+51;
833;4.79032e+63;
834;1.86693e+63;
835;4.05166e+63;
836;3.44168e+63;
837;2.701e+63;
838;4.48643e+63;
839;9.46286e+62;
840;4.84494e+63;
841;9.44118e+62;
842;4.4659e+63;
843;2.68247e+63;
844;3.41025e+63;
845;4.00546e+63;
846;1.84141e+63;
847;4.71401e+63;
848;6.09298e+51;
849;4.70332e+63;
850;1.83307e+63;
851;3.97826e+63;
852;3.37941e+63;
853;2.65219e+63;
854;4.40546e+63;
855;9.2923e+62;
856;4.75772e+63;
857;9.27143e+62;
858;4.3857e+63;
859;2.63437e+63;
860;3.34916e+63;
861;3.9338e+63;
862;1.80851e+63;
863;4.62989e+63;
864;6.81553e+51;
865;4.6196e+63;
866;1.80048e+63;
867;3.90763e+63;
868;3.31948e+63;
869;2.60522e+63;
870;4.32753e+63;
871;9.12813e+62;
872;4.67377e+63;
873;9.10804e+62;
874;4.30851e+63;
875;2.58806e+63;
876;3.29036e+63;
877;3.86482e+63;
878;1.77683e+63;
879;4.5489e+63;
880;4.21228e+51;
881;4.53899e+63;
882;1.7691e+63;
883;3.8396e+63;
884;3.26177e+63;
885;2.55998e+63;
886;4.25248e+63;
887;8.97e+62;
888;4.59291e+63;
889;8.95065e+62;
890;4.23415e+63;
891;2.54344e+63;
892;3.23371e+63;
893;3.79836e+63;
894;1.74632e+63;
895;4.47087e+63;
896;1.83045e+52;
897;4.46131e+63;
898;1.73886e+63;
899;3.77406e+63;
900;3.20615e+63;
901;2.51638e+63;
902;4.18015e+63;
903;8.81761e+62;
904;4.51497e+63;
905;8.79895e+62;
906;4.16247e+63;
907;2.50044e+63;
908;3.1791e+63;
909;3.73429e+63;
910;1.7169e+63;
911;4.39564e+63;
912;6.21615e+51;
913;4.38642e+63;
914;1.70971e+63;
915;3.71085e+63;
916;3.15253e+63;
917;2.47434e+63;
918;4.11039e+63;
919;8.67064e+62;
920;4.43981e+63;
921;8.65264e+62;
922;4.09334e+63;
923;2.45896e+63;
924;3.12642e+63;
925;3.67249e+63;
926;1.68852e+63;
927;4.32306e+63;
928;4.21792e+51;
929;4.31417e+63;
930;1.68158e+63;
931;3.64987e+63;
932;3.10078e+63;
933;2.43377e+63;
934;4.04308e+63;
935;8.52883e+62;
936;4.36727e+63;
937;8.51145e+62;
938;4.02662e+63;
939;2.41893e+63;
940;3.07559e+63;
941;3.61284e+63;
942;1.66112e+63;
943;4.25301e+63;
944;3.4961e+51;
945;4.24443e+63;
946;1.65442e+63;
947;3.591e+63;
948;3.05083e+63;
949;2.39461e+63;
950;3.9781e+63;
951;8.3919e+62;
952;4.29724e+63;
953;8.37512e+62;
954;3.9622e+63;
955;2.38027e+63;
956;3.02649e+63;
957;3.55524e+63;
958;1.63467e+63;
959;4.18536e+63;
960;7.5906e+51;
961;4.17706e+63;
962;1.6282e+63;
963;3.53414e+63;
964;3.00257e+63;
965;2.35678e+63;
966;3.91532e+63;
967;8.25962e+62;
968;4.22958e+63;
969;8.2434e+62;
970;3.89996e+63;
971;2.34292e+63;
972;2.97906e+63;
973;3.49958e+63;
974;1.60911e+63;
975;4.11998e+63;
976;7.83693e+51;
977;4.11197e+63;
978;1.60285e+63;
979;3.47919e+63;
980;2.95594e+63;
981;2.32022e+63;
982;3.85464e+63;
983;8.13177e+62;
984;4.16418e+63;
985;8.11608e+62;
986;3.83979e+63;
987;2.30682e+63;
988;2.9332e+63;
989;3.44577e+63;
990;1.58439e+63;
991;4.05678e+63;
992;3.8893e+51;
993;4.04902e+63;
994;1.57834e+63;
995;3.42605e+63;
996;2.91084e+63;
997;2.28486e+63;
998;3.79597e+63;
999;8.00812e+62;
1000;4.10093e+63;
1001;7.99295e+62;
1002;3.7816e+63;
1003;2.2719e+63;
1004;2.88885e+63;
1005;3.39372e+63;
1006;1.56049e+63;
1007;3.99563e+63;
1008;1.93875e+52;
1009;3.98813e+63;
1010;1.55463e+63;
1011;3.37464e+63;
1012;2.86721e+63;
1013;2.25065e+63;
1014;3.7392e+63;
1015;7.88848e+62;
1016;4.03974e+63;
1017;7.8738e+62;
1018;3.72529e+63;
1019;2.2381e+63;
1020;2.84592e+63;
1021;3.34335e+63;
1022;1.53735e+63;
1023;3.93646e+63;
1024;1.18139e+52;
1025;3.9292e+63;
1026;1.53168e+63;
1027;3.32488e+63;
1028;2.82498e+63;
1029;2.21753e+63;
1030;3.68424e+63;
1031;7.77267e+62;
1032;3.98049e+63;
1033;7.75845e+62;
1034;3.67078e+63;
1035;2.20539e+63;
1036;2.80437e+63;
1037;3.29459e+63;
1038;1.51495e+63;
1039;3.87917e+63;
1040;1.37226e+52;
1041;3.87213e+63;
1042;1.50946e+63;
1043;3.2767e+63;
1044;2.78408e+63;
1045;2.18547e+63;
1046;3.63102e+63;
1047;7.66051e+62;
1048;3.92311e+63;
1049;7.64674e+62;
1050;3.61797e+63;
1051;2.1737e+63;
1052;2.76412e+63;
1053;3.24735e+63;
1054;1.49325e+63;
1055;3.82366e+63;
1056;4.56471e+50;
1057;3.81685e+63;
1058;1.48793e+63;
1059;3.23001e+63;
1060;2.74446e+63;
1061;2.15439e+63;
1062;3.57945e+63;
1063;7.55183e+62;
1064;3.86752e+63;
1065;7.53848e+62;
1066;3.56681e+63;
1067;2.14299e+63;
1068;2.72511e+63;
1069;3.20157e+63;
1070;1.47223e+63;
1071;3.76988e+63;
1072;1.21466e+52;
1073;3.76327e+63;
1074;1.46707e+63;
1075;3.18477e+63;
1076;2.70605e+63;
1077;2.12428e+63;
1078;3.52947e+63;
1079;7.44648e+62;
1080;3.81362e+63;
1081;7.43354e+62;
1082;3.51721e+63;
1083;2.11322e+63;
1084;2.68729e+63;
1085;3.15719e+63;
1086;1.45184e+63;
1087;3.71772e+63;
1088;5.01494e+51;
1089;3.71132e+63;
1090;1.44684e+63;
1091;3.14089e+63;
1092;2.66881e+63;
1093;2.09507e+63;
1094;3.48099e+63;
1095;7.34432e+62;
1096;3.76135e+63;
1097;7.33177e+62;
1098;3.4691e+63;
1099;2.08435e+63;
1100;2.65061e+63;
1101;3.11414e+63;
1102;1.43206e+63;
1103;3.66714e+63;
1104;1.36077e+52;
1105;3.66092e+63;
1106;1.42721e+63;
1107;3.09833e+63;
1108;2.63268e+63;
1109;2.06674e+63;
1110;3.43397e+63;
1111;7.2452e+62;
1112;3.71064e+63;
1113;7.23302e+62;
1114;3.42243e+63;
1115;2.05633e+63;
1116;2.61502e+63;
1117;3.07237e+63;
1118;1.41287e+63;
1119;3.61805e+63;
1120;1.02772e+52;
1121;3.61202e+63;
1122;1.40816e+63;
1123;3.05702e+63;
1124;2.59762e+63;
1125;2.03924e+63;
1126;3.38833e+63;
1127;7.14901e+62;
1128;3.66143e+63;
1129;7.13718e+62;
1130;3.37713e+63;
1131;2.02914e+63;
1132;2.58048e+63;
1133;3.03182e+63;
1134;1.39425e+63;
1135;3.5704e+63;
1136;4.66415e+51;
1137;3.56454e+63;
1138;1.38967e+63;
1139;3.01692e+63;
1140;2.56358e+63;
1141;2.01255e+63;
1142;3.34401e+63;
1143;7.0556e+62;
1144;3.61364e+63;
1145;7.04412e+62;
1146;3.33314e+63;
1147;2.00274e+63;
1148;2.54693e+63;
1149;2.99245e+63;
1150;1.37616e+63;
1151;3.52412e+63;
1152;2.94595e+51;
1153;3.51843e+63;
1154;1.37172e+63;
1155;2.97798e+63;
1156;2.53052e+63;
1157;1.98662e+63;
1158;3.30097e+63;
1159;6.96488e+62;
1160;3.56722e+63;
1161;6.95373e+62;
1162;3.29041e+63;
1163;1.97709e+63;
1164;2.51435e+63;
1165;2.9542e+63;
1166;1.35859e+63;
1167;3.47917e+63;
1168;4.38391e+52;
1169;3.47364e+63;
1170;1.35427e+63;
1171;2.94014e+63;
1172;2.4984e+63;
1173;1.96143e+63;
1174;3.25916e+63;
1175;6.87673e+62;
1176;3.52212e+63;
1177;6.86589e+62;
1178;3.24889e+63;
1179;1.95216e+63;
1180;2.48268e+63;
1181;2.91703e+63;
1182;1.34151e+63;
1183;3.43548e+63;
1184;1.30841e+52;
1185;3.4301e+63;
1186;1.33731e+63;
1187;2.90336e+63;
1188;2.46718e+63;
1189;1.93694e+63;
1190;3.21851e+63;
1191;6.79105e+62;
1192;3.47827e+63;
1193;6.78051e+62;
1194;3.20852e+63;
1195;1.92793e+63;
1196;2.4519e+63;
1197;2.8809e+63;
1198;1.32491e+63;
1199;3.39301e+63;
1200;3.4917e+52;
1201;3.38778e+63;
1202;1.32083e+63;
1203;2.86761e+63;
1204;2.43683e+63;
1205;1.91313e+63;
1206;3.17899e+63;
1207;6.70774e+62;
1208;3.43565e+63;
1209;6.69749e+62;
1210;3.16928e+63;
1211;1.90437e+63;
1212;2.42196e+63;
1213;2.84576e+63;
1214;1.30876e+63;
1215;3.3517e+63;
1216;1.76371e+51;
1217;3.34662e+63;
1218;1.3048e+63;
1219;2.83283e+63;
1220;2.4073e+63;
1221;1.88998e+63;
1222;3.14055e+63;
1223;6.62671e+62;
1224;3.39418e+63;
1225;6.61674e+62;
1226;3.1311e+63;
1227;1.88146e+63;
1228;2.39284e+63;
1229;2.81158e+63;
1230;1.29306e+63;
1231;3.31152e+63;
1232;4.28477e+51;
1233;3.30657e+63;
1234;1.2892e+63;
1235;2.799e+63;
1236;2.37858e+63;
1237;1.86745e+63;
1238;3.10314e+63;
1239;6.54787e+62;
1240;3.35384e+63;
1241;6.53816e+62;
1242;3.09395e+63;
1243;1.85916e+63;
1244;2.36451e+63;
1245;2.77831e+63;
1246;1.27777e+63;
1247;3.27242e+63;
1248;5.49446e+51;
1249;3.2676e+63;
1250;1.27402e+63;
1251;2.76607e+63;
1252;2.35063e+63;
1253;1.84552e+63;
1254;3.06674e+63;
1255;6.47113e+62;
1256;3.31457e+63;
1257;6.46168e+62;
1258;3.05779e+63;
1259;1.83745e+63;
1260;2.33693e+63;
1261;2.74594e+63;
1262;1.2629e+63;
1263;3.23435e+63;
1264;9.99703e+49;
1265;3.22966e+63;
1266;1.25924e+63;
1267;2.73402e+63;
1268;2.32341e+63;
1269;1.82417e+63;
1270;3.0313e+63;
1271;6.39642e+62;
1272;3.27634e+63;
1273;6.38722e+62;
1274;3.02259e+63;
1275;1.81631e+63;
1276;2.31007e+63;
1277;2.71441e+63;
1278;1.24841e+63;
1279;3.19729e+63;
1280;2.78102e+51;
1281;3.19272e+63;
1282;1.24485e+63;
1283;2.7028e+63;
1284;2.29691e+63;
1285;1.80339e+63;
1286;2.99679e+63;
1287;6.32366e+62;
1288;3.2391e+63;
1289;6.3147e+62;
1290;2.9883e+63;
1291;1.79573e+63;
1292;2.28392e+63;
1293;2.68371e+63;
1294;1.2343e+63;
1295;3.16119e+63;
1296;6.53767e+51;
1297;3.15674e+63;
1298;1.23083e+63;
1299;2.6724e+63;
1300;2.27109e+63;
1301;1.78314e+63;
1302;2.96317e+63;
1303;6.25279e+62;
1304;3.20283e+63;
1305;6.24405e+62;
1306;2.9549e+63;
1307;1.77568e+63;
1308;2.25844e+63;
1309;2.65379e+63;
1310;1.22056e+63;
1311;3.12602e+63;
1312;1.46046e+52;
1313;3.12168e+63;
1314;1.21718e+63;
1315;2.64277e+63;
1316;2.24594e+63;
1317;1.76341e+63;
1318;2.93041e+63;
1319;6.18372e+62;
1320;3.16749e+63;
1321;6.17521e+62;
1322;2.92235e+63;
1323;1.75614e+63;
1324;2.2336e+63;
1325;2.62464e+63;
1326;1.20716e+63;
1327;3.09174e+63;
1328;4.52967e+51;
1329;3.08751e+63;
1330;1.20387e+63;
1331;2.6139e+63;
1332;2.22142e+63;
1333;1.74417e+63;
1334;2.89848e+63;
1335;6.11641e+62;
1336;3.13304e+63;
1337;6.10811e+62;
1338;2.89063e+63;
1339;1.73709e+63;
1340;2.2094e+63;
1341;2.59622e+63;
1342;1.1941e+63;
1343;3.05832e+63;
1344;1.67221e+52;
1345;3.05421e+63;
1346;1.19089e+63;
1347;2.58575e+63;
1348;2.19752e+63;
1349;1.72543e+63;
1350;2.86736e+63;
1351;6.05078e+62;
1352;3.09945e+63;
1353;6.04269e+62;
1354;2.85969e+63;
1355;1.71852e+63;
1356;2.1858e+63;
1357;2.56851e+63;
1358;1.18137e+63;
1359;3.02574e+63;
1360;2.24803e+52;
1361;3.02173e+63;
1362;1.17824e+63;
1363;2.5583e+63;
1364;2.17422e+63;
1365;1.70714e+63;
1366;2.837e+63;
1367;5.98677e+62;
1368;3.06669e+63;
1369;5.97888e+62;
1370;2.82953e+63;
1371;1.7004e+63;
1372;2.16278e+63;
1373;2.54149e+63;
1374;1.16895e+63;
1375;2.99396e+63;
1376;8.32068e+51;
1377;2.99005e+63;
1378;1.1659e+63;
1379;2.53153e+63;
1380;2.15148e+63;
1381;1.68931e+63;
1382;2.80739e+63;
1383;5.92434e+62;
1384;3.03474e+63;
1385;5.91664e+62;
1386;2.8001e+63;
1387;1.68273e+63;
1388;2.14033e+63;
1389;2.51513e+63;
1390;1.15684e+63;
1391;2.96296e+63;
1392;1.52468e+52;
1393;2.95914e+63;
1394;1.15386e+63;
1395;2.50541e+63;
1396;2.1293e+63;
1397;1.67191e+63;
1398;2.7785e+63;
1399;5.86343e+62;
1400;3.00357e+63;
1401;5.85592e+62;
1402;2.77138e+63;
1403;1.66549e+63;
1404;2.11842e+63;
1405;2.4894e+63;
1406;1.14502e+63;
1407;2.93271e+63;
1408;8.10222e+51;
1409;2.92898e+63;
1410;1.14211e+63;
1411;2.47992e+63;
1412;2.10766e+63;
1413;1.65493e+63;
1414;2.7503e+63;
1415;5.80398e+62;
1416;2.97314e+63;
1417;5.79665e+62;
1418;2.74336e+63;
1419;1.64867e+63;
1420;2.09703e+63;
1421;2.4643e+63;
1422;1.13348e+63;
1423;2.90318e+63;
1424;1.2072e+52;
1425;2.89954e+63;
1426;1.13064e+63;
1427;2.45504e+63;
1428;2.08653e+63;
1429;1.63835e+63;
1430;2.72278e+63;
1431;5.74595e+62;
1432;2.94344e+63;
1433;5.73879e+62;
1434;2.716e+63;
1435;1.63224e+63;
1436;2.07616e+63;
1437;2.43979e+63;
1438;1.12221e+63;
1439;2.87436e+63;
1440;1.42737e+52;
1441;2.8708e+63;
1442;1.11944e+63;
1443;2.43074e+63;
1444;2.0659e+63;
1445;1.62217e+63;
1446;2.69591e+63;
1447;5.68929e+62;
1448;2.91444e+63;
1449;5.6823e+62;
1450;2.68929e+63;
1451;1.6162e+63;
1452;2.05577e+63;
1453;2.41585e+63;
1454;1.11121e+63;
1455;2.84621e+63;
1456;1.28165e+52;
1457;2.84274e+63;
1458;1.10851e+63;
1459;2.40702e+63;
1460;2.04576e+63;
1461;1.60637e+63;
1462;2.66967e+63;
1463;5.63396e+62;
1464;2.88612e+63;
1465;5.62714e+62;
1466;2.6632e+63;
1467;1.60053e+63;
1468;2.03586e+63;
1469;2.39248e+63;
1470;1.10047e+63;
1471;2.81872e+63;
1472;2.87345e+51;
1473;2.81533e+63;
1474;1.09783e+63;
1475;2.38385e+63;
1476;2.02608e+63;
1477;1.59093e+63;
1478;2.64403e+63;
1479;5.57991e+62;
1480;2.85846e+63;
1481;5.57325e+62;
1482;2.63772e+63;
1483;1.58523e+63;
1484;2.01642e+63;
1485;2.36964e+63;
1486;1.08998e+63;
1487;2.79186e+63;
1488;3.77279e+51;
1489;2.78855e+63;
1490;1.08739e+63;
1491;2.36122e+63;
1492;2.00686e+63;
1493;1.57585e+63;
1494;2.61899e+63;
1495;5.52711e+62;
1496;2.83143e+63;
1497;5.5206e+62;
1498;2.61282e+63;
1499;1.57028e+63;
1500;1.99742e+63;
1501;2.34733e+63;
1502;1.07972e+63;
1503;2.76562e+63;
1504;5.92947e+52;
1505;2.76238e+63;
1506;1.0772e+63;
1507;2.3391e+63;
1508;1.98808e+63;
1509;1.56111e+63;
1510;2.59452e+63;
1511;5.47551e+62;
1512;2.80502e+63;
1513;5.46914e+62;
1514;2.58849e+63;
1515;1.55567e+63;
1516;1.97885e+63;
1517;2.32553e+63;
1518;1.0697e+63;
1519;2.73998e+63;
1520;1.12425e+51;
1521;2.73681e+63;
1522;1.06723e+63;
1523;2.31748e+63;
1524;1.96972e+63;
1525;1.54671e+63;
1526;2.5706e+63;
1527;5.42508e+62;
1528;2.77921e+63;
1529;5.41885e+62;
1530;2.56471e+63;
1531;1.54139e+63;
1532;1.9607e+63;
1533;2.30422e+63;
1534;1.05991e+63;
1535;2.71491e+63;
1536;1.95151e+52;
1537;2.71181e+63;
1538;1.0575e+63;
1539;2.29635e+63;
1540;1.95178e+63;
1541;1.53263e+63;
1542;2.54722e+63;
1543;5.37578e+62;
1544;2.75397e+63;
1545;5.36969e+62;
1546;2.54146e+63;
1547;1.52743e+63;
1548;1.94295e+63;
1549;2.28338e+63;
1550;1.05033e+63;
1551;2.6904e+63;
1552;2.23251e+52;
1553;2.68737e+63;
1554;1.04797e+63;
1555;2.27569e+63;
1556;1.93423e+63;
1557;1.51886e+63;
1558;2.52436e+63;
1559;5.32757e+62;
1560;2.7293e+63;
1561;5.32162e+62;
1562;2.51873e+63;
1563;1.51378e+63;
1564;1.9256e+63;
1565;2.26301e+63;
1566;1.04097e+63;
1567;2.66643e+63;
1568;2.92163e+52;
1569;2.66348e+63;
1570;1.03866e+63;
1571;2.25549e+63;
1572;1.91707e+63;
1573;1.5054e+63;
1574;2.50201e+63;
1575;5.28043e+62;
1576;2.70517e+63;
1577;5.27461e+62;
1578;2.49649e+63;
1579;1.50043e+63;
1580;1.90863e+63;
1581;2.24308e+63;
1582;1.03181e+63;
1583;2.643e+63;
1584;1.08808e+52;
1585;2.6401e+63;
1586;1.02955e+63;
1587;2.23572e+63;
1588;1.90029e+63;
1589;1.49223e+63;
1590;2.48014e+63;
1591;5.23432e+62;
1592;2.68156e+63;
1593;5.22862e+62;
1594;2.47475e+63;
1595;1.48737e+63;
1596;1.89204e+63;
1597;2.22359e+63;
1598;1.02285e+63;
1599;2.62007e+63;
1600;5.60475e+52;
1601;2.61724e+63;
1602;1.02064e+63;
1603;2.21639e+63;
1604;1.88387e+63;
1605;1.47935e+63;
1606;2.45875e+63;
1607;5.18921e+62;
1608;2.65847e+63;
1609;5.18364e+62;
1610;2.45347e+63;
1611;1.47459e+63;
1612;1.8758e+63;
1613;2.20452e+63;
1614;1.01409e+63;
1615;2.59764e+63;
1616;1.24808e+52;
1617;2.59487e+63;
1618;1.01193e+63;
1619;2.19748e+63;
1620;1.86781e+63;
1621;1.46675e+63;
1622;2.43782e+63;
1623;5.14507e+62;
1624;2.63588e+63;
1625;5.13962e+62;
1626;2.43266e+63;
1627;1.46209e+63;
1628;1.85991e+63;
1629;2.18587e+63;
1630;1.00551e+63;
1631;2.57569e+63;
1632;1.54925e+52;
1633;2.57298e+63;
1634;1.0034e+63;
1635;2.17897e+63;
1636;1.85209e+63;
1637;1.45442e+63;
1638;2.41734e+63;
1639;5.10188e+62;
1640;2.61377e+63;
1641;5.09654e+62;
1642;2.41228e+63;
1643;1.44986e+63;
1644;1.84436e+63;
1645;2.1676e+63;
1646;9.9712e+62;
1647;2.5542e+63;
1648;4.99791e+52;
1649;2.55155e+63;
1650;9.95049e+62;
1651;2.16086e+63;
1652;1.83671e+63;
1653;1.44234e+63;
1654;2.39729e+63;
1655;5.0596e+62;
1656;2.59213e+63;
1657;5.05438e+62;
1658;2.39234e+63;
1659;1.43788e+63;
1660;1.82914e+63;
1661;2.14973e+63;
1662;9.88904e+62;
1663;2.53318e+63;
1664;6.66547e+51;
1665;2.53058e+63;
1666;9.86877e+62;
1667;2.14313e+63;
1668;1.82165e+63;
1669;1.43053e+63;
1670;2.37767e+63;
1671;5.01822e+62;
1672;2.57094e+63;
1673;5.01311e+62;
1674;2.37282e+63;
1675;1.42616e+63;
1676;1.81424e+63;
1677;2.13223e+63;
1678;9.80861e+62;
1679;2.51259e+63;
1680;4.94662e+52;
1681;2.51005e+63;
1682;9.78877e+62;
1683;2.12577e+63;
1684;1.8069e+63;
1685;1.41896e+63;
1686;2.35845e+63;
1687;4.9777e+62;
1688;2.5502e+63;
1689;4.9727e+62;
1690;2.35371e+63;
1691;1.41468e+63;
1692;1.79965e+63;
1693;2.1151e+63;
1694;9.72986e+62;
1695;2.49243e+63;
1696;1.5743e+52;
1697;2.48994e+63;
1698;9.71043e+62;
1699;2.10877e+63;
1700;1.79247e+63;
1701;1.40763e+63;
1702;2.33964e+63;
1703;4.93803e+62;
1704;2.52989e+63;
1705;4.93313e+62;
1706;2.335e+63;
1707;1.40344e+63;
1708;1.78536e+63;
1709;2.09832e+63;
1710;9.65275e+62;
1711;2.4727e+63;
1712;5.41773e+52;
1713;2.47026e+63;
1714;9.63372e+62;
1715;2.09212e+63;
1716;1.77833e+63;
1717;1.39654e+63;
1718;2.32121e+63;
1719;4.89917e+62;
1720;2.51e+63;
1721;4.89437e+62;
1722;2.31667e+63;
1723;1.39244e+63;
1724;1.77137e+63;
1725;2.08189e+63;
1726;9.57722e+62;
1727;2.45336e+63;
1728;5.95119e+51;
1729;2.45097e+63;
1730;9.55858e+62;
1731;2.07582e+63;
1732;1.76448e+63;
1733;1.38567e+63;
1734;2.30317e+63;
1735;4.86111e+62;
1736;2.49052e+63;
1737;4.85641e+62;
1738;2.29871e+63;
1739;1.38165e+63;
1740;1.75766e+63;
1741;2.0658e+63;
1742;9.50323e+62;
1743;2.43443e+63;
1744;1.03183e+52;
1745;2.43209e+63;
1746;9.48497e+62;
1747;2.05984e+63;
1748;1.75091e+63;
1749;1.37503e+63;
1750;2.28549e+63;
1751;4.82383e+62;
1752;2.47143e+63;
1753;4.81922e+62;
1754;2.28113e+63;
1755;1.37109e+63;
1756;1.74424e+63;
1757;2.05003e+63;
1758;9.43075e+62;
1759;2.41587e+63;
1760;9.28653e+51;
1761;2.41358e+63;
1762;9.41286e+62;
1763;2.0442e+63;
1764;1.73762e+63;
1765;1.3646e+63;
1766;2.26817e+63;
1767;4.7873e+62;
1768;2.45273e+63;
1769;4.78279e+62;
1770;2.26389e+63;
1771;1.36074e+63;
1772;1.73108e+63;
1773;2.03458e+63;
1774;9.35974e+62;
1775;2.3977e+63;
1776;1.4855e+52;
1777;2.39545e+63;
1778;9.34221e+62;
1779;2.02886e+63;
1780;1.7246e+63;
1781;1.35438e+63;
1782;2.2512e+63;
1783;4.75151e+62;
1784;2.43441e+63;
1785;4.74709e+62;
1786;2.24701e+63;
1787;1.3506e+63;
1788;1.71819e+63;
1789;2.01944e+63;
1790;9.29015e+62;
1791;2.37988e+63;
1792;3.89665e+52;
1793;2.37768e+63;
1794;9.27297e+62;
1795;2.01384e+63;
1796;1.71184e+63;
1797;1.34436e+63;
1798;2.23457e+63;
1799;4.71643e+62;
1800;2.41645e+63;
1801;4.7121e+62;
1802;2.23046e+63;
1803;1.34066e+63;
1804;1.70555e+63;
1805;2.0046e+63;
1806;9.22194e+62;
1807;2.36243e+63;
1808;5.91648e+51;
1809;2.36027e+63;
1810;9.20511e+62;
1811;1.99911e+63;
1812;1.69933e+63;
1813;1.33455e+63;
1814;2.21826e+63;
1815;4.68205e+62;
1816;2.39885e+63;
1817;4.6778e+62;
1818;2.21424e+63;
1819;1.33092e+63;
1820;1.69317e+63;
1821;1.99006e+63;
1822;9.15509e+62;
1823;2.34531e+63;
1824;2.03666e+52;
1825;2.3432e+63;
1826;9.13859e+62;
1827;1.98468e+63;
1828;1.68707e+63;
1829;1.32493e+63;
1830;2.20229e+63;
1831;4.64835e+62;
1832;2.3816e+63;
1833;4.64419e+62;
1834;2.19834e+63;
1835;1.32137e+63;
1836;1.68103e+63;
1837;1.9758e+63;
1838;9.08956e+62;
1839;2.32854e+63;
1840;2.35329e+51;
1841;2.32647e+63;
1842;9.07338e+62;
1843;1.97053e+63;
1844;1.67505e+63;
1845;1.3155e+63;
1846;2.18662e+63;
1847;4.61532e+62;
1848;2.36469e+63;
1849;4.61123e+62;
1850;2.18275e+63;
1851;1.31201e+63;
1852;1.66913e+63;
1853;1.96183e+63;
1854;9.02532e+62;
1855;2.31209e+63;
1856;1.46623e+52;
1857;2.31006e+63;
1858;9.00945e+62;
1859;1.95666e+63;
1860;1.66327e+63;
1861;1.30625e+63;
1862;2.17126e+63;
1863;4.58293e+62;
1864;2.3481e+63;
1865;4.57892e+62;
1866;2.16747e+63;
1867;1.30283e+63;
1868;1.65746e+63;
1869;1.94812e+63;
1870;8.96233e+62;
1871;2.29597e+63;
1872;6.99666e+52;
1873;2.29398e+63;
1874;8.94677e+62;
1875;1.94305e+63;
1876;1.65172e+63;
1877;1.29718e+63;
1878;2.1562e+63;
1879;4.55116e+62;
1880;2.33184e+63;
1881;4.54724e+62;
1882;2.15248e+63;
1883;1.29383e+63;
1884;1.64602e+63;
1885;1.93469e+63;
1886;8.90055e+62;
1887;2.28016e+63;
1888;5.48406e+51;
1889;2.2782e+63;
1890;8.8853e+62;
1891;1.92971e+63;
1892;1.64039e+63;
1893;1.28829e+63;
1894;2.14144e+63;
1895;4.52002e+62;
1896;2.3159e+63;
1897;4.51617e+62;
1898;2.13779e+63;
1899;1.285e+63;
1900;1.6348e+63;
1901;1.92151e+63;
1902;8.83998e+62;
1903;2.26465e+63;
1904;3.46506e+51;
1905;2.26273e+63;
1906;8.82502e+62;
1907;1.91663e+63;
1908;1.62927e+63;
1909;1.27957e+63;
1910;2.12695e+63;
1911;4.48947e+62;
1912;2.30026e+63;
1913;4.48569e+62;
1914;2.12338e+63;
1915;1.27634e+63;
1916;1.6238e+63;
1917;1.90858e+63;
1918;8.78056e+62;
1919;2.24944e+63;
1920;8.44259e+51;
1921;2.24756e+63;
1922;8.76589e+62;
1923;1.9038e+63;
1924;1.61837e+63;
1925;1.27102e+63;
1926;2.11275e+63;
1927;4.45951e+62;
1928;2.28492e+63;
1929;4.4558e+62;
1930;2.10924e+63;
1931;1.26785e+63;
1932;1.613e+63;
1933;1.8959e+63;
1934;8.72228e+62;
1935;2.23452e+63;
1936;3.16428e+52;
1937;2.23268e+63;
1938;8.70789e+62;
1939;1.89121e+63;
1940;1.60768e+63;
1941;1.26263e+63;
1942;2.09881e+63;
1943;4.43012e+62;
1944;2.26987e+63;
1945;4.42648e+62;
1946;2.09537e+63;
1947;1.25952e+63;
1948;1.60241e+63;
1949;1.88347e+63;
1950;8.66511e+62;
1951;2.21989e+63;
1952;4.28613e+51;
1953;2.21808e+63;
1954;8.65099e+62;
1955;1.87887e+63;
1956;1.59719e+63;
1957;1.2544e+63;
1958;2.08514e+63;
1959;4.40128e+62;
1960;2.25511e+63;
1961;4.39772e+62;
1962;2.08176e+63;
1963;1.25135e+63;
1964;1.59202e+63;
1965;1.87127e+63;
1966;8.60902e+62;
1967;2.20553e+63;
1968;2.83891e+52;
1969;2.20375e+63;
1970;8.59517e+62;
1971;1.86675e+63;
1972;1.5869e+63;
1973;1.24632e+63;
1974;2.07173e+63;
1975;4.373e+62;
1976;2.24063e+63;
1977;4.3695e+62;
1978;2.06841e+63;
1979;1.24333e+63;
1980;1.58183e+63;
1981;1.8593e+63;
1982;8.55399e+62;
1983;2.19144e+63;
1984;1.00854e+52;
1985;2.1897e+63;
1986;8.5404e+62;
1987;1.85487e+63;
1988;1.57681e+63;
1989;1.2384e+63;
1990;2.05857e+63;
1991;4.34524e+62;
1992;2.22642e+63;
1993;4.34181e+62;
1994;2.05532e+63;
1995;1.23547e+63;
1996;1.57183e+63;
1997;1.84755e+63;
1998;8.49999e+62;
1999;2.17762e+63;
2000;3.17559e+52;
2001;2.17591e+63;
2002;8.48665e+62;
2003;1.8432e+63;
2004;1.5669e+63;
2005;1.23062e+63;
2006;2.04565e+63;
2007;4.318e+62;
2008;2.21247e+63;
2009;4.31463e+62;
2010;2.04246e+63;
2011;1.22775e+63;
2012;1.56202e+63;
2013;1.83602e+63;
2014;8.447e+62;
2015;2.16405e+63;
2016;6.66872e+51;
2017;2.16238e+63;
2018;8.43391e+62;
2019;1.83176e+63;
2020;1.55718e+63;
2021;1.22299e+63;
2022;2.03298e+63;
2023;4.29127e+62;
2024;2.19878e+63;
2025;4.28796e+62;
2026;2.02985e+63;
2027;1.22017e+63;
2028;1.55238e+63;
2029;1.82471e+63;
2030;8.395e+62;
2031;2.15074e+63;
2032;9.92579e+51;
2033;2.1491e+63;
2034;8.38215e+62;
2035;1.82052e+63;
2036;1.54764e+63;
2037;1.21551e+63;
2038;2.02054e+63;
2039;4.26504e+62;
2040;2.18535e+63;
2041;4.26179e+62;
2042;2.01747e+63;
2043;1.21273e+63;
2044;1.54293e+63;
2045;1.81361e+63;
2046;8.34396e+62;
2047;2.13768e+63;
2048;3.69545e+51;
2049;2.13606e+63;
2050;8.33134e+62;
2051;1.8095e+63;
2052;1.53827e+63;
2053;1.20816e+63;
2054;2.00833e+63;
2055;4.23929e+62;
2056;2.17217e+63;
2057;4.2361e+62;
2058;2.00532e+63;
2059;1.20543e+63;
2060;1.53365e+63;
2061;1.80271e+63;
2062;8.29386e+62;
2063;2.12485e+63;
2064;1.28854e+52;
2065;2.12326e+63;
2066;8.28148e+62;
2067;1.79868e+63;
2068;1.52908e+63;
2069;1.20094e+63;
2070;1.99635e+63;
2071;4.21401e+62;
2072;2.15923e+63;
2073;4.21089e+62;
2074;1.99339e+63;
2075;1.19827e+63;
2076;1.52455e+63;
2077;1.79201e+63;
2078;8.24468e+62;
2079;2.11226e+63;
2080;1.42255e+52;
2081;2.1107e+63;
2082;8.23253e+62;
2083;1.78805e+63;
2084;1.52005e+63;
2085;1.19386e+63;
2086;1.98459e+63;
2087;4.1892e+62;
2088;2.14653e+63;
2089;4.18613e+62;
2090;1.98168e+63;
2091;1.19124e+63;
2092;1.5156e+63;
2093;1.78151e+63;
2094;8.19641e+62;
2095;2.0999e+63;
2096;1.18447e+52;
2097;2.09837e+63;
2098;8.18448e+62;
2099;1.77762e+63;
2100;1.5112e+63;
2101;1.18691e+63;
2102;1.97304e+63;
2103;4.16485e+62;
2104;2.13406e+63;
2105;4.16183e+62;
2106;1.97019e+63;
2107;1.18433e+63;
2108;1.50683e+63;
2109;1.7712e+63;
2110;8.14901e+62;
2111;2.08777e+63;
2112;1.12466e+52;
2113;2.08627e+63;
2114;8.1373e+62;
2115;1.76738e+63;
2116;1.5025e+63;
2117;1.18008e+63;
2118;1.9617e+63;
2119;4.14093e+62;
2120;2.12181e+63;
2121;4.13798e+62;
2122;1.9589e+63;
2123;1.17756e+63;
2124;1.49821e+63;
2125;1.76108e+63;
2126;8.10248e+62;
2127;2.07586e+63;
2128;6.95749e+51;
2129;2.07439e+63;
2130;8.09098e+62;
2131;1.75733e+63;
2132;1.49396e+63;
2133;1.17338e+63;
2134;1.95057e+63;
2135;4.11746e+62;
2136;2.10979e+63;
2137;4.11455e+62;
2138;1.94782e+63;
2139;1.1709e+63;
2140;1.48975e+63;
2141;1.75114e+63;
2142;8.0568e+62;
2143;2.06416e+63;
2144;4.5438e+51;
2145;2.06272e+63;
2146;8.0455e+62;
2147;1.74746e+63;
2148;1.48558e+63;
2149;1.1668e+63;
2150;1.93964e+63;
2151;4.0944e+62;
2152;2.09799e+63;
2153;4.09155e+62;
2154;1.93694e+63;
2155;1.16437e+63;
2156;1.48144e+63;
2157;1.74139e+63;
2158;8.01194e+62;
2159;2.05268e+63;
2160;6.10991e+51;
2161;2.05126e+63;
2162;8.00085e+62;
2163;1.73777e+63;
2164;1.47734e+63;
2165;1.16034e+63;
2166;1.92891e+63;
2167;4.07177e+62;
2168;2.0864e+63;
2169;4.06897e+62;
2170;1.92626e+63;
2171;1.15795e+63;
2172;1.47328e+63;
2173;1.7318e+63;
2174;7.96789e+62;
2175;2.0414e+63;
2176;7.62842e+51;
2177;2.04001e+63;
2178;7.957e+62;
2179;1.72826e+63;
2180;1.46926e+63;
2181;1.154e+63;
2182;1.91837e+63;
2183;4.04954e+62;
2184;2.07502e+63;
2185;4.04679e+62;
2186;1.91577e+63;
2187;1.15165e+63;
2188;1.46527e+63;
2189;1.72239e+63;
2190;7.92463e+62;
2191;2.03033e+63;
2192;4.15939e+52;
2193;2.02896e+63;
2194;7.91394e+62;
2195;1.71891e+63;
2196;1.46132e+63;
2197;1.14777e+63;
2198;1.90802e+63;
2199;4.02771e+62;
2200;2.06384e+63;
2201;4.02501e+62;
2202;1.90547e+63;
2203;1.14546e+63;
2204;1.4574e+63;
2205;1.71315e+63;
2206;7.88215e+62;
2207;2.01945e+63;
2208;1.99039e+52;
2209;2.01811e+63;
2210;7.87165e+62;
2211;1.70973e+63;
2212;1.45352e+63;
2213;1.14165e+63;
2214;1.89786e+63;
2215;4.00628e+62;
2216;2.05287e+63;
2217;4.00362e+62;
2218;1.89535e+63;
2219;1.13938e+63;
2220;1.44968e+63;
2221;1.70408e+63;
2222;7.84043e+62;
2223;2.00877e+63;
2224;6.1825e+52;
2225;2.00745e+63;
2226;7.83012e+62;
2227;1.70072e+63;
2228;1.44587e+63;
2229;1.13564e+63;
2230;1.88788e+63;
2231;3.98522e+62;
2232;2.04209e+63;
2233;3.98262e+62;
2234;1.88541e+63;
2235;1.13341e+63;
2236;1.44209e+63;
2237;1.69517e+63;
2238;7.79946e+62;
2239;1.99829e+63;
2240;1.60104e+52;
2241;1.99699e+63;
2242;7.78933e+62;
2243;1.69187e+63;
2244;1.43835e+63;
2245;1.12974e+63;
2246;1.87808e+63;
2247;3.96454e+62;
2248;2.0315e+63;
2249;3.96199e+62;
2250;1.87565e+63;
2251;1.12755e+63;
2252;1.43464e+63;
2253;1.68641e+63;
2254;7.75922e+62;
2255;1.98798e+63;
2256;1.80181e+52;
2257;1.98671e+63;
2258;7.74927e+62;
2259;1.68317e+63;
2260;1.43096e+63;
2261;1.12394e+63;
2262;1.86845e+63;
2263;3.94423e+62;
2264;2.0211e+63;
2265;3.94172e+62;
2266;1.86607e+63;
2267;1.12179e+63;
2268;1.42732e+63;
2269;1.67782e+63;
2270;7.71969e+62;
2271;1.97786e+63;
2272;6.02498e+51;
2273;1.97661e+63;
2274;7.70992e+62;
2275;1.67463e+63;
2276;1.42371e+63;
2277;1.11825e+63;
2278;1.85899e+63;
2279;3.92429e+62;
2280;2.01089e+63;
2281;3.92182e+62;
2282;1.85665e+63;
2283;1.11614e+63;
2284;1.42013e+63;
2285;1.66937e+63;
2286;7.68086e+62;
2287;1.96792e+63;
2288;2.45263e+52;
2289;1.96669e+63;
2290;7.67127e+62;
2291;1.66624e+63;
2292;1.41658e+63;
2293;1.11265e+63;
2294;1.8497e+63;
2295;3.90469e+62;
2296;2.00086e+63;
2297;3.90227e+62;
2298;1.8474e+63;
2299;1.11058e+63;
2300;1.41307e+63;
2301;1.66108e+63;
2302;7.64273e+62;
2303;1.95816e+63;
2304;4.87711e+51;
2305;1.95695e+63;
2306;7.6333e+62;
2307;1.658e+63;
2308;1.40958e+63;
2309;1.10716e+63;
2310;1.84058e+63;
2311;3.88545e+62;
2312;1.991e+63;
2313;3.88306e+62;
2314;1.83832e+63;
2315;1.10513e+63;
2316;1.40613e+63;
2317;1.65293e+63;
2318;7.60527e+62;
2319;1.94857e+63;
2320;1.46868e+52;
2321;1.94739e+63;
2322;7.59601e+62;
2323;1.64991e+63;
2324;1.40271e+63;
2325;1.10177e+63;
2326;1.83161e+63;
2327;3.86654e+62;
2328;1.98132e+63;
2329;3.8642e+62;
2330;1.8294e+63;
2331;1.09977e+63;
2332;1.39931e+63;
2333;1.64492e+63;
2334;7.56847e+62;
2335;1.93915e+63;
2336;4.48936e+52;
2337;1.93799e+63;
2338;7.55938e+62;
2339;1.64196e+63;
2340;1.39595e+63;
2341;1.09646e+63;
2342;1.82281e+63;
2343;3.84797e+62;
2344;1.97181e+63;
2345;3.84567e+62;
2346;1.82063e+63;
2347;1.0945e+63;
2348;1.39262e+63;
2349;1.63706e+63;
2350;7.53233e+62;
2351;1.9299e+63;
2352;5.01606e+51;
2353;1.92875e+63;
2354;7.52339e+62;
2355;1.63415e+63;
2356;1.38932e+63;
2357;1.09126e+63;
2358;1.81416e+63;
2359;3.82972e+62;
2360;1.96247e+63;
2361;3.82747e+62;
2362;1.81202e+63;
2363;1.08933e+63;
2364;1.38605e+63;
2365;1.62934e+63;
2366;7.49682e+62;
2367;1.92081e+63;
2368;8.69465e+51;
2369;1.91968e+63;
2370;7.48804e+62;
2371;1.62648e+63;
2372;1.3828e+63;
2373;1.08614e+63;
2374;1.80566e+63;
2375;3.8118e+62;
2376;1.9533e+63;
2377;3.80958e+62;
2378;1.80356e+63;
2379;1.08425e+63;
2380;1.37959e+63;
2381;1.62175e+63;
2382;7.46194e+62;
2383;1.91188e+63;
2384;1.29673e+52;
2385;1.91077e+63;
2386;7.45331e+62;
2387;1.61894e+63;
2388;1.3764e+63;
2389;1.08112e+63;
2390;1.79732e+63;
2391;3.7942e+62;
2392;1.94428e+63;
2393;3.79202e+62;
2394;1.79525e+63;
2395;1.07926e+63;
2396;1.37324e+63;
2397;1.6143e+63;
2398;7.42767e+62;
2399;1.9031e+63;
2400;4.20196e+52;
2401;1.90202e+63;
2402;7.4192e+62;
2403;1.61154e+63;
2404;1.37011e+63;
2405;1.07618e+63;
2406;1.78912e+63;
2407;3.7769e+62;
2408;1.93543e+63;
2409;3.77476e+62;
2410;1.78709e+63;
2411;1.07435e+63;
2412;1.36701e+63;
2413;1.60697e+63;
2414;7.39401e+62;
2415;1.89449e+63;
2416;1.70892e+52;
2417;1.89342e+63;
2418;7.38568e+62;
2419;1.60426e+63;
2420;1.36393e+63;
2421;1.07133e+63;
2422;1.78106e+63;
2423;3.75991e+62;
2424;1.92673e+63;
2425;3.75781e+62;
2426;1.77907e+63;
2427;1.06954e+63;
2428;1.36088e+63;
2429;1.59978e+63;
2430;7.36094e+62;
2431;1.88602e+63;
2432;6.94521e+51;
2433;1.88497e+63;
2434;7.35276e+62;
2435;1.59712e+63;
2436;1.35786e+63;
2437;1.06657e+63;
2438;1.77315e+63;
2439;3.74322e+62;
2440;1.91818e+63;
2441;3.74115e+62;
2442;1.77119e+63;
2443;1.0648e+63;
2444;1.35487e+63;
2445;1.59271e+63;
2446;7.32845e+62;
2447;1.8777e+63;
2448;2.02556e+52;
2449;1.87667e+63;
2450;7.32042e+62;
2451;1.5901e+63;
2452;1.3519e+63;
2453;1.06189e+63;
2454;1.76537e+63;
2455;3.72682e+62;
2456;1.90979e+63;
2457;3.72479e+62;
2458;1.76345e+63;
2459;1.06015e+63;
2460;1.34895e+63;
2461;1.58577e+63;
2462;7.29653e+62;
2463;1.86953e+63;
2464;9.13254e+51;
2465;1.86852e+63;
2466;7.28864e+62;
2467;1.5832e+63;
2468;1.34604e+63;
2469;1.05729e+63;
2470;1.75774e+63;
2471;3.71071e+62;
2472;1.90154e+63;
2473;3.70872e+62;
2474;1.75585e+63;
2475;1.05559e+63;
2476;1.34315e+63;
2477;1.57895e+63;
2478;7.26518e+62;
2479;1.86151e+63;
2480;9.33661e+51;
2481;1.86051e+63;
2482;7.25743e+62;
2483;1.57643e+63;
2484;1.34028e+63;
2485;1.05277e+63;
2486;1.75023e+63;
2487;3.69489e+62;
2488;1.89344e+63;
2489;3.69293e+62;
2490;1.74838e+63;
2491;1.0511e+63;
2492;1.33744e+63;
2493;1.57225e+63;
2494;7.23438e+62;
2495;1.85362e+63;
2496;1.60357e+51;
2497;1.85265e+63;
2498;7.22676e+62;
2499;1.56977e+63;
2500;1.33463e+63;
2501;1.04834e+63;
2502;1.74286e+63;
2503;3.67934e+62;
2504;1.88548e+63;
2505;3.67742e+62;
2506;1.74104e+63;
2507;1.04669e+63;
2508;1.33184e+63;
2509;1.56567e+63;
2510;7.20412e+62;
2511;1.84588e+63;
2512;1.6715e+52;
2513;1.84492e+63;
2514;7.19664e+62;
2515;1.56323e+63;
2516;1.32908e+63;
2517;1.04398e+63;
2518;1.73562e+63;
2519;3.66407e+62;
2520;1.87766e+63;
2521;3.66218e+62;
2522;1.73384e+63;
2523;1.04236e+63;
2524;1.32634e+63;
2525;1.55921e+63;
2526;7.1744e+62;
2527;1.83827e+63;
2528;9.09257e+51;
2529;1.83732e+63;
2530;7.16705e+62;
2531;1.55681e+63;
2532;1.32362e+63;
2533;1.0397e+63;
2534;1.72851e+63;
2535;3.64907e+62;
2536;1.86998e+63;
2537;3.64721e+62;
2538;1.72675e+63;
2539;1.03811e+63;
2540;1.32093e+63;
2541;1.55286e+63;
2542;7.1452e+62;
2543;1.83079e+63;
2544;1.44731e+52;
2545;1.82987e+63;
2546;7.13798e+62;
2547;1.5505e+63;
2548;1.31826e+63;
2549;1.03549e+63;
2550;1.72153e+63;
2551;3.63433e+62;
2552;1.86243e+63;
2553;3.63251e+62;
2554;1.7198e+63;
2555;1.03393e+63;
2556;1.31562e+63;
2557;1.54662e+63;
2558;7.11652e+62;
2559;1.82345e+63;
2560;1.56033e+52;
2561;1.82254e+63;
2562;7.10943e+62;
2563;1.54431e+63;
2564;1.313e+63;
2565;1.03136e+63;
2566;1.71466e+63;
2567;3.61986e+62;
2568;1.85502e+63;
2569;3.61807e+62;
2570;1.71297e+63;
2571;1.02983e+63;
2572;1.3104e+63;
2573;1.54049e+63;
2574;7.08835e+62;
2575;1.81624e+63;
2576;1.52044e+51;
2577;1.81534e+63;
2578;7.08138e+62;
2579;1.53822e+63;
2580;1.30783e+63;
2581;1.0273e+63;
2582;1.70792e+63;
2583;3.60564e+62;
2584;1.84774e+63;
2585;3.60388e+62;
2586;1.70626e+63;
2587;1.0258e+63;
2588;1.30528e+63;
2589;1.53447e+63;
2590;7.06067e+62;
2591;1.80915e+63;
2592;9.71689e+51;
2593;1.80827e+63;
2594;7.05383e+62;
2595;1.53224e+63;
2596;1.30275e+63;
2597;1.02332e+63;
2598;1.7013e+63;
2599;3.59167e+62;
2600;1.84059e+63;
2601;3.58995e+62;
2602;1.69966e+63;
2603;1.02184e+63;
2604;1.30024e+63;
2605;1.52856e+63;
2606;7.03349e+62;
2607;1.80219e+63;
2608;2.14672e+51;
2609;1.80133e+63;
2610;7.02677e+62;
2611;1.52637e+63;
2612;1.29776e+63;
2613;1.0194e+63;
2614;1.6948e+63;
2615;3.57796e+62;
2616;1.83356e+63;
2617;3.57626e+62;
2618;1.69319e+63;
2619;1.01795e+63;
2620;1.2953e+63;
2621;1.52275e+63;
2622;7.00679e+62;
2623;1.79536e+63;
2624;1.74945e+52;
2625;1.79451e+63;
2626;7.00019e+62;
2627;1.5206e+63;
2628;1.29286e+63;
2629;1.01555e+63;
2630;1.68841e+63;
2631;3.56448e+62;
2632;1.82667e+63;
2633;3.56282e+62;
2634;1.68683e+63;
2635;1.01413e+63;
2636;1.29044e+63;
2637;1.51705e+63;
2638;6.98057e+62;
2639;1.78865e+63;
2640;5.60217e+51;
2641;1.78782e+63;
2642;6.97409e+62;
2643;1.51493e+63;
2644;1.28805e+63;
2645;1.01178e+63;
2646;1.68214e+63;
2647;3.55125e+62;
2648;1.81989e+63;
2649;3.54961e+62;
2650;1.68059e+63;
2651;1.01038e+63;
2652;1.28567e+63;
2653;1.51144e+63;
2654;6.95482e+62;
2655;1.78205e+63;
2656;3.07687e+52;
2657;1.78124e+63;
2658;6.94845e+62;
2659;1.50937e+63;
2660;1.28332e+63;
2661;1.00807e+63;
2662;1.67598e+63;
2663;3.53826e+62;
2664;1.81324e+63;
2665;3.53665e+62;
2666;1.67445e+63;
2667;1.0067e+63;
2668;1.28099e+63;
2669;1.50594e+63;
2670;6.92953e+62;
2671;1.77558e+63;
2672;1.05225e+52;
2673;1.77478e+63;
2674;6.92328e+62;
2675;1.50391e+63;
2676;1.27868e+63;
2677;1.00443e+63;
2678;1.66993e+63;
2679;3.52549e+62;
2680;1.8067e+63;
2681;3.52391e+62;
2682;1.66843e+63;
2683;1.00308e+63;
2684;1.27639e+63;
2685;1.50054e+63;
2686;6.90469e+62;
2687;1.76922e+63;
2688;1.54194e+52;
2689;1.76843e+63;
2690;6.89856e+62;
2691;1.49854e+63;
2692;1.27412e+63;
2693;1.00085e+63;
2694;1.66398e+63;
2695;3.51296e+62;
2696;1.80029e+63;
2697;3.51141e+62;
2698;1.66252e+63;
2699;9.99525e+62;
2700;1.27187e+63;
2701;1.49524e+63;
2702;6.88031e+62;
2703;1.76298e+63;
2704;2.20413e+52;
2705;1.76221e+63;
2706;6.87428e+62;
2707;1.49327e+63;
2708;1.26965e+63;
2709;9.97337e+62;
2710;1.65815e+63;
2711;3.50066e+62;
2712;1.79399e+63;
2713;3.49913e+62;
2714;1.65671e+63;
2715;9.96036e+62;
2716;1.26744e+63;
2717;1.49003e+63;
2718;6.85636e+62;
2719;1.75685e+63;
2720;6.09228e+51;
2721;1.75609e+63;
2722;6.85044e+62;
2723;1.4881e+63;
2724;1.26525e+63;
2725;9.93888e+62;
2726;1.65242e+63;
2727;3.48857e+62;
2728;1.7878e+63;
2729;3.48708e+62;
2730;1.65101e+63;
2731;9.92611e+62;
2732;1.26308e+63;
2733;1.48491e+63;
2734;6.83285e+62;
2735;1.75083e+63;
2736;8.10766e+51;
2737;1.75008e+63;
2738;6.82704e+62;
2739;1.48302e+63;
2740;1.26094e+63;
2741;9.90502e+62;
2742;1.6468e+63;
2743;3.47671e+62;
2744;1.78173e+63;
2745;3.47524e+62;
2746;1.64541e+63;
2747;9.89249e+62;
2748;1.25881e+63;
2749;1.47989e+63;
2750;6.80977e+62;
2751;1.74492e+63;
2752;1.57821e+52;
2753;1.74419e+63;
2754;6.80406e+62;
2755;1.47803e+63;
2756;1.2567e+63;
2757;9.87178e+62;
2758;1.64128e+63;
2759;3.46507e+62;
2760;1.77576e+63;
2761;3.46362e+62;
2762;1.63991e+63;
2763;9.85948e+62;
2764;1.25461e+63;
2765;1.47496e+63;
2766;6.78711e+62;
2767;1.73912e+63;
2768;1.62031e+52;
2769;1.7384e+63;
2770;6.78151e+62;
2771;1.47314e+63;
2772;1.25254e+63;
2773;9.83915e+62;
2774;1.63586e+63;
2775;3.45363e+62;
2776;1.76991e+63;
2777;3.45222e+62;
2778;1.63452e+63;
2779;9.82707e+62;
2780;1.25049e+63;
2781;1.47013e+63;
2782;6.76486e+62;
2783;1.73342e+63;
2784;2.21169e+52;
2785;1.73272e+63;
2786;6.75937e+62;
2787;1.46833e+63;
2788;1.24846e+63;
2789;9.80712e+62;
2790;1.63054e+63;
2791;3.44241e+62;
2792;1.76417e+63;
2793;3.44102e+62;
2794;1.62922e+63;
2795;9.79526e+62;
2796;1.24645e+63;
2797;1.46538e+63;
2798;6.74303e+62;
2799;1.72784e+63;
2800;3.971e+52;
2801;1.72714e+63;
2802;6.73764e+62;
2803;1.46362e+63;
2804;1.24446e+63;
2805;9.77568e+62;
2806;1.62531e+63;
2807;3.4314e+62;
2808;1.75853e+63;
2809;3.43004e+62;
2810;1.62402e+63;
2811;9.76405e+62;
2812;1.24248e+63;
2813;1.46071e+63;
2814;6.7216e+62;
2815;1.72235e+63;
2816;2.6362e+52;
2817;1.72167e+63;
2818;6.71631e+62;
2819;1.45899e+63;
2820;1.24052e+63;
2821;9.74483e+62;
2822;1.62019e+63;
2823;3.42059e+62;
2824;1.75299e+63;
2825;3.41925e+62;
2826;1.61892e+63;
2827;9.73341e+62;
2828;1.23859e+63;
2829;1.45614e+63;
2830;6.70058e+62;
2831;1.71697e+63;
2832;6.49818e+51;
2833;1.7163e+63;
2834;6.69538e+62;
2835;1.45445e+63;
2836;1.23667e+63;
2837;9.71455e+62;
2838;1.61516e+63;
2839;3.40998e+62;
2840;1.74756e+63;
2841;3.40867e+62;
2842;1.61392e+63;
2843;9.70335e+62;
2844;1.23476e+63;
2845;1.45165e+63;
2846;6.67994e+62;
2847;1.71169e+63;
2848;2.69183e+52;
2849;1.71103e+63;
2850;6.67484e+62;
2851;1.44999e+63;
2852;1.23288e+63;
2853;9.68484e+62;
2854;1.61023e+63;
2855;3.39957e+62;
2856;1.74223e+63;
2857;3.39829e+62;
2858;1.60901e+63;
2859;9.67385e+62;
2860;1.23102e+63;
2861;1.44725e+63;
2862;6.6597e+62;
2863;1.7065e+63;
2864;1.12958e+53;
2865;1.70586e+63;
2866;6.65469e+62;
2867;1.44562e+63;
2868;1.22917e+63;
2869;9.6557e+62;
2870;1.60538e+63;
2871;3.38936e+62;
2872;1.73701e+63;
2873;3.3881e+62;
2874;1.60419e+63;
2875;9.64491e+62;
2876;1.22734e+63;
2877;1.44293e+63;
2878;6.63983e+62;
2879;1.70142e+63;
2880;1.76738e+52;
2881;1.70079e+63;
2882;6.63493e+62;
2883;1.44133e+63;
2884;1.22552e+63;
2885;9.6271e+62;
2886;1.60063e+63;
2887;3.37935e+62;
2888;1.73188e+63;
2889;3.37811e+62;
2890;1.59946e+63;
2891;9.61652e+62;
2892;1.22373e+63;
2893;1.43869e+63;
2894;6.62035e+62;
2895;1.69643e+63;
2896;3.19597e+52;
2897;1.69581e+63;
2898;6.61554e+62;
2899;1.43712e+63;
2900;1.22195e+63;
2901;9.59906e+62;
2902;1.59598e+63;
2903;3.36952e+62;
2904;1.72685e+63;
2905;3.36831e+62;
2906;1.59483e+63;
2907;9.58868e+62;
2908;1.22019e+63;
2909;1.43453e+63;
2910;6.60124e+62;
2911;1.69154e+63;
2912;1.502e+52;
2913;1.69093e+63;
2914;6.59652e+62;
2915;1.43299e+63;
2916;1.21844e+63;
2917;9.57155e+62;
2918;1.59141e+63;
2919;3.35989e+62;
2920;1.72192e+63;
2921;3.3587e+62;
2922;1.59028e+63;
2923;9.56137e+62;
2924;1.21672e+63;
2925;1.43046e+63;
2926;6.5825e+62;
2927;1.68674e+63;
2928;3.3351e+51;
2929;1.68615e+63;
2930;6.57787e+62;
2931;1.42895e+63;
2932;1.21501e+63;
2933;9.54458e+62;
2934;1.58693e+63;
2935;3.35044e+62;
2936;1.71708e+63;
2937;3.34927e+62;
2938;1.58582e+63;
2939;9.5346e+62;
2940;1.21331e+63;
2941;1.42646e+63;
2942;6.56413e+62;
2943;1.68204e+63;
2944;2.70222e+52;
2945;1.68146e+63;
2946;6.55959e+62;
2947;1.42498e+63;
2948;1.21164e+63;
2949;9.51813e+62;
2950;1.58253e+63;
2951;3.34117e+62;
2952;1.71234e+63;
2953;3.34003e+62;
2954;1.58145e+63;
2955;9.50834e+62;
2956;1.20998e+63;
2957;1.42254e+63;
2958;6.54611e+62;
2959;1.67743e+63;
2960;1.36603e+52;
2961;1.67686e+63;
2962;6.54166e+62;
2963;1.42109e+63;
2964;1.20833e+63;
2965;9.4922e+62;
2966;1.57823e+63;
2967;3.33209e+62;
2968;1.70769e+63;
2969;3.33097e+62;
2970;1.57717e+63;
2971;9.48261e+62;
2972;1.2067e+63;
2973;1.4187e+63;
2974;6.52845e+62;
2975;1.67291e+63;
2976;1.88781e+52;
2977;1.67235e+63;
2978;6.52409e+62;
2979;1.41728e+63;
2980;1.20509e+63;
2981;9.46678e+62;
2982;1.57401e+63;
2983;3.32319e+62;
2984;1.70313e+63;
2985;3.32209e+62;
2986;1.57297e+63;
2987;9.45739e+62;
2988;1.2035e+63;
2989;1.41493e+63;
2990;6.51114e+62;
2991;1.66848e+63;
2992;1.66684e+52;
2993;1.66793e+63;
2994;6.50687e+62;
2995;1.41354e+63;
2996;1.20192e+63;
2997;9.44188e+62;
2998;1.56987e+63;
2999;3.31447e+62;
3000;1.69866e+63;
3001;3.31339e+62;
3002;1.56885e+63;
3003;9.43267e+62;
3004;1.20036e+63;
3005;1.41124e+63;
3006;6.49418e+62;
3007;1.66413e+63;
3008;2.47697e+52;
3009;1.6636e+63;
3010;6.48999e+62;
3011;1.40988e+63;
3012;1.19881e+63;
3013;9.41747e+62;
3014;1.56582e+63;
3015;3.30592e+62;
3016;1.69429e+63;
3017;3.30486e+62;
3018;1.56482e+63;
3019;9.40845e+62;
3020;1.19728e+63;
3021;1.40763e+63;
3022;6.47756e+62;
3023;1.65988e+63;
3024;1.00323e+52;
3025;1.65936e+63;
3026;6.47346e+62;
3027;1.40629e+63;
3028;1.19576e+63;
3029;9.39356e+62;
3030;1.56185e+63;
3031;3.29754e+62;
3032;1.69e+63;
3033;3.29651e+62;
3034;1.56087e+63;
3035;9.38472e+62;
3036;1.19426e+63;
3037;1.40408e+63;
3038;6.46128e+62;
3039;1.65571e+63;
3040;1.63309e+53;
3041;1.6552e+63;
3042;6.45727e+62;
3043;1.40278e+63;
3044;1.19278e+63;
3045;9.37014e+62;
3046;1.55796e+63;
3047;3.28934e+62;
3048;1.6858e+63;
3049;3.28833e+62;
3050;1.557e+63;
3051;9.36149e+62;
3052;1.19131e+63;
3053;1.40062e+63;
3054;6.44534e+62;
3055;1.65163e+63;
3056;8.51644e+53;
3057;1.65113e+63;
3058;6.44141e+62;
3059;1.39933e+63;
3060;1.18985e+63;
3061;9.34721e+62;
3062;1.55415e+63;
3063;3.28131e+62;
3064;1.68169e+63;
3065;3.28032e+62;
3066;1.55321e+63;
3067;9.33873e+62;
3068;1.18842e+63;
3069;1.39722e+63;
3070;6.42973e+62;
3071;1.64764e+63;
3072;1.21347e+52;
3073;1.64714e+63;
3074;6.42588e+62;
3075;1.39596e+63;
3076;1.18699e+63;
3077;9.32475e+62;
3078;1.55042e+63;
3079;3.27344e+62;
3080;1.67766e+63;
3081;3.27247e+62;
3082;1.5495e+63;
3083;9.31645e+62;
3084;1.18558e+63;
3085;1.39389e+63;
3086;6.41444e+62;
3087;1.64373e+63;
3088;3.07121e+52;
3089;1.64324e+63;
3090;6.41067e+62;
3091;1.39267e+63;
3092;1.18419e+63;
3093;9.30277e+62;
3094;1.54677e+63;
3095;3.26575e+62;
3096;1.67372e+63;
3097;3.26479e+62;
3098;1.54587e+63;
3099;9.29465e+62;
3100;1.18281e+63;
3101;1.39064e+63;
3102;6.39949e+62;
3103;1.6399e+63;
3104;2.60628e+52;
3105;1.63942e+63;
3106;6.3958e+62;
3107;1.38944e+63;
3108;1.18145e+63;
3109;9.28126e+62;
3110;1.5432e+63;
3111;3.25821e+62;
3112;1.66987e+63;
3113;3.25728e+62;
3114;1.54231e+63;
3115;9.27331e+62;
3116;1.1801e+63;
3117;1.38745e+63;
3118;6.38485e+62;
3119;1.63615e+63;
3120;2.70299e+52;
3121;1.63569e+63;
3122;6.38124e+62;
3123;1.38628e+63;
3124;1.17877e+63;
3125;9.26021e+62;
3126;1.5397e+63;
3127;3.25084e+62;
3128;1.66609e+63;
3129;3.24993e+62;
3130;1.53884e+63;
3131;9.25243e+62;
3132;1.17745e+63;
3133;1.38434e+63;
3134;6.37053e+62;
3135;1.63249e+63;
3136;4.80234e+52;
3137;1.63203e+63;
3138;6.367e+62;
3139;1.38319e+63;
3140;1.17614e+63;
3141;9.23962e+62;
3142;1.53628e+63;
3143;3.24363e+62;
3144;1.6624e+63;
3145;3.24274e+62;
3146;1.53544e+63;
3147;9.23202e+62;
3148;1.17485e+63;
3149;1.38129e+63;
3150;6.35652e+62;
3151;1.6289e+63;
3152;8.0153e+52;
3153;1.62846e+63;
3154;6.35307e+62;
3155;1.38017e+63;
3156;1.17358e+63;
3157;9.21948e+62;
3158;1.53294e+63;
3159;3.23658e+62;
3160;1.65879e+63;
3161;3.23571e+62;
3162;1.53211e+63;
3163;9.21205e+62;
3164;1.17231e+63;
3165;1.37831e+63;
3166;6.34283e+62;
3167;1.6254e+63;
3168;4.31187e+52;
3169;1.62496e+63;
3170;6.33945e+62;
3171;1.37721e+63;
3172;1.17107e+63;
3173;9.1998e+62;
3174;1.52967e+63;
3175;3.22969e+62;
3176;1.65526e+63;
3177;3.22884e+62;
3178;1.52886e+63;
3179;9.19253e+62;
3180;1.16983e+63;
3181;1.3754e+63;
3182;6.32944e+62;
3183;1.62197e+63;
3184;2.57824e+53;
3185;1.62155e+63;
3186;6.32614e+62;
3187;1.37432e+63;
3188;1.16862e+63;
3189;9.18056e+62;
3190;1.52647e+63;
3191;3.22295e+62;
3192;1.65182e+63;
3193;3.22212e+62;
3194;1.52569e+63;
3195;9.17346e+62;
3196;1.16741e+63;
3197;1.37255e+63;
3198;6.31636e+62;
3199;1.61862e+63;
3200;2.52045e+52;
3201;1.61821e+63;
3202;6.31314e+62;
3203;1.3715e+63;
3204;1.16622e+63;
3205;9.16176e+62;
3206;1.52335e+63;
3207;3.21637e+62;
3208;1.64845e+63;
3209;3.21556e+62;
3210;1.52258e+63;
3211;9.15482e+62;
3212;1.16504e+63;
3213;1.36977e+63;
3214;6.30358e+62;
3215;1.61535e+63;
3216;8.62622e+51;
3217;1.61495e+63;
3218;6.30043e+62;
3219;1.36875e+63;
3220;1.16388e+63;
3221;9.1434e+62;
3222;1.5203e+63;
3223;3.20994e+62;
3224;1.64516e+63;
3225;3.20915e+62;
3226;1.51955e+63;
3227;9.13663e+62;
3228;1.16273e+63;
3229;1.36706e+63;
3230;6.2911e+62;
3231;1.61216e+63;
3232;6.74483e+52;
3233;1.61176e+63;
3234;6.28803e+62;
3235;1.36606e+63;
3236;1.16159e+63;
3237;9.12547e+62;
3238;1.51733e+63;
3239;3.20366e+62;
3240;1.64195e+63;
3241;3.20289e+62;
3242;1.51659e+63;
3243;9.11886e+62;
3244;1.16047e+63;
3245;1.36441e+63;
3246;6.27892e+62;
3247;1.60904e+63;
3248;3.08315e+52;
3249;1.60866e+63;
3250;6.27592e+62;
3251;1.36343e+63;
3252;1.15936e+63;
3253;9.10797e+62;
3254;1.51442e+63;
3255;3.19754e+62;
3256;1.63881e+63;
3257;3.19678e+62;
3258;1.51371e+63;
3259;9.10152e+62;
3260;1.15827e+63;
3261;1.36182e+63;
3262;6.26703e+62;
3263;1.606e+63;
3264;1.91292e+52;
3265;1.60562e+63;
3266;6.2641e+62;
3267;1.36087e+63;
3268;1.15719e+63;
3269;9.0909e+62;
3270;1.51159e+63;
3271;3.19156e+62;
3272;1.63575e+63;
3273;3.19082e+62;
3274;1.51089e+63;
3275;9.0846e+62;
3276;1.15612e+63;
3277;1.3593e+63;
3278;6.25543e+62;
3279;1.60303e+63;
3280;4.53924e+52;
3281;1.60267e+63;
3282;6.25258e+62;
3283;1.35836e+63;
3284;1.15506e+63;
3285;9.07425e+62;
3286;1.50882e+63;
3287;3.18573e+62;
3288;1.63277e+63;
3289;3.18501e+62;
3290;1.50814e+63;
3291;9.06811e+62;
3292;1.15402e+63;
3293;1.35683e+63;
3294;6.24412e+62;
3295;1.60014e+63;
3296;2.57231e+52;
3297;1.59978e+63;
3298;6.24134e+62;
3299;1.35593e+63;
3300;1.15299e+63;
3301;9.05801e+62;
3302;1.50613e+63;
3303;3.18005e+62;
3304;1.62986e+63;
3305;3.17935e+62;
3306;1.50546e+63;
3307;9.05203e+62;
3308;1.15198e+63;
3309;1.35444e+63;
3310;6.2331e+62;
3311;1.59732e+63;
3312;5.65812e+51;
3313;1.59697e+63;
3314;6.23039e+62;
3315;1.35355e+63;
3316;1.15098e+63;
3317;9.04219e+62;
3318;1.5035e+63;
3319;3.17451e+62;
3320;1.62703e+63;
3321;3.17383e+62;
3322;1.50285e+63;
3323;9.03636e+62;
3324;1.14999e+63;
3325;1.3521e+63;
3326;6.22236e+62;
3327;1.59457e+63;
3328;2.47767e+52;
3329;1.59423e+63;
3330;6.21972e+62;
3331;1.35124e+63;
3332;1.14901e+63;
3333;9.02678e+62;
3334;1.50094e+63;
3335;3.16912e+62;
3336;1.62427e+63;
3337;3.16845e+62;
3338;1.50031e+63;
3339;9.02111e+62;
3340;1.14805e+63;
3341;1.34982e+63;
3342;6.21191e+62;
3343;1.59189e+63;
3344;4.8917e+52;
3345;1.59156e+63;
3346;6.20934e+62;
3347;1.34899e+63;
3348;1.1471e+63;
3349;9.01178e+62;
3350;1.49845e+63;
3351;3.16387e+62;
3352;1.62158e+63;
3353;3.16322e+62;
3354;1.49784e+63;
3355;9.00626e+62;
3356;1.14616e+63;
3357;1.34761e+63;
3358;6.20173e+62;
3359;1.58929e+63;
3360;1.70966e+52;
3361;1.58897e+63;
3362;6.19923e+62;
3363;1.34679e+63;
3364;1.14524e+63;
3365;8.99718e+62;
3366;1.49603e+63;
3367;3.15876e+62;
3368;1.61897e+63;
3369;3.15813e+62;
3370;1.49543e+63;
3371;8.99181e+62;
3372;1.14433e+63;
3373;1.34545e+63;
3374;6.19183e+62;
3375;1.58676e+63;
3376;2.35353e+52;
3377;1.58645e+63;
3378;6.1894e+62;
3379;1.34466e+63;
3380;1.14343e+63;
3381;8.98299e+62;
3382;1.49367e+63;
3383;3.15379e+62;
3384;1.61642e+63;
3385;3.15318e+62;
3386;1.49309e+63;
3387;8.97776e+62;
3388;1.14254e+63;
3389;1.34336e+63;
3390;6.18221e+62;
3391;1.5843e+63;
3392;2.35838e+51;
3393;1.58399e+63;
3394;6.17984e+62;
3395;1.34259e+63;
3396;1.14167e+63;
3397;8.96919e+62;
3398;1.49138e+63;
3399;3.14896e+62;
3400;1.61395e+63;
3401;3.14837e+62;
3402;1.49082e+63;
3403;8.96411e+62;
3404;1.14081e+63;
3405;1.34132e+63;
3406;6.17286e+62;
3407;1.5819e+63;
3408;2.79315e+52;
3409;1.58161e+63;
3410;6.17056e+62;
3411;1.34058e+63;
3412;1.13996e+63;
3413;8.95578e+62;
3414;1.48916e+63;
3415;3.14427e+62;
3416;1.61155e+63;
3417;3.1437e+62;
3418;1.48861e+63;
3419;8.95086e+62;
3420;1.13912e+63;
3421;1.33935e+63;
3422;6.16378e+62;
3423;1.57958e+63;
3424;2.09893e+52;
3425;1.5793e+63;
3426;6.16155e+62;
3427;1.33862e+63;
3428;1.1383e+63;
3429;8.94277e+62;
3430;1.487e+63;
3431;3.13972e+62;
3432;1.60923e+63;
3433;3.13916e+62;
3434;1.48647e+63;
3435;8.938e+62;
3436;1.13749e+63;
3437;1.33743e+63;
3438;6.15497e+62;
3439;1.57733e+63;
3440;9.06277e+51;
3441;1.57705e+63;
3442;6.15281e+62;
3443;1.33672e+63;
3444;1.13669e+63;
3445;8.93015e+62;
3446;1.4849e+63;
3447;3.13531e+62;
3448;1.60697e+63;
3449;3.13477e+62;
3450;1.48439e+63;
3451;8.92552e+62;
3452;1.13591e+63;
3453;1.33557e+63;
3454;6.14642e+62;
3455;1.57514e+63;
3456;1.51879e+52;
3457;1.57487e+63;
3458;6.14433e+62;
3459;1.33489e+63;
3460;1.13513e+63;
3461;8.91792e+62;
3462;1.48287e+63;
3463;3.13103e+62;
3464;1.60478e+63;
3465;3.1305e+62;
3466;1.48237e+63;
3467;8.91343e+62;
3468;1.13437e+63;
3469;1.33377e+63;
3470;6.13815e+62;
3471;1.57302e+63;
3472;6.84521e+52;
3473;1.57277e+63;
3474;6.13612e+62;
3475;1.33311e+63;
3476;1.13362e+63;
3477;8.90607e+62;
3478;1.4809e+63;
3479;3.12689e+62;
3480;1.60266e+63;
3481;3.12638e+62;
3482;1.48042e+63;
3483;8.90173e+62;
3484;1.13288e+63;
3485;1.33202e+63;
3486;6.13013e+62;
3487;1.57098e+63;
3488;1.18887e+52;
3489;1.57072e+63;
3490;6.12817e+62;
3491;1.33138e+63;
3492;1.13216e+63;
3493;8.89461e+62;
3494;1.479e+63;
3495;3.12288e+62;
3496;1.60061e+63;
3497;3.12238e+62;
3498;1.47854e+63;
3499;8.8904e+62;
3500;1.13145e+63;
3501;1.33034e+63;
3502;6.12238e+62;
3503;1.56899e+63;
3504;1.94097e+52;
3505;1.56875e+63;
3506;6.12049e+62;
3507;1.32972e+63;
3508;1.13074e+63;
3509;8.88352e+62;
3510;1.47716e+63;
3511;3.119e+62;
3512;1.59862e+63;
3513;3.11852e+62;
3514;1.47671e+63;
3515;8.87946e+62;
3516;1.13006e+63;
3517;1.3287e+63;
3518;6.11489e+62;
3519;1.56708e+63;
3520;2.47526e+52;
3521;1.56684e+63;
3522;6.11306e+62;
3523;1.32811e+63;
3524;1.12938e+63;
3525;8.87281e+62;
3526;1.47539e+63;
3527;3.11526e+62;
3528;1.59671e+63;
3529;3.1148e+62;
3530;1.47495e+63;
3531;8.86889e+62;
3532;1.12871e+63;
3533;1.32713e+63;
3534;6.10766e+62;
3535;1.56523e+63;
3536;1.19118e+52;
3537;1.565e+63;
3538;6.10589e+62;
3539;1.32655e+63;
3540;1.12806e+63;
3541;8.86248e+62;
3542;1.47367e+63;
3543;3.11164e+62;
3544;1.59486e+63;
3545;3.1112e+62;
3546;1.47325e+63;
3547;8.8587e+62;
3548;1.12742e+63;
3549;1.32561e+63;
3550;6.10069e+62;
3551;1.56345e+63;
3552;9.93151e+51;
3553;1.56323e+63;
3554;6.09898e+62;
3555;1.32506e+63;
3556;1.12679e+63;
3557;8.85251e+62;
3558;1.47202e+63;
3559;3.10816e+62;
3560;1.59308e+63;
3561;3.10774e+62;
3562;1.47161e+63;
3563;8.84887e+62;
3564;1.12617e+63;
3565;1.32415e+63;
3566;6.09397e+62;
3567;1.56173e+63;
3568;5.67508e+52;
3569;1.56152e+63;
3570;6.09233e+62;
3571;1.32361e+63;
3572;1.12557e+63;
3573;8.84292e+62;
3574;1.47043e+63;
3575;3.10481e+62;
3576;1.59137e+63;
3577;3.1044e+62;
3578;1.47004e+63;
3579;8.83942e+62;
3580;1.12497e+63;
3581;1.32274e+63;
3582;6.08751e+62;
3583;1.56008e+63;
3584;4.94773e+52;
3585;1.55987e+63;
3586;6.08593e+62;
3587;1.32223e+63;
3588;1.12439e+63;
3589;8.8337e+62;
3590;1.4689e+63;
3591;3.10159e+62;
3592;1.58972e+63;
3593;3.10119e+62;
3594;1.46852e+63;
3595;8.83034e+62;
3596;1.12382e+63;
3597;1.32139e+63;
3598;6.0813e+62;
3599;1.55849e+63;
3600;2.1488e+52;
3601;1.55829e+63;
3602;6.07979e+62;
3603;1.32089e+63;
3604;1.12326e+63;
3605;8.82485e+62;
3606;1.46743e+63;
3607;3.0985e+62;
3608;1.58814e+63;
3609;3.09812e+62;
3610;1.46707e+63;
3611;8.82162e+62;
3612;1.12271e+63;
3613;1.32009e+63;
3614;6.07534e+62;
3615;1.55697e+63;
3616;2.03195e+52;
3617;1.55678e+63;
3618;6.07389e+62;
3619;1.31962e+63;
3620;1.12218e+63;
3621;8.81636e+62;
3622;1.46602e+63;
3623;3.09553e+62;
3624;1.58662e+63;
3625;3.09517e+62;
3626;1.46568e+63;
3627;8.81327e+62;
3628;1.12165e+63;
3629;1.31885e+63;
3630;6.06964e+62;
3631;1.55551e+63;
3632;3.2833e+52;
3633;1.55533e+63;
3634;6.06825e+62;
3635;1.31839e+63;
3636;1.12114e+63;
3637;8.80824e+62;
3638;1.46467e+63;
3639;3.09269e+62;
3640;1.58517e+63;
3641;3.09235e+62;
3642;1.46435e+63;
3643;8.80528e+62;
3644;1.12064e+63;
3645;1.31766e+63;
3646;6.06418e+62;
3647;1.55411e+63;
3648;7.45541e+52;
3649;1.55394e+63;
3650;6.06286e+62;
3651;1.31723e+63;
3652;1.12015e+63;
3653;8.80047e+62;
3654;1.46339e+63;
3655;3.08998e+62;
3656;1.58379e+63;
3657;3.08965e+62;
3658;1.46307e+63;
3659;8.79766e+62;
3660;1.11967e+63;
3661;1.31652e+63;
3662;6.05897e+62;
3663;1.55278e+63;
3664;8.06946e+53;
3665;1.55262e+63;
3666;6.05771e+62;
3667;1.31611e+63;
3668;1.1192e+63;
3669;8.79307e+62;
3670;1.46216e+63;
3671;3.0874e+62;
3672;1.58247e+63;
3673;3.08709e+62;
3674;1.46186e+63;
3675;8.79039e+62;
3676;1.11875e+63;
3677;1.31544e+63;
3678;6.05401e+62;
3679;1.55152e+63;
3680;9.16997e+51;
3681;1.55136e+63;
3682;6.05281e+62;
3683;1.31505e+63;
3684;1.1183e+63;
3685;8.78603e+62;
3686;1.46099e+63;
3687;3.08494e+62;
3688;1.58121e+63;
3689;3.08464e+62;
3690;1.46071e+63;
3691;8.78348e+62;
3692;1.11787e+63;
3693;1.31442e+63;
3694;6.0493e+62;
3695;1.55031e+63;
3696;3.58809e+52;
3697;1.55017e+63;
3698;6.04816e+62;
3699;1.31404e+63;
3700;1.11745e+63;
3701;8.77934e+62;
3702;1.45988e+63;
3703;3.08261e+62;
3704;1.58002e+63;
3705;3.08233e+62;
3706;1.45962e+63;
3707;8.77693e+62;
3708;1.11704e+63;
3709;1.31344e+63;
3710;6.04484e+62;
3711;1.54917e+63;
3712;1.36745e+52;
3713;1.54903e+63;
3714;6.04376e+62;
3715;1.31309e+63;
3716;1.11664e+63;
3717;8.77302e+62;
3718;1.45884e+63;
3719;3.0804e+62;
3720;1.57889e+63;
3721;3.08014e+62;
3722;1.45858e+63;
3723;8.77073e+62;
3724;1.11625e+63;
3725;1.31252e+63;
3726;6.04061e+62;
3727;1.54809e+63;
3728;2.82496e+52;
3729;1.54796e+63;
3730;6.0396e+62;
3731;1.31219e+63;
3732;1.11588e+63;
3733;8.76704e+62;
3734;1.45785e+63;
3735;3.07832e+62;
3736;1.57783e+63;
3737;3.07807e+62;
3738;1.45761e+63;
3739;8.76489e+62;
3740;1.11551e+63;
3741;1.31165e+63;
3742;6.03664e+62;
3743;1.54708e+63;
3744;5.48514e+52;
3745;1.54695e+63;
3746;6.03568e+62;
3747;1.31134e+63;
3748;1.11516e+63;
3749;8.76142e+62;
3750;1.45691e+63;
3751;3.07636e+62;
3752;1.57683e+63;
3753;3.07613e+62;
3754;1.45669e+63;
3755;8.7594e+62;
3756;1.11482e+63;
3757;1.31084e+63;
3758;6.0329e+62;
3759;1.54612e+63;
3760;1.33292e+52;
3761;1.54601e+63;
3762;6.03201e+62;
3763;1.31055e+63;
3764;1.11449e+63;
3765;8.75615e+62;
3766;1.45604e+63;
3767;3.07453e+62;
3768;1.5759e+63;
3769;3.07431e+62;
3770;1.45583e+63;
3771;8.75427e+62;
3772;1.11417e+63;
3773;1.31008e+63;
3774;6.02941e+62;
3775;1.54523e+63;
3776;7.22188e+51;
3777;1.54513e+63;
3778;6.02857e+62;
3779;1.3098e+63;
3780;1.11386e+63;
3781;8.75124e+62;
3782;1.45523e+63;
3783;3.07282e+62;
3784;1.57502e+63;
3785;3.07261e+62;
3786;1.45503e+63;
3787;8.74948e+62;
3788;1.11356e+63;
3789;1.30937e+63;
3790;6.02616e+62;
3791;1.5444e+63;
3792;1.74631e+52;
3793;1.5443e+63;
3794;6.02538e+62;
3795;1.30911e+63;
3796;1.11328e+63;
3797;8.74667e+62;
3798;1.45447e+63;
3799;3.07123e+62;
3800;1.57421e+63;
3801;3.07104e+62;
3802;1.45429e+63;
3803;8.74505e+62;
3804;1.113e+63;
3805;1.30871e+63;
3806;6.02315e+62;
3807;1.54364e+63;
3808;1.41655e+52;
3809;1.54354e+63;
3810;6.02244e+62;
3811;1.30848e+63;
3812;1.11274e+63;
3813;8.74246e+62;
3814;1.45378e+63;
3815;3.06977e+62;
3816;1.57347e+63;
3817;3.06959e+62;
3818;1.45361e+63;
3819;8.74097e+62;
3820;1.11248e+63;
3821;1.30811e+63;
3822;6.02038e+62;
3823;1.54293e+63;
3824;7.90418e+52;
3825;1.54285e+63;
3826;6.01973e+62;
3827;1.30789e+63;
3828;1.11224e+63;
3829;8.73859e+62;
3830;1.45314e+63;
3831;3.06842e+62;
3832;1.57278e+63;
3833;3.06826e+62;
3834;1.45299e+63;
3835;8.73723e+62;
3836;1.11201e+63;
3837;1.30755e+63;
3838;6.01785e+62;
3839;1.54229e+63;
3840;1.93763e+52;
3841;1.54221e+63;
3842;6.01726e+62;
3843;1.30736e+63;
3844;1.11179e+63;
3845;8.73507e+62;
3846;1.45255e+63;
3847;3.0672e+62;
3848;1.57216e+63;
3849;3.06706e+62;
3850;1.45242e+63;
3851;8.73384e+62;
3852;1.11158e+63;
3853;1.30705e+63;
3854;6.01556e+62;
3855;1.5417e+63;
3856;1.46421e+53;
3857;1.54163e+63;
3858;6.01503e+62;
3859;1.30688e+63;
3860;1.11138e+63;
3861;8.7319e+62;
3862;1.45203e+63;
3863;3.0661e+62;
3864;1.5716e+63;
3865;3.06598e+62;
3866;1.45191e+63;
3867;8.7308e+62;
3868;1.1112e+63;
3869;1.3066e+63;
3870;6.01351e+62;
3871;1.54118e+63;
3872;4.1624e+52;
3873;1.54112e+63;
3874;6.01304e+62;
3875;1.30645e+63;
3876;1.11102e+63;
3877;8.72908e+62;
3878;1.45156e+63;
3879;3.06513e+62;
3880;1.5711e+63;
3881;3.06501e+62;
3882;1.45146e+63;
3883;8.72811e+62;
3884;1.11086e+63;
3885;1.30621e+63;
3886;6.0117e+62;
3887;1.54072e+63;
3888;3.16779e+52;
3889;1.54067e+63;
3890;6.01129e+62;
3891;1.30607e+63;
3892;1.1107e+63;
3893;8.7266e+62;
3894;1.45116e+63;
3895;3.06427e+62;
3896;1.57067e+63;
3897;3.06417e+62;
3898;1.45106e+63;
3899;8.72576e+62;
3900;1.11056e+63;
3901;1.30586e+63;
3902;6.01013e+62;
3903;1.54032e+63;
3904;2.47183e+52;
3905;1.54028e+63;
3906;6.00977e+62;
3907;1.30575e+63;
3908;1.11043e+63;
3909;8.72447e+62;
3910;1.45081e+63;
3911;3.06354e+62;
3912;1.5703e+63;
3913;3.06346e+62;
3914;1.45073e+63;
3915;8.72375e+62;
3916;1.11031e+63;
3917;1.30557e+63;
3918;6.00879e+62;
3919;1.53998e+63;
3920;2.3754e+52;
3921;1.53995e+63;
3922;6.0085e+62;
3923;1.30547e+63;
3924;1.1102e+63;
3925;8.72268e+62;
3926;1.45051e+63;
3927;3.06293e+62;
3928;1.56999e+63;
3929;3.06286e+62;
3930;1.45045e+63;
3931;8.7221e+62;
3932;1.1101e+63;
3933;1.30533e+63;
3934;6.0077e+62;
3935;1.53971e+63;
3936;3.22935e+51;
3937;1.53968e+63;
3938;6.00746e+62;
3939;1.30525e+63;
3940;1.11001e+63;
3941;8.72124e+62;
3942;1.45028e+63;
3943;3.06244e+62;
3944;1.56974e+63;
3945;3.06238e+62;
3946;1.45023e+63;
3947;8.72078e+62;
3948;1.10994e+63;
3949;1.30514e+63;
3950;6.00684e+62;
3951;1.53949e+63;
3952;3.45621e+52;
3953;1.53947e+63;
3954;6.00666e+62;
3955;1.30508e+63;
3956;1.10987e+63;
3957;8.72014e+62;
3958;1.4501e+63;
3959;3.06207e+62;
3960;1.56955e+63;
3961;3.06203e+62;
3962;1.45006e+63;
3963;8.71982e+62;
3964;1.10982e+63;
3965;1.305e+63;
3966;6.00621e+62;
3967;1.53933e+63;
3968;8.2718e+51;
3969;1.53932e+63;
3970;6.0061e+62;
3971;1.30496e+63;
3972;1.10977e+63;
3973;8.71939e+62;
3974;1.44997e+63;
3975;3.06182e+62;
3976;1.56943e+63;
3977;3.06179e+62;
3978;1.44995e+63;
3979;8.71919e+62;
3980;1.10974e+63;
3981;1.30491e+63;
3982;6.00583e+62;
3983;1.53924e+63;
3984;9.13096e+52;
3985;1.53923e+63;
3986;6.00577e+62;
3987;1.30489e+63;
3988;1.10972e+63;
3989;8.71898e+62;
3990;1.44991e+63;
3991;3.06169e+62;
3992;1.56937e+63;
3993;3.06168e+62;
3994;1.4499e+63;
3995;8.71891e+62;
3996;1.10971e+63;
3997;1.30488e+63;
3998;6.00568e+62;
3999;1.5392e+63;
