0;-6.63363;
1;-15.6754;
2;-14.8197;
3;-16.7777;
4;-16.7847;
5;-18.9307;
6;-21.6109;
7;-22.2747;
8;-22.755;
9;-23.1819;
10;-22.395;
11;-23.6951;
12;-23.7472;
13;-25.3649;
14;-23.7967;
15;-28.2734;
16;-23.2153;
17;-26.161;
18;-25.9994;
19;-26.1881;
20;-27.5657;
21;-26.5881;
22;-25.9337;
23;-29.1293;
24;-24.6062;
25;-29.214;
26;-25.0927;
27;-29.5113;
28;-27.7367;
29;-26.6184;
30;-28.3938;
31;-29.4538;
32;-27.1885;
33;-27.0563;
34;-26.6556;
35;-28.4472;
36;-26.7026;
37;-35.7256;
38;-26.2428;
39;-32.5098;
40;-32.4805;
41;-26.2892;
42;-30.8158;
43;-27.5271;
44;-35.7341;
45;-27.8233;
46;-26.3605;
47;-28.8229;
48;-28.1497;
49;-28.6879;
50;-31.682;
51;-26.9978;
52;-36.8551;
53;-28.7109;
54;-30.7366;
55;-26.9994;
56;-29.1587;
57;-27.1507;
58;-29.8777;
59;-32.0401;
60;-27.8882;
61;-29.7266;
62;-36.2515;
63;-27.4613;
64;-30.6614;
65;-26.5973;
66;-32.8229;
67;-28.9043;
68;-30.2694;
69;-29.6328;
70;-28.1686;
71;-28.8422;
72;-27.7225;
73;-27.9745;
74;-29.4894;
75;-30.2629;
76;-35.0654;
77;-27.9056;
78;-31.7268;
79;-29.5082;
80;-29.0987;
81;-28.4511;
82;-25.8914;
83;-28.8269;
84;-34.6883;
85;-30.8229;
86;-32.375;
87;-27.9125;
88;-29.8537;
89;-31.5421;
90;-27.5822;
91;-29.646;
92;-28.8126;
93;-34.0049;
94;-28.9103;
95;-29.2335;
96;-29.7178;
97;-31.8437;
98;-29.0871;
99;-29.5958;
100;-28.6623;
101;-28.2012;
102;-27.1907;
103;-28.2149;
104;-27.7393;
105;-42.015;
106;-29.6725;
107;-33.938;
108;-33.5195;
109;-29.9395;
110;-32.1205;
111;-32.3328;
112;-27.9321;
113;-27.3937;
114;-28.3848;
115;-30.4641;
116;-31.9976;
117;-31.8951;
118;-28.601;
119;-31.9618;
120;-33.633;
121;-28.2294;
122;-28.8726;
123;-28.1986;
124;-29.203;
125;-29.8859;
126;-28.8009;
127;-30.4184;
128;-29.0837;
129;-29.5406;
130;-30.7554;
131;-28.0005;
132;-29.9154;
133;-30.2443;
134;-28.6945;
135;-30.8703;
136;-32.824;
137;-30.5873;
138;-34.4812;
139;-31.1269;
140;-29.8136;
141;-31.5314;
142;-29.1369;
143;-27.7505;
144;-28.5265;
145;-29.4749;
146;-28.8178;
147;-29.8833;
148;-34.209;
149;-31.7214;
150;-30.1253;
151;-32.3658;
152;-30.9153;
153;-31.3932;
154;-31.0532;
155;-29.6123;
156;-28.5005;
157;-29.3797;
158;-28.9944;
159;-28.0355;
160;-29.1019;
161;-28.1244;
162;-28.5405;
163;-36.2298;
164;-36.7816;
165;-30.4684;
166;-32.5936;
167;-30.6937;
168;-31.0476;
169;-32.9494;
170;-30.3393;
171;-27.207;
172;-28.4184;
173;-30.0094;
174;-29.9256;
175;-30.0536;
176;-30.0695;
177;-29.2265;
178;-32.3152;
179;-31.9898;
180;-30.0504;
181;-28.6319;
182;-29.1163;
183;-27.5842;
184;-29.3494;
185;-33.2732;
186;-29.028;
187;-28.1721;
188;-32.0031;
189;-32.0627;
190;-28.5155;
191;-27.5876;
192;-27.9817;
193;-27.9419;
194;-32.1951;
195;-40.1566;
196;-30.3319;
197;-30.6952;
198;-33.5721;
199;-31.3379;
200;-30.3012;
201;-27.6976;
202;-26.126;
203;-27.8337;
204;-32.471;
205;-32.2113;
206;-38.4669;
207;-33.1392;
208;-32.4822;
209;-30.9664;
210;-28.1019;
211;-29.1578;
212;-27.5507;
213;-28.5654;
214;-28.1684;
215;-28.2201;
216;-31.446;
217;-30.2663;
218;-28.8568;
219;-34.7735;
220;-29.9286;
221;-31.2718;
222;-29.7075;
223;-30.3562;
224;-28.8461;
225;-30.711;
226;-42.6197;
227;-29.5052;
228;-30.1;
229;-34.7557;
230;-39.3497;
231;-30.7869;
232;-28.2415;
233;-28.7341;
234;-30.4436;
235;-33.0805;
236;-38.5719;
237;-31.3483;
238;-34.3238;
239;-29.2568;
240;-29.4502;
241;-30.9749;
242;-33.6335;
243;-33.5687;
244;-31.645;
245;-31.9192;
246;-32.6312;
247;-34.0093;
248;-36.5259;
249;-34.6996;
250;-37.0457;
251;-32.1586;
252;-32.694;
253;-36.4679;
254;-33.797;
255;-38.4992;
256;-31.2239;
257;-33.9243;
258;-31.7724;
259;-40.1228;
260;-34.4049;
261;-37.6418;
262;-33.2404;
263;-32.2575;
264;-29.2307;
265;-32.1082;
266;-37.2226;
267;-31.0194;
268;-29.889;
269;-32.2463;
270;-32.3274;
271;-34.6542;
272;-31.6322;
273;-33.5323;
274;-31.7117;
275;-34.766;
276;-33.6298;
277;-31.8992;
278;-30.4504;
279;-28.4757;
280;-28.9947;
281;-33.9424;
282;-34.5369;
283;-30.7497;
284;-30.4158;
285;-33.0424;
286;-35.4286;
287;-31.0064;
288;-29.9052;
289;-28.3675;
290;-29.0684;
291;-29.9758;
292;-30.745;
293;-31.1913;
294;-31.3373;
295;-31.371;
296;-36.0005;
297;-31.4133;
298;-29.9992;
299;-28.9785;
300;-28.352;
301;-28.0024;
302;-30.0017;
303;-31.6142;
304;-37.4341;
305;-36.0175;
306;-31.9534;
307;-34.5791;
308;-31.1679;
309;-28.4664;
310;-28.3618;
311;-28.494;
312;-33.9825;
313;-35.4548;
314;-33.0386;
315;-33.2143;
316;-35.2219;
317;-39.0254;
318;-30.0057;
319;-28.9827;
320;-30.9889;
321;-33.2153;
322;-35.941;
323;-29.2625;
324;-31.1267;
325;-31.7298;
326;-33.5115;
327;-34.7993;
328;-32.8636;
329;-34.5955;
330;-35.784;
331;-30.7841;
332;-33.5279;
333;-33.1466;
334;-36.2233;
335;-30.5999;
336;-30.0471;
337;-31.3599;
338;-37.5872;
339;-31.4503;
340;-33.6261;
341;-31.9856;
342;-44.1483;
343;-31.0594;
344;-31.272;
345;-32.211;
346;-36.033;
347;-31.1497;
348;-33.0789;
349;-31.0707;
350;-29.3376;
351;-27.0945;
352;-30.7921;
353;-34.3239;
354;-30.5944;
355;-31.6281;
356;-31.3454;
357;-29.859;
358;-29.4736;
359;-28.1612;
360;-28.4538;
361;-30.2859;
362;-31.5206;
363;-28.4557;
364;-30.9666;
365;-32.419;
366;-27.3712;
367;-28.7618;
368;-29.1654;
369;-29.0377;
370;-29.7109;
371;-28.4029;
372;-28.8151;
373;-29.903;
374;-32.1147;
375;-36.3168;
376;-27.6689;
377;-29.8606;
378;-32.8101;
379;-31.7101;
380;-32.5321;
381;-28.4285;
382;-28.3846;
383;-33.2391;
384;-30.5118;
385;-30.4079;
386;-31.3454;
387;-29.4854;
388;-32.8706;
389;-29.7434;
390;-29.3536;
391;-33.6506;
392;-41.7079;
393;-32.0261;
394;-30.3985;
395;-29.3301;
396;-34.6903;
397;-34.4201;
398;-34.1653;
399;-32.9612;
400;-34.8311;
401;-30.2304;
402;-29.7703;
403;-29.5147;
404;-38.3822;
405;-32.7768;
406;-28.5994;
407;-29.5701;
408;-31.6868;
409;-34.2409;
410;-38.168;
411;-34.8478;
412;-30.0388;
413;-28.5079;
414;-30.5365;
415;-31.3449;
416;-27.4559;
417;-27.4836;
418;-28.5561;
419;-28.9189;
420;-37.8449;
421;-30.5794;
422;-27.4089;
423;-29.8936;
424;-31.361;
425;-28.6606;
426;-28.6493;
427;-28.6963;
428;-26.7804;
429;-27.736;
430;-31.2933;
431;-33.3366;
432;-31.1052;
433;-31.2628;
434;-28.9613;
435;-28.0223;
436;-28.5205;
437;-28.3733;
438;-28.0428;
439;-30.5966;
440;-29.4943;
441;-30.7686;
442;-34.3253;
443;-33.7019;
444;-28.88;
445;-27.549;
446;-28.1235;
447;-28.0588;
448;-30.1635;
449;-31.7344;
450;-30.2888;
451;-29.2912;
452;-30.7778;
453;-39.3439;
454;-29.5103;
455;-29.3425;
456;-28.5563;
457;-29.0441;
458;-31.6349;
459;-34.5986;
460;-30.3302;
461;-30.3603;
462;-31.9618;
463;-32.2425;
464;-36.6675;
465;-40.8751;
466;-29.134;
467;-29.5852;
468;-30.3383;
469;-31.4933;
470;-31.7982;
471;-30.0179;
472;-30.8852;
473;-35.2105;
474;-29.9694;
475;-39.6343;
476;-30.8632;
477;-28.5124;
478;-30.8248;
479;-31.004;
480;-28.7121;
481;-29.2409;
482;-30.0072;
483;-32.266;
484;-31.1095;
485;-31.5125;
486;-29.7043;
487;-28.4426;
488;-30.4567;
489;-28.036;
490;-27.0525;
491;-28.7206;
492;-27.6665;
493;-29.8891;
494;-31.0238;
495;-30.2882;
496;-30.374;
497;-29.4718;
498;-29.1038;
499;-28.7264;
500;-30.2944;
501;-27.4369;
502;-26.5386;
503;-27.525;
504;-29.5271;
505;-35.8767;
506;-27.2868;
507;-27.4097;
508;-29.5738;
509;-34.1052;
510;-35.7715;
511;-43.5402;
512;-30.9936;
513;-27.8625;
514;-28.4132;
515;-32.2736;
516;-27.5362;
517;-27.5349;
518;-29.5331;
519;-28.7946;
520;-31.2477;
521;-32.5989;
522;-28.7083;
523;-35.4095;
524;-33.6363;
525;-28.689;
526;-29.3862;
527;-31.6932;
528;-32.0634;
529;-30.2071;
530;-31.6415;
531;-34.3833;
532;-38.2809;
533;-31.3556;
534;-27.6379;
535;-27.8301;
536;-29.5153;
537;-31.8471;
538;-34.031;
539;-32.5823;
540;-31.9751;
541;-31.7979;
542;-29.0463;
543;-30.5875;
544;-29.2695;
545;-29.2407;
546;-29.9687;
547;-32.294;
548;-32.3329;
549;-34.0125;
550;-31.1756;
551;-32.0042;
552;-33.5923;
553;-31.916;
554;-30.6463;
555;-37.3343;
556;-34.8159;
557;-33.9076;
558;-31.0096;
559;-31.5501;
560;-29.9637;
561;-33.3549;
562;-35.4082;
563;-33.1416;
564;-34.1904;
565;-30.9877;
566;-34.3539;
567;-31.5728;
568;-33.263;
569;-31.7966;
570;-33.3232;
571;-31.8235;
572;-29.9131;
573;-29.6058;
574;-30.313;
575;-28.7551;
576;-28.5917;
577;-29.3222;
578;-35.1359;
579;-37.6759;
580;-37.4607;
581;-31.3897;
582;-35.6881;
583;-30.1068;
584;-27.288;
585;-28.92;
586;-32.4644;
587;-33.7493;
588;-34.5063;
589;-30.997;
590;-30.3438;
591;-31.5232;
592;-39.404;
593;-30.6007;
594;-31.4181;
595;-32.0391;
596;-29.6523;
597;-30.8187;
598;-30.1174;
599;-29.3966;
600;-30.5776;
601;-30.4863;
602;-29.5252;
603;-29.3081;
604;-31.3233;
605;-31.6941;
606;-32.2045;
607;-30.9952;
608;-29.8395;
609;-29.4114;
610;-33.574;
611;-31.0495;
612;-31.5095;
613;-29.5652;
614;-30.6428;
615;-27.8637;
616;-27.9202;
617;-29.0193;
618;-31.8544;
619;-32.8638;
620;-31.1284;
621;-30.356;
622;-34.3928;
623;-31.0373;
624;-29.3958;
625;-33.8634;
626;-30.8157;
627;-28.2431;
628;-29.6517;
629;-36.3288;
630;-28.5971;
631;-29.8173;
632;-31.2912;
633;-27.2549;
634;-28.4705;
635;-35.3538;
636;-31.9103;
637;-30.8958;
638;-30.8472;
639;-28.2687;
640;-29.0071;
641;-31.2109;
642;-27.8128;
643;-26.8445;
644;-27.27;
645;-27.9702;
646;-30.9108;
647;-33.8134;
648;-31.2853;
649;-28.1639;
650;-27.8102;
651;-29.3858;
652;-30.4951;
653;-27.0392;
654;-27.3685;
655;-28.3207;
656;-32.6697;
657;-34.3106;
658;-32.984;
659;-29.1067;
660;-30.57;
661;-35.339;
662;-31.9484;
663;-34.5627;
664;-32.3117;
665;-34.384;
666;-31.8811;
667;-32.2212;
668;-30.4593;
669;-33.7947;
670;-36.0139;
671;-33.9352;
672;-35.093;
673;-34.2705;
674;-28.9081;
675;-27.2417;
676;-28.2887;
677;-32.2393;
678;-33.2799;
679;-31.8784;
680;-29.4046;
681;-29.7184;
682;-34.6754;
683;-32.6435;
684;-29.8125;
685;-27.0288;
686;-28.542;
687;-28.6581;
688;-31.1782;
689;-31.414;
690;-28.7686;
691;-29.4081;
692;-27.5623;
693;-27.7189;
694;-32.0667;
695;-38.0823;
696;-31.3439;
697;-30.5734;
698;-30.4865;
699;-29.902;
700;-30.0711;
701;-35.5584;
702;-29.6131;
703;-28.4338;
704;-29.0299;
705;-37.5019;
706;-28.8007;
707;-30.2722;
708;-26.8217;
709;-27.9286;
710;-29.1702;
711;-34.217;
712;-28.4277;
713;-32.015;
714;-28.4353;
715;-35.8403;
716;-28.7201;
717;-28.3679;
718;-28.3814;
719;-29.0246;
720;-27.2718;
721;-32.5774;
722;-32.0267;
723;-28.168;
724;-27.3131;
725;-34.6502;
726;-29.2309;
727;-29.4866;
728;-28.8088;
729;-28.7904;
730;-28.7519;
731;-36.1769;
732;-30.031;
733;-31.335;
734;-26.6079;
735;-27.9873;
736;-34.883;
737;-27.7304;
738;-28.7166;
739;-38.2332;
740;-27.1878;
741;-28.161;
742;-31.1459;
743;-29.8887;
744;-29.1587;
745;-28.4228;
746;-33.3155;
747;-30.9446;
748;-28.0442;
749;-28.5721;
750;-31.0711;
751;-32.7351;
752;-34.0646;
753;-34.0198;
754;-30.1801;
755;-26.6732;
756;-28.6997;
757;-31.5543;
758;-31.123;
759;-30.2577;
760;-34.6748;
761;-29.7648;
762;-31.1145;
763;-30.9956;
764;-44.3528;
765;-33.5626;
766;-27.0919;
767;-28.0074;
768;-30.9343;
769;-30.1456;
770;-28.2507;
771;-27.1768;
772;-28.7121;
773;-28.477;
774;-30.1254;
775;-32.486;
776;-28.4664;
777;-29.8199;
778;-29.1498;
779;-29.6518;
780;-29.2181;
781;-32.394;
782;-30.5352;
783;-33.9164;
784;-28.9072;
785;-27.9565;
786;-37.5994;
787;-28.6551;
788;-27.432;
789;-32.4689;
790;-29.3087;
791;-27.7076;
792;-29.7325;
793;-30.3021;
794;-27.9481;
795;-30.7692;
796;-27.8514;
797;-27.8716;
798;-31.5619;
799;-33.6976;
800;-32.3858;
801;-29.0719;
802;-26.6493;
803;-26.6535;
804;-29.1047;
805;-30.051;
806;-26.4443;
807;-29.1452;
808;-31.9017;
809;-29.3461;
810;-28.3395;
811;-31.6174;
812;-31.1319;
813;-32.0024;
814;-26.9588;
815;-27.9492;
816;-31.2077;
817;-29.4328;
818;-29.1531;
819;-34.4467;
820;-30.6263;
821;-31.1601;
822;-28.4543;
823;-28.8035;
824;-27.7791;
825;-36.2537;
826;-36.0228;
827;-28.6976;
828;-28.4487;
829;-35.7324;
830;-27.7355;
831;-28.5182;
832;-27.9021;
833;-29.1518;
834;-30.9428;
835;-27.4669;
836;-26.1425;
837;-28.1113;
838;-32.4002;
839;-30.2001;
840;-30.062;
841;-29.597;
842;-27.3142;
843;-27.7678;
844;-30.6725;
845;-34.8503;
846;-29.566;
847;-29.413;
848;-31.1905;
849;-28.1666;
850;-27.3397;
851;-36.2096;
852;-36.9474;
853;-34.8195;
854;-28.5508;
855;-34.3799;
856;-34.5399;
857;-28.1559;
858;-27.1467;
859;-28.6427;
860;-31.8329;
861;-27.4263;
862;-29.2507;
863;-29.1578;
864;-28.4384;
865;-36.8701;
866;-31.9202;
867;-30.22;
868;-38.4193;
869;-28.4196;
870;-30.4104;
871;-32.0115;
872;-29.724;
873;-30.6547;
874;-32.2712;
875;-29.9706;
876;-32.7061;
877;-36.6933;
878;-32.5619;
879;-27.3157;
880;-26.1878;
881;-33.6661;
882;-28.6056;
883;-28.3677;
884;-28.1157;
885;-37.4987;
886;-31.2327;
887;-31.1814;
888;-28.7606;
889;-38.7671;
890;-34.8399;
891;-29.5308;
892;-32.3191;
893;-29.8495;
894;-27.8371;
895;-28.9706;
896;-29.2049;
897;-33.1231;
898;-32.1272;
899;-34.7588;
900;-30.3439;
901;-26.4496;
902;-27.5147;
903;-31.3268;
904;-30.7183;
905;-28.3954;
906;-35.3642;
907;-29.7757;
908;-32.6979;
909;-33.7233;
910;-29.3996;
911;-34.8988;
912;-29.6646;
913;-28.2423;
914;-29.6735;
915;-34.3748;
916;-36.9;
917;-27.6021;
918;-33.5891;
919;-30.0855;
920;-29.0436;
921;-31.9796;
922;-29.5252;
923;-25.4871;
924;-27.226;
925;-31.7464;
926;-29.5692;
927;-29.4404;
928;-29.7588;
929;-29.5433;
930;-29.0166;
931;-27.2596;
932;-27.8996;
933;-28.0737;
934;-31.09;
935;-27.8451;
936;-30.3086;
937;-29.3696;
938;-31.0761;
939;-27.9771;
940;-27.5119;
941;-32.1795;
942;-31.3698;
943;-37.6899;
944;-29.4011;
945;-28.3283;
946;-27.318;
947;-32.5128;
948;-28.0197;
949;-28.5721;
950;-31.3288;
951;-31.3508;
952;-30.9389;
953;-28.8759;
954;-28.1279;
955;-31.1736;
956;-31.1714;
957;-34.5798;
958;-32.7557;
959;-30.1492;
960;-26.4877;
961;-26.2308;
962;-27.9993;
963;-29.921;
964;-32.7337;
965;-30.2325;
966;-28.6872;
967;-25.5663;
968;-27.621;
969;-30.9505;
970;-35.295;
971;-29.5371;
972;-33.7431;
973;-28.3653;
974;-37.9769;
975;-30.0557;
976;-27.6862;
977;-30.6266;
978;-32.5372;
979;-28.7435;
980;-39.85;
981;-31.0678;
982;-43.1469;
983;-26.7994;
984;-28.9583;
985;-35.7211;
986;-31.3932;
987;-31.3095;
988;-29.1809;
989;-25.345;
990;-26.9944;
991;-39.8713;
992;-35.7943;
993;-29.8831;
994;-26.9948;
995;-35.2849;
996;-31.851;
997;-32.0649;
998;-30.6404;
999;-29.4089;
1000;-33.791;
1001;-29.6794;
1002;-28.2959;
1003;-30.7803;
1004;-32.2781;
1005;-30.1197;
1006;-29.1431;
1007;-29.7561;
1008;-29.5075;
1009;-28.2151;
1010;-26.563;
1011;-31.684;
1012;-29.5295;
1013;-30.5634;
1014;-28.9119;
1015;-28.0458;
1016;-29.6057;
1017;-27.8945;
1018;-31.5607;
1019;-27.8977;
1020;-30.2218;
1021;-36.0317;
1022;-34.1918;
1023;-27.4153;
1024;-30.9597;
1025;-29.0636;
1026;-34.6006;
1027;-30.3947;
1028;-32.4564;
1029;-29.2087;
1030;-33.8191;
1031;-27.1151;
1032;-35.8976;
1033;-29.7733;
1034;-30.1636;
1035;-27.7378;
1036;-28.9689;
1037;-26.747;
1038;-26.5195;
1039;-26.7648;
1040;-27.4445;
1041;-31.4673;
1042;-27.3513;
1043;-29.9542;
1044;-26.1348;
1045;-27.8345;
1046;-30.0768;
1047;-30.821;
1048;-29.4524;
1049;-34.2676;
1050;-28.4618;
1051;-28.6902;
1052;-29.5477;
1053;-26.6003;
1054;-27.0548;
1055;-35.3379;
1056;-34.288;
1057;-32.1483;
1058;-30.1554;
1059;-34.0144;
1060;-28.3491;
1061;-26.906;
1062;-31.4166;
1063;-31.3028;
1064;-29.1537;
1065;-26.4313;
1066;-30.6149;
1067;-27.5697;
1068;-32.3027;
1069;-32.8765;
1070;-31.5271;
1071;-26.076;
1072;-27.0081;
1073;-27.4004;
1074;-26.1684;
1075;-28.4608;
1076;-28.8595;
1077;-28.6188;
1078;-27.74;
1079;-29.3971;
1080;-28.4167;
1081;-34.3714;
1082;-29.2652;
1083;-29.6216;
1084;-29.8612;
1085;-29.9471;
1086;-30.6358;
1087;-32.3119;
1088;-29.6126;
1089;-27.8237;
1090;-33.1818;
1091;-32.0542;
1092;-29.943;
1093;-31.1263;
1094;-27.8099;
1095;-28.5997;
1096;-28.3899;
1097;-27.9568;
1098;-29.1238;
1099;-32.0727;
1100;-29.5709;
1101;-25.665;
1102;-29.7342;
1103;-30.316;
1104;-32.2231;
1105;-29.6369;
1106;-31.0831;
1107;-27.0939;
1108;-28.5412;
1109;-28.2072;
1110;-27.482;
1111;-26.6187;
1112;-26.1489;
1113;-32.7328;
1114;-30.5621;
1115;-31.2343;
1116;-28.5592;
1117;-31.6548;
1118;-29.32;
1119;-27.7084;
1120;-30.2379;
1121;-33.0955;
1122;-29.8127;
1123;-31.444;
1124;-29.1853;
1125;-26.5562;
1126;-30.6456;
1127;-33.28;
1128;-28.3438;
1129;-32.9174;
1130;-29.6217;
1131;-29.1093;
1132;-29.5111;
1133;-35.6673;
1134;-30.9741;
1135;-27.1921;
1136;-33.5538;
1137;-28.8094;
1138;-30.6864;
1139;-28.4998;
1140;-27.5009;
1141;-28.3668;
1142;-33.5919;
1143;-27.2311;
1144;-28.4603;
1145;-25.3652;
1146;-24.9666;
1147;-28.5791;
1148;-26.7893;
1149;-32.0249;
1150;-30.3872;
1151;-31.377;
1152;-26.751;
1153;-27.1359;
1154;-26.7287;
1155;-28.7555;
1156;-27.537;
1157;-29.2443;
1158;-27.6615;
1159;-25.2488;
1160;-27.7343;
1161;-26.7834;
1162;-28.3365;
1163;-25.4688;
1164;-28.3408;
1165;-29.3783;
1166;-29.5196;
1167;-29.9162;
1168;-29.8434;
1169;-26.28;
1170;-26.4095;
1171;-27.7543;
1172;-26.0762;
1173;-28.133;
1174;-26.4893;
1175;-29.1308;
1176;-28.09;
1177;-27.1284;
1178;-26.6258;
1179;-28.2826;
1180;-32.9832;
1181;-30.4221;
1182;-31.0441;
1183;-27.3957;
1184;-28.0033;
1185;-27.5806;
1186;-35.6147;
1187;-26.0365;
1188;-28.7079;
1189;-29.463;
1190;-29.4776;
1191;-31.6441;
1192;-29.7161;
1193;-28.9282;
1194;-33.1275;
1195;-33.3797;
1196;-28.4588;
1197;-32.225;
1198;-27.8949;
1199;-30.9424;
1200;-30.3079;
1201;-28.1807;
1202;-26.7933;
1203;-29.4135;
1204;-38.0368;
1205;-29.0418;
1206;-33.1249;
1207;-30.0508;
1208;-30.3814;
1209;-30.7681;
1210;-37.044;
1211;-27.8636;
1212;-32.7045;
1213;-30.2834;
1214;-30.3267;
1215;-30.9006;
1216;-35.9739;
1217;-30.0004;
1218;-32.7779;
1219;-31.0508;
1220;-28.2695;
1221;-30.0233;
1222;-29.7003;
1223;-29.6259;
1224;-30.9165;
1225;-28.5847;
1226;-26.898;
1227;-34.4242;
1228;-32.9196;
1229;-29.7966;
1230;-31.9197;
1231;-31.2835;
1232;-29.2814;
1233;-32.4383;
1234;-35.6953;
1235;-33.8375;
1236;-31.34;
1237;-27.6889;
1238;-27.3865;
1239;-27.7947;
1240;-26.745;
1241;-27.7409;
1242;-28.0322;
1243;-30.711;
1244;-30.5334;
1245;-29.4273;
1246;-29.4318;
1247;-29.5433;
1248;-34.3261;
1249;-29.8993;
1250;-31.9696;
1251;-32.1952;
1252;-34.1011;
1253;-31.5577;
1254;-28.9572;
1255;-28.7295;
1256;-33.8063;
1257;-36.7527;
1258;-28.6376;
1259;-45.1359;
1260;-29.1045;
1261;-30.6431;
1262;-29.7685;
1263;-30.5094;
1264;-28.4055;
1265;-28.7903;
1266;-28.288;
1267;-29.9339;
1268;-31.1683;
1269;-33.1366;
1270;-33.1438;
1271;-30.9372;
1272;-30.7563;
1273;-28.8316;
1274;-28.7524;
1275;-29.953;
1276;-31.3022;
1277;-32.3467;
1278;-30.787;
1279;-29.8311;
1280;-31.1778;
1281;-31.0198;
1282;-30.2886;
1283;-31.5061;
1284;-32.082;
1285;-28.8811;
1286;-27.834;
1287;-28.1533;
1288;-26.9937;
1289;-27.765;
1290;-30.5524;
1291;-34.2214;
1292;-30.0944;
1293;-31.3031;
1294;-30.8104;
1295;-32.3586;
1296;-35.1239;
1297;-33.172;
1298;-29.0371;
1299;-29.39;
1300;-33.5153;
1301;-28.2659;
1302;-29.777;
1303;-31.9402;
1304;-28.7018;
1305;-31.0857;
1306;-30.907;
1307;-28.4461;
1308;-28.7728;
1309;-29.4323;
1310;-28.6373;
1311;-35.2271;
1312;-30.3203;
1313;-29.2343;
1314;-31.4861;
1315;-32.5301;
1316;-28.0965;
1317;-33.8866;
1318;-35.1551;
1319;-34.023;
1320;-30.8967;
1321;-32.5985;
1322;-27.1585;
1323;-31.0144;
1324;-29.7777;
1325;-30.1102;
1326;-30.6963;
1327;-27.2247;
1328;-27.8257;
1329;-33.7458;
1330;-29.6694;
1331;-32.4725;
1332;-33.034;
1333;-28.461;
1334;-29.2117;
1335;-30.8223;
1336;-28.9508;
1337;-34.462;
1338;-29.5249;
1339;-34.4501;
1340;-32.4221;
1341;-30.2388;
1342;-29.9904;
1343;-35.9102;
1344;-33.1836;
1345;-28.1989;
1346;-34.0316;
1347;-37.3239;
1348;-26.8602;
1349;-30.5664;
1350;-33.1142;
1351;-26.9944;
1352;-29.5819;
1353;-35.6004;
1354;-28.3496;
1355;-32.8692;
1356;-29.1598;
1357;-36.3483;
1358;-31.5538;
1359;-29.7075;
1360;-32.5927;
1361;-29.0547;
1362;-32.9447;
1363;-28.8432;
1364;-31.2803;
1365;-32.5488;
1366;-31.6715;
1367;-34.987;
1368;-34.096;
1369;-28.0176;
1370;-32.0469;
1371;-27.531;
1372;-27.1151;
1373;-29.2856;
1374;-29.3043;
1375;-29.5799;
1376;-29.3507;
1377;-31.2877;
1378;-30.8694;
1379;-33.1215;
1380;-33.8705;
1381;-34.7179;
1382;-28.6355;
1383;-30.0897;
1384;-30.7566;
1385;-32.1891;
1386;-35.3182;
1387;-29.6143;
1388;-29.9024;
1389;-28.021;
1390;-31.0562;
1391;-29.5712;
1392;-28.149;
1393;-28.618;
1394;-34.5578;
1395;-27.3556;
1396;-29.6065;
1397;-33.19;
1398;-28.4216;
1399;-28.254;
1400;-36.5684;
1401;-37.4914;
1402;-31.3549;
1403;-33.9257;
1404;-28.2284;
1405;-33.0551;
1406;-32.524;
1407;-31.0177;
1408;-29.9286;
1409;-29.111;
1410;-28.9845;
1411;-27.4021;
1412;-29.0091;
1413;-30.6793;
1414;-29.0096;
1415;-32.1047;
1416;-29.0055;
1417;-28.1384;
1418;-32.5905;
1419;-30.8652;
1420;-32.5069;
1421;-32.4954;
1422;-28.1602;
1423;-31.9404;
1424;-30.0139;
1425;-29.5315;
1426;-34.0717;
1427;-29.7655;
1428;-31.1874;
1429;-30.3564;
1430;-31.3797;
1431;-38.7043;
1432;-28.7321;
1433;-34.1008;
1434;-30.1123;
1435;-28.4472;
1436;-33.7836;
1437;-29.5963;
1438;-27.5033;
1439;-30.5921;
1440;-32.4833;
1441;-32.621;
1442;-28.0192;
1443;-29.6259;
1444;-27.8879;
1445;-28.2054;
1446;-31.2843;
1447;-30.4384;
1448;-29.1835;
1449;-30.5072;
1450;-30.3172;
1451;-28.2272;
1452;-31.9221;
1453;-32.7931;
1454;-37.3495;
1455;-28.5516;
1456;-30.7019;
1457;-31.7026;
1458;-28.2419;
1459;-34.019;
1460;-39.0244;
1461;-28.2845;
1462;-33.3456;
1463;-32.923;
1464;-27.6062;
1465;-30.8377;
1466;-29.3474;
1467;-27.9909;
1468;-32.9025;
1469;-27.9412;
1470;-27.0602;
1471;-33.7217;
1472;-36.2513;
1473;-27.6877;
1474;-31.6415;
1475;-33.8868;
1476;-30.6785;
1477;-30.0949;
1478;-31.7625;
1479;-29.4601;
1480;-36.9862;
1481;-29.0699;
1482;-29.8314;
1483;-27.6127;
1484;-29.3967;
1485;-29.5219;
1486;-30.2097;
1487;-30.8235;
1488;-29.6337;
1489;-29.8695;
1490;-30.89;
1491;-30.5302;
1492;-31.88;
1493;-36.34;
1494;-34.8112;
1495;-32.7341;
1496;-28.5502;
1497;-32.3883;
1498;-29.0101;
1499;-30.7584;
1500;-33.3047;
1501;-30.7984;
1502;-30.1298;
1503;-33.099;
1504;-36.1687;
1505;-29.9251;
1506;-28.9264;
1507;-33.1212;
1508;-29.8334;
1509;-26.5957;
1510;-30.0444;
1511;-29.6277;
1512;-29.5881;
1513;-35.8723;
1514;-29.5145;
1515;-36.7126;
1516;-31.1596;
1517;-27.3806;
1518;-37.5799;
1519;-29.3603;
1520;-29.0418;
1521;-31.8983;
1522;-29.2582;
1523;-27.3527;
1524;-31.2404;
1525;-27.7833;
1526;-28.4253;
1527;-28.3536;
1528;-30.4688;
1529;-29.5415;
1530;-27.8194;
1531;-31.6312;
1532;-30.3777;
1533;-29.0481;
1534;-32.1516;
1535;-28.1075;
1536;-30.0168;
1537;-29.7764;
1538;-34.6542;
1539;-29.0816;
1540;-28.6297;
1541;-27.6839;
1542;-29.2539;
1543;-30.0254;
1544;-28.018;
1545;-29.0416;
1546;-30.5105;
1547;-29.4449;
1548;-33.9183;
1549;-29.0126;
1550;-29.7358;
1551;-30.6689;
1552;-30.0935;
1553;-28.994;
1554;-32.0178;
1555;-32.5338;
1556;-28.23;
1557;-31.3994;
1558;-34.024;
1559;-30.212;
1560;-32.8095;
1561;-38.0223;
1562;-28.426;
1563;-32.4742;
1564;-33.1617;
1565;-29.9843;
1566;-36.1642;
1567;-29.8788;
1568;-31.3918;
1569;-28.5993;
1570;-31.7638;
1571;-28.5811;
1572;-30.8074;
1573;-28.7331;
1574;-29.2802;
1575;-30.2473;
1576;-29.9734;
1577;-28.3198;
1578;-35.8886;
1579;-28.1086;
1580;-29.0674;
1581;-29.0604;
1582;-32.1834;
1583;-40.6247;
1584;-29.9106;
1585;-30.0075;
1586;-35.7748;
1587;-31.3429;
1588;-29.0173;
1589;-37.9534;
1590;-32.9282;
1591;-28.2463;
1592;-31.5036;
1593;-30.3862;
1594;-26.7119;
1595;-31.1739;
1596;-28.3104;
1597;-27.5081;
1598;-28.8777;
1599;-30.0492;
1600;-29.9333;
1601;-28.8095;
1602;-30.8195;
1603;-32.3262;
1604;-28.8091;
1605;-31.5656;
1606;-32.5919;
1607;-28.8359;
1608;-29.5928;
1609;-28.5511;
1610;-30.1128;
1611;-28.1824;
1612;-29.6062;
1613;-28.2079;
1614;-30.5038;
1615;-29.7482;
1616;-28.3754;
1617;-30.3563;
1618;-29.8725;
1619;-32.0799;
1620;-29.3742;
1621;-29.0207;
1622;-29.3142;
1623;-29.5208;
1624;-32.9783;
1625;-34.1058;
1626;-33.198;
1627;-29.7993;
1628;-29.8541;
1629;-30.5509;
1630;-29.1186;
1631;-32.4173;
1632;-35.6502;
1633;-28.0334;
1634;-31.2336;
1635;-28.7976;
1636;-28.9449;
1637;-37.1171;
1638;-33.1846;
1639;-31.1389;
1640;-30.9114;
1641;-38.3491;
1642;-28.8978;
1643;-30.2402;
1644;-28.8824;
1645;-27.5432;
1646;-38.6958;
1647;-28.7253;
1648;-27.0092;
1649;-30.7378;
1650;-30.7872;
1651;-33.5112;
1652;-29.8819;
1653;-28.467;
1654;-30.19;
1655;-30.2215;
1656;-27.3951;
1657;-31.9985;
1658;-33.7474;
1659;-27.8299;
1660;-31.1456;
1661;-35.1314;
1662;-28.7957;
1663;-31.4648;
1664;-29.5884;
1665;-28.95;
1666;-29.0496;
1667;-29.6985;
1668;-27.5535;
1669;-29.1688;
1670;-31.1105;
1671;-30.5721;
1672;-28.2171;
1673;-33.4614;
1674;-31.612;
1675;-33.6379;
1676;-31.5316;
1677;-33.8691;
1678;-30.5189;
1679;-26.4026;
1680;-30.4583;
1681;-30.7228;
1682;-29.8159;
1683;-28.1162;
1684;-28.0296;
1685;-35.2185;
1686;-29.2744;
1687;-31.174;
1688;-29.2178;
1689;-30.6638;
1690;-36.8893;
1691;-30.4034;
1692;-29.9823;
1693;-30.7008;
1694;-29.0486;
1695;-31.1471;
1696;-35.2219;
1697;-31.3641;
1698;-28.4277;
1699;-36.2317;
1700;-31.9498;
1701;-32.9832;
1702;-32.5607;
1703;-33.5027;
1704;-27.4398;
1705;-30.0743;
1706;-29.1028;
1707;-28.4737;
1708;-33.9785;
1709;-28.83;
1710;-28.6303;
1711;-29.9669;
1712;-36.6438;
1713;-28.2488;
1714;-32.0689;
1715;-27.1577;
1716;-32.9308;
1717;-33.0168;
1718;-30.2175;
1719;-31.1786;
1720;-29.8356;
1721;-28.8382;
1722;-33.1486;
1723;-31.2982;
1724;-27.9121;
1725;-32.6161;
1726;-32.6097;
1727;-29.3071;
1728;-29.0498;
1729;-28.8314;
1730;-26.4719;
1731;-27.8047;
1732;-28.9497;
1733;-30.1252;
1734;-26.2431;
1735;-31.1101;
1736;-31.2783;
1737;-32.2191;
1738;-34.4491;
1739;-31.7262;
1740;-33.5902;
1741;-26.9516;
1742;-34.2261;
1743;-29.8504;
1744;-28.4958;
1745;-31.6139;
1746;-33.9432;
1747;-28.2256;
1748;-30.823;
1749;-28.5975;
1750;-34.4706;
1751;-28.6651;
1752;-34.5197;
1753;-28.6295;
1754;-28.6515;
1755;-34.0073;
1756;-31.8087;
1757;-30.7958;
1758;-35.0537;
1759;-32.8222;
1760;-26.9655;
1761;-29.3694;
1762;-37.1896;
1763;-27.582;
1764;-37.4773;
1765;-30.3359;
1766;-27.7344;
1767;-29.1446;
1768;-37.5664;
1769;-30.3152;
1770;-30.0423;
1771;-27.8188;
1772;-28.3985;
1773;-30.1905;
1774;-27.0271;
1775;-28.3926;
1776;-37.5014;
1777;-31.4606;
1778;-46.328;
1779;-29.4587;
1780;-30.6921;
1781;-33.9091;
1782;-32.3436;
1783;-29.8332;
1784;-28.2159;
1785;-33.4108;
1786;-28.074;
1787;-35.6327;
1788;-36.1612;
1789;-28.4893;
1790;-28.2702;
1791;-28.6921;
1792;-31.9779;
1793;-28.6931;
1794;-30.4369;
1795;-29.493;
1796;-28.7804;
1797;-28.7694;
1798;-33.4004;
1799;-28.1793;
1800;-31.8648;
1801;-30.6839;
1802;-33.9746;
1803;-27.521;
1804;-34.258;
1805;-30.619;
1806;-27.4306;
1807;-30.6484;
1808;-30.1925;
1809;-31.4998;
1810;-27.3354;
1811;-34.773;
1812;-31.3061;
1813;-30.4503;
1814;-28.1463;
1815;-31.2371;
1816;-29.6647;
1817;-33.4459;
1818;-29.4699;
1819;-32.5248;
1820;-31.3518;
1821;-30.4098;
1822;-29.483;
1823;-32.8445;
1824;-28.5719;
1825;-30.575;
1826;-35.7784;
1827;-28.6102;
1828;-30.3779;
1829;-31.4626;
1830;-28.0715;
1831;-31.3344;
1832;-28.7485;
1833;-26.1799;
1834;-34.3286;
1835;-32.4285;
1836;-30.0219;
1837;-41.2389;
1838;-31.2647;
1839;-27.3349;
1840;-31.7872;
1841;-31.3947;
1842;-29.4145;
1843;-28.3606;
1844;-31.3644;
1845;-31.2378;
1846;-30.934;
1847;-32.5223;
1848;-30.2945;
1849;-36.734;
1850;-32.8479;
1851;-29.3342;
1852;-28.4402;
1853;-27.9054;
1854;-27.5804;
1855;-27.8796;
1856;-37.9472;
1857;-27.3762;
1858;-28.8048;
1859;-31.2045;
1860;-31.4899;
1861;-33.4456;
1862;-31.3095;
1863;-29.3557;
1864;-27.6156;
1865;-33.2093;
1866;-27.4207;
1867;-37.9586;
1868;-28.4201;
1869;-30.9482;
1870;-30.1038;
1871;-31.7529;
1872;-29.2212;
1873;-30.6508;
1874;-33.6752;
1875;-31.7402;
1876;-29.0102;
1877;-29.4594;
1878;-30.1896;
1879;-30.3581;
1880;-27.0131;
1881;-33.3161;
1882;-38.117;
1883;-27.8193;
1884;-36.8352;
1885;-33.4679;
1886;-27.7585;
1887;-30.7387;
1888;-28.9165;
1889;-31.7592;
1890;-28.5274;
1891;-32.6543;
1892;-30.1341;
1893;-28.8217;
1894;-29.9922;
1895;-31.6204;
1896;-29.6159;
1897;-30.2326;
1898;-28.0277;
1899;-26.5444;
1900;-29.794;
1901;-27.6624;
1902;-28.2873;
1903;-41.9226;
1904;-29.1576;
1905;-35.0558;
1906;-32.0612;
1907;-29.1864;
1908;-33.9558;
1909;-31.3609;
1910;-27.6704;
1911;-30.1022;
1912;-32.7741;
1913;-26.7418;
1914;-28.9018;
1915;-32.9395;
1916;-31.0543;
1917;-27.2381;
1918;-32.1161;
1919;-29.454;
1920;-28.9854;
1921;-29.7967;
1922;-32.6954;
1923;-31.4213;
1924;-27.3285;
1925;-34.007;
1926;-35.3954;
1927;-29.0801;
1928;-27.2574;
1929;-30.4909;
1930;-32.594;
1931;-29.9201;
1932;-32.8302;
1933;-34.3152;
1934;-30.4791;
1935;-28.3187;
1936;-35.8438;
1937;-27.6922;
1938;-27.8152;
1939;-30.7451;
1940;-27.9931;
1941;-28.3161;
1942;-27.2522;
1943;-28.3718;
1944;-29.7188;
1945;-26.6126;
1946;-28.016;
1947;-40.8612;
1948;-28.7585;
1949;-35.6744;
1950;-33.9222;
1951;-28.4548;
1952;-28.3696;
1953;-31.1744;
1954;-27.7581;
1955;-30.6318;
1956;-29.8907;
1957;-31.8732;
1958;-29.6749;
1959;-39.3121;
1960;-31.1314;
1961;-32.0766;
1962;-34.8895;
1963;-30.8351;
1964;-28.5534;
1965;-27.5182;
1966;-37.3097;
1967;-31.1873;
1968;-31.119;
1969;-25.7126;
1970;-32.5667;
1971;-45.5369;
1972;-28.3271;
1973;-32.3938;
1974;-31.277;
1975;-31.7705;
1976;-30.1622;
1977;-30.4524;
1978;-28.3565;
1979;-29.0499;
1980;-28.1745;
1981;-27.4154;
1982;-27.7044;
1983;-28.499;
1984;-33.344;
1985;-33.5069;
1986;-27.2796;
1987;-32.0015;
1988;-35.5013;
1989;-29.3538;
1990;-36.316;
1991;-35.3904;
1992;-27.8643;
1993;-31.841;
1994;-29.3764;
1995;-28.9623;
1996;-30.8499;
1997;-26.2464;
1998;-29.4539;
1999;-30.482;
2000;-27.4831;
2001;-27.1672;
2002;-30.2141;
2003;-35.4687;
2004;-30.6944;
2005;-32.4761;
2006;-30.2116;
2007;-34.1386;
2008;-32.1918;
2009;-33.2458;
2010;-26.8637;
2011;-30.9686;
2012;-31.7678;
2013;-27.3909;
2014;-28.5839;
2015;-28.501;
2016;-27.3573;
2017;-31.5989;
2018;-31.1109;
2019;-33.7797;
2020;-34.7856;
2021;-28.993;
2022;-29.1747;
2023;-36.0986;
2024;-28.1751;
2025;-41.0255;
2026;-29.6769;
2027;-27.1734;
2028;-28.9821;
2029;-31.4498;
2030;-27.9121;
2031;-29.7773;
2032;-26.2779;
2033;-27.8688;
2034;-31.4665;
2035;-30.1052;
2036;-29.3101;
2037;-28.7994;
2038;-29.5325;
2039;-32.1271;
2040;-31.71;
2041;-32.1147;
2042;-30.3278;
2043;-33.1117;
2044;-29.1037;
2045;-28.1484;
2046;-29.3422;
2047;-36.9928;
2048;-26.0871;
2049;-29.6342;
2050;-31.8083;
2051;-30.4568;
2052;-30.5127;
2053;-27.287;
2054;-33.4347;
2055;-28.2422;
2056;-28.2958;
2057;-27.6226;
2058;-31.7661;
2059;-31.287;
2060;-29.2715;
2061;-33.6249;
2062;-28.2458;
2063;-29.6633;
2064;-30.1881;
2065;-28.5202;
2066;-27.0805;
2067;-30.1615;
2068;-34.5633;
2069;-27.3409;
2070;-28.8446;
2071;-27.9689;
2072;-31.0175;
2073;-31.7379;
2074;-28.7345;
2075;-28.1617;
2076;-32.2434;
2077;-26.5956;
2078;-35.1566;
2079;-31.1116;
2080;-28.4414;
2081;-32.7623;
2082;-31.9249;
2083;-30.2199;
2084;-31.1923;
2085;-28.0157;
2086;-27.4927;
2087;-33.4789;
2088;-26.3487;
2089;-36.5724;
2090;-30.2703;
2091;-28.0285;
2092;-25.779;
2093;-27.9854;
2094;-32.6077;
2095;-26.1968;
2096;-29.3041;
2097;-30.7988;
2098;-28.8984;
2099;-31.6915;
2100;-28.0781;
2101;-29.6575;
2102;-30.2975;
2103;-27.2378;
2104;-30.4865;
2105;-33.2715;
2106;-31.6367;
2107;-28.5889;
2108;-31.2173;
2109;-27.3262;
2110;-30.4473;
2111;-31.5102;
2112;-30.4769;
2113;-29.1319;
2114;-31.2783;
2115;-31.0165;
2116;-28.5486;
2117;-28.1412;
2118;-30.9122;
2119;-27.0193;
2120;-28.4595;
2121;-27.7038;
2122;-27.9684;
2123;-32.2313;
2124;-24.8598;
2125;-28.8498;
2126;-30.7542;
2127;-28.3555;
2128;-26.8772;
2129;-26.2369;
2130;-26.9008;
2131;-29.8857;
2132;-25.976;
2133;-30.4315;
2134;-28.1586;
2135;-27.9811;
2136;-28.9976;
2137;-26.2213;
2138;-29.9884;
2139;-28.0778;
2140;-27.9127;
2141;-27.547;
2142;-30.0847;
2143;-28.061;
2144;-26.5618;
2145;-34.2932;
2146;-30.4669;
2147;-30.5002;
2148;-26.5389;
2149;-29.5502;
2150;-31.0865;
2151;-30.6786;
2152;-29.4861;
2153;-32.4048;
2154;-30.4177;
2155;-30.2955;
2156;-26.5122;
2157;-30.8163;
2158;-33.1722;
2159;-26.9847;
2160;-29.1257;
2161;-40.1601;
2162;-30.2549;
2163;-29.7969;
2164;-36.591;
2165;-31.8849;
2166;-33.9902;
2167;-29.013;
2168;-32.7588;
2169;-31.0058;
2170;-29.4133;
2171;-30.7247;
2172;-32.2985;
2173;-30.3277;
2174;-32.3767;
2175;-32.4264;
2176;-28.2195;
2177;-28.8407;
2178;-30.4229;
2179;-29.3692;
2180;-30.6266;
2181;-34.701;
2182;-27.9511;
2183;-30.1876;
2184;-33.5188;
2185;-29.2674;
2186;-30.8071;
2187;-29.7056;
2188;-30.4885;
2189;-39.6818;
2190;-29.8258;
2191;-28.748;
2192;-33.3135;
2193;-30.8244;
2194;-29.9341;
2195;-30.2396;
2196;-36.1397;
2197;-30.3822;
2198;-35.8534;
2199;-29.824;
2200;-36.2353;
2201;-33.8618;
2202;-32.6387;
2203;-33.1127;
2204;-29.3993;
2205;-32.423;
2206;-30.8498;
2207;-35.9942;
2208;-32.4095;
2209;-27.465;
2210;-29.9701;
2211;-35.0288;
2212;-30.1716;
2213;-30.1676;
2214;-28.843;
2215;-32.2022;
2216;-31.7157;
2217;-31.8292;
2218;-31.7948;
2219;-30.3881;
2220;-29.4227;
2221;-29.5399;
2222;-27.6885;
2223;-27.5429;
2224;-30.6022;
2225;-33.1321;
2226;-31.7176;
2227;-36.6371;
2228;-28.92;
2229;-26.4427;
2230;-29.3778;
2231;-28.966;
2232;-27.3757;
2233;-29.412;
2234;-30.1449;
2235;-32.2753;
2236;-35.8639;
2237;-31.3653;
2238;-28.5622;
2239;-30.2688;
2240;-29.1262;
2241;-32.0473;
2242;-32.6193;
2243;-27.3368;
2244;-30.3501;
2245;-31.8807;
2246;-36.0228;
2247;-29.1247;
2248;-32.0442;
2249;-29.3288;
2250;-31.3857;
2251;-29.5936;
2252;-28.2476;
2253;-32.8362;
2254;-32.4333;
2255;-30.3753;
2256;-33.171;
2257;-33.5803;
2258;-30.2669;
2259;-36.8543;
2260;-28.0139;
2261;-30.6975;
2262;-29.944;
2263;-28.0093;
2264;-28.697;
2265;-32.3113;
2266;-30.5763;
2267;-28.1359;
2268;-31.0703;
2269;-33.895;
2270;-31.4812;
2271;-32.6573;
2272;-31.1732;
2273;-33.1648;
2274;-35.1786;
2275;-31.3174;
2276;-31.6727;
2277;-30.7307;
2278;-32.9619;
2279;-28.5732;
2280;-30.6035;
2281;-27.554;
2282;-29.4766;
2283;-31.1763;
2284;-29.0375;
2285;-28.9389;
2286;-36.827;
2287;-31.9161;
2288;-28.9333;
2289;-30.5542;
2290;-31.0317;
2291;-34.3649;
2292;-33.1868;
2293;-31.4695;
2294;-30.8197;
2295;-30.016;
2296;-27.8896;
2297;-33.4457;
2298;-32.0838;
2299;-29.0922;
2300;-33.4392;
2301;-29.4252;
2302;-29.3124;
2303;-33.5938;
2304;-30.1627;
2305;-28.3963;
2306;-34.0785;
2307;-32.4716;
2308;-40.9336;
2309;-31.3475;
2310;-31.2206;
2311;-35.7372;
2312;-30.136;
2313;-27.9708;
2314;-31.1014;
2315;-28.8173;
2316;-26.059;
2317;-28.6179;
2318;-33.3319;
2319;-30.5876;
2320;-28.7294;
2321;-36.6172;
2322;-32.2553;
2323;-37.9943;
2324;-33.7864;
2325;-28.3425;
2326;-30.0327;
2327;-30.9234;
2328;-31.7477;
2329;-36.0695;
2330;-32.2751;
2331;-29.6925;
2332;-33.1735;
2333;-31.1759;
2334;-33.7606;
2335;-29.7201;
2336;-29.651;
2337;-30.7855;
2338;-32.6458;
2339;-30.2041;
2340;-32.1084;
2341;-31.4824;
2342;-33.752;
2343;-32.3778;
2344;-27.9722;
2345;-30.1267;
2346;-33.396;
2347;-28.9897;
2348;-30.2142;
2349;-30.5868;
2350;-36.4619;
2351;-29.9634;
2352;-30.7285;
2353;-31.0137;
2354;-29.8975;
2355;-31.3382;
2356;-30.0598;
2357;-31.7127;
2358;-31.8515;
2359;-30.3821;
2360;-29.5826;
2361;-28.6427;
2362;-27.2035;
2363;-27.7128;
2364;-39.7456;
2365;-34.837;
2366;-30.6417;
2367;-33.0233;
2368;-30.3585;
2369;-31.4916;
2370;-32.1272;
2371;-30.5767;
2372;-29.0982;
2373;-34.3575;
2374;-29.4182;
2375;-27.7936;
2376;-33.7655;
2377;-35.0787;
2378;-29.5869;
2379;-38.5312;
2380;-31.9027;
2381;-35.5381;
2382;-41.4644;
2383;-31.1309;
2384;-34.0481;
2385;-30.4183;
2386;-32.062;
2387;-33.4804;
2388;-27.6679;
2389;-27.3269;
2390;-38.5532;
2391;-30.3513;
2392;-27.8477;
2393;-33.1514;
2394;-30.9874;
2395;-27.9502;
2396;-30.4544;
2397;-29.925;
2398;-29.9646;
2399;-32.825;
2400;-29.3489;
2401;-29.4454;
2402;-30.6988;
2403;-30.0284;
2404;-29.3391;
2405;-29.4071;
2406;-28.5219;
2407;-31.8909;
2408;-38.9557;
2409;-28.2287;
2410;-30.8338;
2411;-32.2754;
2412;-30.7414;
2413;-29.6522;
2414;-30.4382;
2415;-30.7971;
2416;-32.501;
2417;-28.2675;
2418;-30.2751;
2419;-34.9962;
2420;-32.6804;
2421;-32.4355;
2422;-35.6525;
2423;-32.2893;
2424;-31.4277;
2425;-38.9782;
2426;-28.5424;
2427;-32.5004;
2428;-27.7544;
2429;-29.6423;
2430;-30.6108;
2431;-28.9652;
2432;-27.3392;
2433;-29.8632;
2434;-33.2443;
2435;-29.6501;
2436;-32.0694;
2437;-30.6559;
2438;-31.1164;
2439;-30.8495;
2440;-30.6456;
2441;-30.0926;
2442;-35.1807;
2443;-30.0048;
2444;-34.6323;
2445;-31.6758;
2446;-30.8814;
2447;-30.0637;
2448;-30.9132;
2449;-31.3808;
2450;-28.9607;
2451;-31.2895;
2452;-28.1695;
2453;-31.4565;
2454;-28.0178;
2455;-31.1473;
2456;-30.6834;
2457;-29.3894;
2458;-29.9004;
2459;-33.7438;
2460;-32.6378;
2461;-30.1401;
2462;-32.8328;
2463;-32.2422;
2464;-30.0409;
2465;-31.3703;
2466;-37.8547;
2467;-28.9812;
2468;-30.3504;
2469;-28.9097;
2470;-35.5952;
2471;-33.2771;
2472;-29.4234;
2473;-27.3117;
2474;-30.7792;
2475;-32.0709;
2476;-26.9031;
2477;-28.1437;
2478;-34.1434;
2479;-33.7527;
2480;-34.5799;
2481;-32.1209;
2482;-30.908;
2483;-33.2412;
2484;-30.3444;
2485;-28.702;
2486;-34.5367;
2487;-28.9569;
2488;-28.3502;
2489;-33.0519;
2490;-33.3421;
2491;-29.687;
2492;-31.1226;
2493;-28.1339;
2494;-29.8616;
2495;-37.6434;
2496;-31.8525;
2497;-29.144;
2498;-32.3985;
2499;-36.5249;
2500;-32.9244;
2501;-35.775;
2502;-31.8081;
2503;-29.8572;
2504;-28.1019;
2505;-29.1401;
2506;-31.7004;
2507;-28.5379;
2508;-28.2821;
2509;-31.86;
2510;-29.1329;
2511;-29.2691;
2512;-32.0898;
2513;-29.3365;
2514;-28.3834;
2515;-29.2693;
2516;-27.176;
2517;-28.1809;
2518;-29.2831;
2519;-28.7646;
2520;-29.8189;
2521;-34.679;
2522;-33.3393;
2523;-33.368;
2524;-31.5988;
2525;-29.8623;
2526;-35.5055;
2527;-31.9572;
2528;-29.1034;
2529;-34.3726;
2530;-29.5787;
2531;-28.05;
2532;-33.3451;
2533;-30.7807;
2534;-31.4925;
2535;-40.3233;
2536;-28.7788;
2537;-27.6527;
2538;-31.0803;
2539;-33.0705;
2540;-29.6461;
2541;-32.3262;
2542;-29.9719;
2543;-38.0747;
2544;-32.6272;
2545;-28.2137;
2546;-28.3337;
2547;-26.8465;
2548;-28.2434;
2549;-29.5522;
2550;-28.914;
2551;-28.7137;
2552;-31.0877;
2553;-32.919;
2554;-31.3689;
2555;-33.2399;
2556;-28.7901;
2557;-26.4203;
2558;-29.8458;
2559;-30.4109;
2560;-29.3373;
2561;-30.5638;
2562;-31.0557;
2563;-30.395;
2564;-38.1189;
2565;-33.1802;
2566;-31.5247;
2567;-31.1889;
2568;-30.8899;
2569;-34.7598;
2570;-33.1002;
2571;-28.1598;
2572;-32.6586;
2573;-30.0479;
2574;-30.1305;
2575;-34.3226;
2576;-29.0809;
2577;-27.7708;
2578;-33.3424;
2579;-31.6311;
2580;-29.4635;
2581;-31.5966;
2582;-32.3392;
2583;-28.8055;
2584;-29.9948;
2585;-29.4733;
2586;-30.1834;
2587;-30.3418;
2588;-27.9443;
2589;-29.5284;
2590;-30.7621;
2591;-28.2075;
2592;-28.201;
2593;-33.2363;
2594;-30.4348;
2595;-31.7285;
2596;-32.5273;
2597;-28.4605;
2598;-30.4227;
2599;-30.0639;
2600;-28.8835;
2601;-30.3444;
2602;-36.2744;
2603;-31.1562;
2604;-35.6324;
2605;-31.3346;
2606;-34.0846;
2607;-35.6799;
2608;-34.2446;
2609;-34.6966;
2610;-30.2524;
2611;-29.06;
2612;-40.0635;
2613;-38.5563;
2614;-28.9407;
2615;-34.5233;
2616;-28.6709;
2617;-28.8819;
2618;-29.4138;
2619;-30.1628;
2620;-28.2905;
2621;-34.6471;
2622;-30.8199;
2623;-29.058;
2624;-29.925;
2625;-31.504;
2626;-30.8833;
2627;-30.7043;
2628;-31.8695;
2629;-29.7443;
2630;-31.1746;
2631;-30.9714;
2632;-31.1399;
2633;-34.8254;
2634;-32.1482;
2635;-33.8871;
2636;-29.3989;
2637;-28.2339;
2638;-41.6441;
2639;-37.5092;
2640;-28.0025;
2641;-30.9435;
2642;-29.5585;
2643;-31.1161;
2644;-29.7714;
2645;-32.7958;
2646;-29.024;
2647;-33.4327;
2648;-29.8794;
2649;-30.6326;
2650;-31.6928;
2651;-30.4955;
2652;-30.3072;
2653;-35.769;
2654;-33.9387;
2655;-31.5409;
2656;-38.3553;
2657;-32.6998;
2658;-31.9776;
2659;-33.9223;
2660;-30.3165;
2661;-29.0806;
2662;-33.2746;
2663;-28.894;
2664;-33.8646;
2665;-34.9402;
2666;-27.8511;
2667;-28.3816;
2668;-33.909;
2669;-32.8494;
2670;-29.9056;
2671;-34.7351;
2672;-29.398;
2673;-33.3854;
2674;-31.0217;
2675;-40.2875;
2676;-34.7728;
2677;-30.2012;
2678;-31.1306;
2679;-32.52;
2680;-31.0417;
2681;-32.1945;
2682;-31.3752;
2683;-31.0066;
2684;-32.4758;
2685;-31.4632;
2686;-32.2674;
2687;-31.278;
2688;-30.8061;
2689;-27.8475;
2690;-36.4479;
2691;-30.732;
2692;-27.2475;
2693;-27.0719;
2694;-31.7101;
2695;-31.2792;
2696;-31.2679;
2697;-36.638;
2698;-28.6536;
2699;-31.7691;
2700;-36.6433;
2701;-31.8883;
2702;-32.1285;
2703;-29.9899;
2704;-31.0356;
2705;-35.3911;
2706;-29.9624;
2707;-30.6978;
2708;-37.4552;
2709;-29.8195;
2710;-31.9421;
2711;-32.2345;
2712;-29.2857;
2713;-32.9557;
2714;-30.4861;
2715;-29.7041;
2716;-33.5794;
2717;-27.9927;
2718;-29.3918;
2719;-28.4885;
2720;-29.4327;
2721;-29.6794;
2722;-35.9174;
2723;-34.7756;
2724;-28.7305;
2725;-29.0845;
2726;-30.2054;
2727;-40.9709;
2728;-38.3401;
2729;-27.9595;
2730;-29.0418;
2731;-30.6462;
2732;-28.7735;
2733;-28.9826;
2734;-35.3745;
2735;-29.8325;
2736;-30.3647;
2737;-34.0102;
2738;-30.203;
2739;-30.5648;
2740;-35.5864;
2741;-28.3789;
2742;-32.2516;
2743;-30.7966;
2744;-32.6535;
2745;-30.5264;
2746;-31.1415;
2747;-29.6041;
2748;-41.8489;
2749;-34.9886;
2750;-30.6535;
2751;-29.0468;
2752;-29.3096;
2753;-32.9602;
2754;-36.8832;
2755;-30.798;
2756;-30.1315;
2757;-27.6805;
2758;-27.671;
2759;-29.7357;
2760;-32.7321;
2761;-28.0338;
2762;-30.3764;
2763;-33.4264;
2764;-29.0634;
2765;-30.0641;
2766;-33.2285;
2767;-29.3017;
2768;-32.9803;
2769;-29.7568;
2770;-28.8807;
2771;-29.5168;
2772;-29.6309;
2773;-28.2579;
2774;-37.4855;
2775;-33.2186;
2776;-35.181;
2777;-31.7278;
2778;-28.5502;
2779;-32.4204;
2780;-35.5622;
2781;-29.9501;
2782;-30.1748;
2783;-29.3093;
2784;-28.868;
2785;-30.4921;
2786;-42.2951;
2787;-29.3872;
2788;-33.8627;
2789;-28.5201;
2790;-26.7527;
2791;-30.3034;
2792;-32.4973;
2793;-28.5359;
2794;-32.2091;
2795;-30.4391;
2796;-28.9114;
2797;-32.8688;
2798;-30.2845;
2799;-27.134;
2800;-28.8667;
2801;-32.0848;
2802;-31.7445;
2803;-31.9129;
2804;-28.983;
2805;-30.1857;
2806;-31.8702;
2807;-30.2063;
2808;-31.3043;
2809;-28.8372;
2810;-27.5079;
2811;-29.7932;
2812;-34.0154;
2813;-29.081;
2814;-30.4498;
2815;-27.6301;
2816;-30.3096;
2817;-36.5108;
2818;-28.5401;
2819;-28.074;
2820;-30.7396;
2821;-29.7741;
2822;-27.993;
2823;-29.6627;
2824;-33.6359;
2825;-32.0544;
2826;-33.6506;
2827;-28.8198;
2828;-30.0436;
2829;-30.6837;
2830;-27.7312;
2831;-28.7033;
2832;-30.0884;
2833;-28.9076;
2834;-30.0059;
2835;-32.7042;
2836;-28.4898;
2837;-32.7982;
2838;-32.2356;
2839;-27.4011;
2840;-29.4351;
2841;-31.0888;
2842;-31.8009;
2843;-32.4766;
2844;-31.322;
2845;-29.9394;
2846;-34.815;
2847;-28.7388;
2848;-29.6068;
2849;-30.0777;
2850;-31.1755;
2851;-32.2243;
2852;-30.3371;
2853;-30.5667;
2854;-31.3282;
2855;-30.2125;
2856;-29.3664;
2857;-30.4956;
2858;-28.8057;
2859;-28.6276;
2860;-33.1346;
2861;-31.42;
2862;-29.6184;
2863;-31.6048;
2864;-31.3216;
2865;-31.8619;
2866;-35.6175;
2867;-28.3402;
2868;-28.1005;
2869;-33.8558;
2870;-31.8345;
2871;-26.1841;
2872;-30.7085;
2873;-31.8754;
2874;-32.691;
2875;-30.8647;
2876;-31.0914;
2877;-29.2251;
2878;-34.1266;
2879;-31.3727;
2880;-34.1636;
2881;-37.0487;
2882;-35.7141;
2883;-35.457;
2884;-30.832;
2885;-30.7534;
2886;-30.6086;
2887;-30.0162;
2888;-30.0423;
2889;-36.1151;
2890;-31.3148;
2891;-35.2861;
2892;-30.6724;
2893;-27.9137;
2894;-29.3679;
2895;-28.3787;
2896;-28.9661;
2897;-29.9979;
2898;-35.292;
2899;-29.5154;
2900;-39.4448;
2901;-28.0273;
2902;-32.2545;
2903;-32.4988;
2904;-30.5961;
2905;-27.9289;
2906;-34.9279;
2907;-39.7799;
2908;-29.3732;
2909;-30.1252;
2910;-32.9955;
2911;-30.4438;
2912;-29.7076;
2913;-30.2975;
2914;-33.5894;
2915;-31.6059;
2916;-29.9753;
2917;-31.3749;
2918;-28.3303;
2919;-29.013;
2920;-35.3723;
2921;-31.3206;
2922;-29.4823;
2923;-30.1925;
2924;-27.9812;
2925;-28.0214;
2926;-30.4376;
2927;-27.5988;
2928;-28.8913;
2929;-35.8303;
2930;-29.2532;
2931;-27.3149;
2932;-30.8577;
2933;-28.8988;
2934;-30.455;
2935;-32.5234;
2936;-30.4349;
2937;-31.147;
2938;-30.8307;
2939;-30.4349;
2940;-30.7717;
2941;-32.636;
2942;-34.0613;
2943;-33.2342;
2944;-30.6457;
2945;-29.7598;
2946;-36.6459;
2947;-32.6046;
2948;-39.691;
2949;-30.7886;
2950;-27.3185;
2951;-28.9194;
2952;-36.6839;
2953;-29.0273;
2954;-30.7194;
2955;-31.0206;
2956;-28.6477;
2957;-28.1747;
2958;-37.6318;
2959;-29.8239;
2960;-31.535;
2961;-30.951;
2962;-31.1254;
2963;-29.6445;
2964;-30.1394;
2965;-30.6387;
2966;-30.8835;
2967;-31.6151;
2968;-29.6451;
2969;-33.9081;
2970;-34.1814;
2971;-33.0767;
2972;-33.8882;
2973;-32.1325;
2974;-30.0537;
2975;-28.4422;
2976;-30.251;
2977;-31.0088;
2978;-31.7437;
2979;-30.3831;
2980;-32.0577;
2981;-28.8033;
2982;-31.3826;
2983;-35.5527;
2984;-30.3566;
2985;-29.5256;
2986;-39.1783;
2987;-28.5602;
2988;-28.8544;
2989;-30;
2990;-33.2197;
2991;-32.1247;
2992;-29.5423;
2993;-29.4134;
2994;-30.91;
2995;-32.4759;
2996;-31.8135;
2997;-32.8681;
2998;-29.6779;
2999;-32.4658;
3000;-40.206;
3001;-32.1862;
3002;-30.3594;
3003;-32.2584;
3004;-33.6982;
3005;-31.8473;
3006;-31.6453;
3007;-30.1562;
3008;-34.8271;
3009;-30.3739;
3010;-28.5507;
3011;-30.5341;
3012;-28.1292;
3013;-27.6733;
3014;-29.2125;
3015;-31.7339;
3016;-30.2749;
3017;-32.0887;
3018;-29.2218;
3019;-27.5575;
3020;-32.1216;
3021;-30.2451;
3022;-27.6697;
3023;-31.5338;
3024;-32.0607;
3025;-28.902;
3026;-29.0314;
3027;-39.7771;
3028;-32.2503;
3029;-30.9992;
3030;-29.645;
3031;-28.4258;
3032;-29.3531;
3033;-29.9568;
3034;-32.5484;
3035;-30.7283;
3036;-35.1958;
3037;-31.2595;
3038;-28.2427;
3039;-29.191;
3040;-30.1406;
3041;-30.2942;
3042;-30.3866;
3043;-31.6181;
3044;-27.1839;
3045;-30.3485;
3046;-35.4006;
3047;-30.6537;
3048;-28.4137;
3049;-42.248;
3050;-28.2646;
3051;-30.5355;
3052;-31.4746;
3053;-32.5643;
3054;-31.1204;
3055;-33.0804;
3056;-28.4288;
3057;-32.5903;
3058;-29.9547;
3059;-41.9653;
3060;-32.2069;
3061;-29.4863;
3062;-30.4285;
3063;-32.3254;
3064;-30.4275;
3065;-36.0225;
3066;-31.9622;
3067;-29.3392;
3068;-33.9643;
3069;-36.6881;
3070;-32.3363;
3071;-34.0384;
3072;-29.5948;
3073;-31.0302;
3074;-34.2216;
3075;-29.7746;
3076;-29.3943;
3077;-29.75;
3078;-28.3402;
3079;-28.2677;
3080;-30.9225;
3081;-27.5439;
3082;-30.9863;
3083;-29.8879;
3084;-32.2596;
3085;-32.2535;
3086;-29.6113;
3087;-26.9982;
3088;-31.3814;
3089;-30.5479;
3090;-28.0938;
3091;-29.1873;
3092;-32.8114;
3093;-29.2193;
3094;-34.9594;
3095;-28.8565;
3096;-29.7218;
3097;-29.8582;
3098;-26.8317;
3099;-26.448;
3100;-29.1191;
3101;-33.4396;
3102;-33.1424;
3103;-32.0219;
3104;-29.2689;
3105;-33.9419;
3106;-37.9626;
3107;-31.5375;
3108;-32.8962;
3109;-29.4405;
3110;-29.6275;
3111;-30.8889;
3112;-34.5881;
3113;-29.8992;
3114;-31.2549;
3115;-30.083;
3116;-31.2182;
3117;-33.9709;
3118;-30.3734;
3119;-31.9077;
3120;-28.9844;
3121;-29.7957;
3122;-34.88;
3123;-30.9015;
3124;-27.7208;
3125;-32.8688;
3126;-31.7114;
3127;-31.3552;
3128;-32.8129;
3129;-30.0429;
3130;-28.7565;
3131;-35.508;
3132;-31.8914;
3133;-30.1914;
3134;-30.796;
3135;-29.9177;
3136;-29.7949;
3137;-38.6922;
3138;-34.6845;
3139;-34.6847;
3140;-32.642;
3141;-29.2622;
3142;-30.3712;
3143;-29.8175;
3144;-36.9967;
3145;-38.7597;
3146;-28.4508;
3147;-29.686;
3148;-29.9889;
3149;-28.8618;
3150;-39.3611;
3151;-31.5106;
3152;-26.5258;
3153;-29.295;
3154;-29.3527;
3155;-28.2074;
3156;-28.2462;
3157;-30.1827;
3158;-27.5274;
3159;-28.5304;
3160;-33.5516;
3161;-29.5298;
3162;-31.9045;
3163;-29.4979;
3164;-28.1953;
3165;-28.7528;
3166;-31.1904;
3167;-28.6275;
3168;-29.5887;
3169;-32.4938;
3170;-40.1222;
3171;-33.8937;
3172;-30.4136;
3173;-32.3806;
3174;-32.2543;
3175;-31.6131;
3176;-35.3097;
3177;-35.6697;
3178;-32.8712;
3179;-34.5488;
3180;-30.1086;
3181;-30.8722;
3182;-30.7207;
3183;-29.8086;
3184;-28.6749;
3185;-37.0704;
3186;-30.9424;
3187;-36.0334;
3188;-32.1018;
3189;-28.1564;
3190;-29.5059;
3191;-29.5205;
3192;-30.0398;
3193;-31.6003;
3194;-34.0535;
3195;-28.1962;
3196;-43.845;
3197;-27.5017;
3198;-28.6969;
3199;-32.1651;
3200;-29.8349;
3201;-29.9671;
3202;-30.4249;
3203;-30.1183;
3204;-29.7606;
3205;-31.687;
3206;-27.7422;
3207;-30.3463;
3208;-33.5052;
3209;-28.752;
3210;-28.354;
3211;-31.5421;
3212;-31.3169;
3213;-32.5751;
3214;-32.5663;
3215;-30.0998;
3216;-30.3237;
3217;-29.0271;
3218;-29.2044;
3219;-31.4482;
3220;-30.1839;
3221;-30.0409;
3222;-36.2685;
3223;-31.5224;
3224;-32.9973;
3225;-31.0348;
3226;-33.1345;
3227;-30.4545;
3228;-28.2027;
3229;-28.5372;
3230;-31.728;
3231;-33.132;
3232;-29.4754;
3233;-30.2893;
3234;-27.7593;
3235;-29.7714;
3236;-29.2862;
3237;-29.683;
3238;-29.1511;
3239;-31.3417;
3240;-27.1674;
3241;-28.8462;
3242;-33.168;
3243;-31.5638;
3244;-36.3188;
3245;-28.5724;
3246;-28.5218;
3247;-30.0086;
3248;-30.596;
3249;-28.202;
3250;-36.724;
3251;-32.219;
3252;-39.6516;
3253;-37.2285;
3254;-29.6276;
3255;-29.1196;
3256;-29.6214;
3257;-30.3155;
3258;-31.5069;
3259;-31.7197;
3260;-30.8974;
3261;-32.3214;
3262;-29.6554;
3263;-30.1123;
3264;-34.1693;
3265;-29.2875;
3266;-28.7612;
3267;-34.6331;
3268;-29.6821;
3269;-33.6053;
3270;-33.272;
3271;-28.7792;
3272;-28.7892;
3273;-34.1757;
3274;-31.9217;
3275;-29.9325;
3276;-30.5086;
3277;-30.6223;
3278;-33.1627;
3279;-27.3201;
3280;-30.0933;
3281;-34.3798;
3282;-28.8823;
3283;-29.1074;
3284;-31.0154;
3285;-29.3021;
3286;-34.1422;
3287;-29.9537;
3288;-26.321;
3289;-30.3435;
3290;-32.5452;
3291;-30.8212;
3292;-28.1537;
3293;-28.2234;
3294;-27.8513;
3295;-33.6799;
3296;-32.8037;
3297;-32.3443;
3298;-31.0825;
3299;-30.2612;
3300;-31.5531;
3301;-33.2671;
3302;-31.1192;
3303;-30.5111;
3304;-30.3722;
3305;-31.3268;
3306;-30.6341;
3307;-31.1787;
3308;-33.7196;
3309;-30.6865;
3310;-29.015;
3311;-29.4717;
3312;-33.751;
3313;-30.8812;
3314;-31.1639;
3315;-32.137;
3316;-31.2902;
3317;-32.155;
3318;-31.0723;
3319;-28.1163;
3320;-30.9204;
3321;-30.3783;
3322;-28.452;
3323;-29.1625;
3324;-32.794;
3325;-31.4584;
3326;-36.4667;
3327;-27.2941;
3328;-28.651;
3329;-34.1603;
3330;-32.009;
3331;-29.7451;
3332;-31.727;
3333;-26.178;
3334;-29.0111;
3335;-33.957;
3336;-29.2654;
3337;-28.6586;
3338;-28.5681;
3339;-26.9194;
3340;-30.2146;
3341;-32.7354;
3342;-28.8652;
3343;-30.1676;
3344;-30.8288;
3345;-30.6851;
3346;-30.003;
3347;-32.0319;
3348;-40.7127;
3349;-34.3276;
3350;-34.5051;
3351;-31.1749;
3352;-31.7929;
3353;-34.9086;
3354;-29.4084;
3355;-30.2281;
3356;-36.1142;
3357;-35.6219;
3358;-29.965;
3359;-32.9946;
3360;-28.4421;
3361;-29.6577;
3362;-35.3922;
3363;-30.4074;
3364;-28.4992;
3365;-32.1493;
3366;-27.629;
3367;-28.875;
3368;-31.5221;
3369;-33.1099;
3370;-30.3203;
3371;-36.9307;
3372;-27.1775;
3373;-27.7999;
3374;-30.6772;
3375;-32.1932;
3376;-28.7182;
3377;-31.407;
3378;-28.5863;
3379;-33.1252;
3380;-31.9805;
3381;-28.4709;
3382;-29.5756;
3383;-33.6902;
3384;-32.328;
3385;-28.7704;
3386;-40.682;
3387;-29.5292;
3388;-33.2119;
3389;-30.0745;
3390;-29.0099;
3391;-28.683;
3392;-27.3692;
3393;-29.2629;
3394;-30.4971;
3395;-29.5695;
3396;-32.7523;
3397;-36.1143;
3398;-35.4221;
3399;-34.7771;
3400;-33.6642;
3401;-31.2898;
3402;-28.0754;
3403;-26.8874;
3404;-29.6298;
3405;-28.0425;
3406;-27.0603;
3407;-27.6797;
3408;-26.3298;
3409;-28.0425;
3410;-27.2862;
3411;-29.4722;
3412;-29.3087;
3413;-28.0826;
3414;-28.5342;
3415;-26.7242;
3416;-29.9692;
3417;-25.5937;
3418;-24.3605;
3419;-25.4943;
3420;-25.186;
3421;-30.8626;
3422;-26.5485;
3423;-27.846;
3424;-26.9431;
3425;-25.8991;
3426;-29.2166;
3427;-26.372;
3428;-29.9412;
3429;-26.8061;
3430;-26.4666;
3431;-28.6151;
3432;-25.7639;
3433;-26.8496;
3434;-24.4043;
3435;-25.8872;
3436;-26.1888;
3437;-25.2903;
3438;-28.1836;
3439;-27.0953;
3440;-31.9787;
3441;-28.5932;
3442;-31.7322;
3443;-29.7438;
3444;-28.3186;
3445;-30.7466;
3446;-28.1256;
3447;-28.1229;
3448;-27.6295;
3449;-29.0741;
3450;-35.9252;
3451;-38.6476;
3452;-31.1531;
3453;-30.1805;
3454;-29.6372;
3455;-30.991;
3456;-29.8841;
3457;-32.2296;
3458;-31.2207;
3459;-31.5773;
3460;-29.791;
3461;-27.7185;
3462;-32.123;
3463;-31.756;
3464;-30.5495;
3465;-27.2155;
3466;-27.4541;
3467;-28.8401;
3468;-25.5094;
3469;-25.8944;
3470;-24.7151;
3471;-27.148;
3472;-28.2332;
3473;-27.7845;
3474;-34.0695;
3475;-27.5863;
3476;-28.6353;
3477;-29.5221;
3478;-30.8063;
3479;-27.6621;
3480;-26.9486;
3481;-32.33;
3482;-29.4761;
3483;-33.4791;
3484;-28.379;
3485;-28.5882;
3486;-30.5992;
3487;-30.1147;
3488;-26.4659;
3489;-29.2591;
3490;-26.6215;
3491;-27.2258;
3492;-33.6702;
3493;-27.4425;
3494;-29.1074;
3495;-26.7549;
3496;-28.8134;
3497;-31.9355;
3498;-28.4777;
3499;-31.0767;
3500;-27.6275;
3501;-29.4659;
3502;-28.7446;
3503;-29.0745;
3504;-27.803;
3505;-26.8355;
3506;-28.841;
3507;-27.7641;
3508;-27.6402;
3509;-29.2075;
3510;-28.8388;
3511;-30.9004;
3512;-31.8367;
3513;-28.8373;
3514;-27.2258;
3515;-26.371;
3516;-28.0524;
3517;-34.7694;
3518;-32.2297;
3519;-28.0512;
3520;-27.2511;
3521;-27.9545;
3522;-27.6979;
3523;-30.0673;
3524;-26.7837;
3525;-28.4478;
3526;-28.7421;
3527;-34.2779;
3528;-30.166;
3529;-29.1511;
3530;-30.2799;
3531;-27.8858;
3532;-27.3666;
3533;-33.0673;
3534;-28.9724;
3535;-26.4799;
3536;-28.6828;
3537;-27.5189;
3538;-30.2813;
3539;-29.0472;
3540;-27.2085;
3541;-31.1034;
3542;-29.8418;
3543;-31.7144;
3544;-26.9031;
3545;-28.1245;
3546;-27.3516;
3547;-26.7236;
3548;-37.1701;
3549;-30.1987;
3550;-37.4493;
3551;-28.8709;
3552;-26.8979;
3553;-30.8709;
3554;-30.289;
3555;-30.8206;
3556;-33.891;
3557;-27.5924;
3558;-28.0977;
3559;-29.9588;
3560;-25.6016;
3561;-27.3625;
3562;-28.179;
3563;-29.3002;
3564;-28.9214;
3565;-26.7518;
3566;-36.5046;
3567;-28.9721;
3568;-32.0963;
3569;-29.2074;
3570;-34.6191;
3571;-29.3421;
3572;-29.6739;
3573;-36.8431;
3574;-32.3927;
3575;-29.0778;
3576;-31.2255;
3577;-28.943;
3578;-28.3489;
3579;-29.0858;
3580;-27.6646;
3581;-27.2183;
3582;-26.7349;
3583;-27.4575;
3584;-30.7418;
3585;-29.4614;
3586;-29.1986;
3587;-29.8297;
3588;-31.524;
3589;-31.9374;
3590;-31.7277;
3591;-37.4339;
3592;-29.717;
3593;-27.6729;
3594;-29.546;
3595;-28.9953;
3596;-31.6642;
3597;-30.3223;
3598;-32.5505;
3599;-28.1275;
3600;-30.4546;
3601;-28.137;
3602;-25.6229;
3603;-27.5048;
3604;-27.7671;
3605;-29.1706;
3606;-30.4513;
3607;-29.8105;
3608;-31.9017;
3609;-33.184;
3610;-28.9401;
3611;-33.7671;
3612;-33.8226;
3613;-29.9607;
3614;-29.1432;
3615;-24.8337;
3616;-26.2633;
3617;-26.7269;
3618;-28.4939;
3619;-31.0729;
3620;-32.3111;
3621;-29.2473;
3622;-32.3976;
3623;-32.1394;
3624;-29.0169;
3625;-30.9777;
3626;-30.109;
3627;-28.134;
3628;-28.8906;
3629;-34.8956;
3630;-27.6127;
3631;-29.0776;
3632;-29.7143;
3633;-27.5236;
3634;-32.7705;
3635;-27.8567;
3636;-27.4185;
3637;-27.6002;
3638;-26.8037;
3639;-33.9994;
3640;-27.6699;
3641;-30.5525;
3642;-31.3949;
3643;-26.1365;
3644;-26.0191;
3645;-31.2266;
3646;-27.3488;
3647;-29.1603;
3648;-28.5688;
3649;-29.1367;
3650;-33.0992;
3651;-30.3394;
3652;-30.1924;
3653;-28.4222;
3654;-30.2483;
3655;-30.2601;
3656;-29.3701;
3657;-32.7328;
3658;-32.431;
3659;-29.6524;
3660;-32.9769;
3661;-35.0968;
3662;-34.819;
3663;-31.2329;
3664;-27.9775;
3665;-29.171;
3666;-29.3219;
3667;-27.7416;
3668;-26.4989;
3669;-26.8403;
3670;-28.9959;
3671;-30.5475;
3672;-30.6231;
3673;-30.0578;
3674;-29.4954;
3675;-31.1876;
3676;-29.6948;
3677;-27.6942;
3678;-26.8976;
3679;-28.0565;
3680;-33.8201;
3681;-29.9569;
3682;-32.0152;
3683;-34.4538;
3684;-29.7885;
3685;-30.2845;
3686;-33.0628;
3687;-32.7415;
3688;-30.166;
3689;-33.4942;
3690;-32.2299;
3691;-32.0038;
3692;-29.5467;
3693;-34.303;
3694;-29.4721;
3695;-30.486;
3696;-28.3364;
3697;-30.1618;
3698;-29.863;
3699;-27.3658;
3700;-31.6749;
3701;-28.4723;
3702;-34.5908;
3703;-32.4086;
3704;-28.8713;
3705;-26.3601;
3706;-27.1237;
3707;-25.6317;
3708;-29.4216;
3709;-28.3476;
3710;-28.6287;
3711;-31.7643;
3712;-26.7646;
3713;-28.9883;
3714;-36.3999;
3715;-30.3672;
3716;-29.6415;
3717;-28.5265;
3718;-26.056;
3719;-29.5478;
3720;-27.0942;
3721;-29.7346;
3722;-33.6504;
3723;-28.1172;
3724;-31.2679;
3725;-28.7348;
3726;-29.8338;
3727;-28.2711;
3728;-33.4145;
3729;-29.6319;
3730;-32.4039;
3731;-29.2183;
3732;-32.2414;
3733;-28.5011;
3734;-33.3584;
3735;-29.9775;
3736;-27.0952;
3737;-35.0532;
3738;-27.4041;
3739;-29.6457;
3740;-28.4741;
3741;-31.4222;
3742;-30.4808;
3743;-31.5507;
3744;-28.8617;
3745;-35.0898;
3746;-26.9249;
3747;-27.3063;
3748;-27.2605;
3749;-25.993;
3750;-30.4032;
3751;-27.0719;
3752;-27.4666;
3753;-31.1717;
3754;-29.0267;
3755;-27.7825;
3756;-36.6258;
3757;-27.1519;
3758;-29.6681;
3759;-30.3411;
3760;-30.3716;
3761;-33.5433;
3762;-27.6424;
3763;-28.4544;
3764;-28.8095;
3765;-27.8911;
3766;-30.4533;
3767;-29.886;
3768;-28.2797;
3769;-31.6839;
3770;-31.9464;
3771;-29.2254;
3772;-31.2117;
3773;-32.6262;
3774;-35.7294;
3775;-29.8939;
3776;-30.6656;
3777;-31.1978;
3778;-30.4399;
3779;-30.4941;
3780;-29.5482;
3781;-32.529;
3782;-29.2305;
3783;-29.7092;
3784;-31.3619;
3785;-31.0155;
3786;-29.0199;
3787;-30.8631;
3788;-28.3966;
3789;-28.5611;
3790;-30.2541;
3791;-31.458;
3792;-29.6018;
3793;-29.0052;
3794;-28.4335;
3795;-26.9168;
3796;-27.3758;
3797;-29.3329;
3798;-27.5987;
3799;-27.9151;
3800;-30.4942;
3801;-35.2916;
3802;-38.2613;
3803;-31.9497;
3804;-33.0549;
3805;-37.073;
3806;-31.5516;
3807;-29.1822;
3808;-27.2674;
3809;-26.7763;
3810;-28.6395;
3811;-28.0992;
3812;-29.9403;
3813;-30.8429;
3814;-29.1636;
3815;-30.0806;
3816;-31.672;
3817;-29.0288;
3818;-35.0487;
3819;-34.3606;
3820;-29.0898;
3821;-34.2168;
3822;-29.0289;
3823;-29.9721;
3824;-28.2328;
3825;-30.4084;
3826;-36.0071;
3827;-33.2571;
3828;-29.9444;
3829;-35.4856;
3830;-32.1236;
3831;-30.7849;
3832;-30.2683;
3833;-27.2295;
3834;-29.7045;
3835;-29.8571;
3836;-29.4207;
3837;-26.8248;
3838;-31.7499;
3839;-28.6862;
3840;-30.9402;
3841;-33.1385;
3842;-34.2887;
3843;-29.9283;
3844;-36.3964;
3845;-29.7116;
3846;-27.695;
3847;-31.7997;
3848;-27.4531;
3849;-30.1341;
3850;-26.2664;
3851;-30.0562;
3852;-31.4093;
3853;-29.5504;
3854;-26.2394;
3855;-29.8864;
3856;-27.837;
3857;-31.5854;
3858;-26.7411;
3859;-25.2806;
3860;-28.0621;
3861;-29.1485;
3862;-31.4372;
3863;-30.5997;
3864;-29.7182;
3865;-28.2334;
3866;-28.2521;
3867;-25.4831;
3868;-30.2493;
3869;-28.3761;
3870;-28.9774;
3871;-34.5622;
3872;-26.8794;
3873;-27.8143;
3874;-28.5525;
3875;-26.5062;
3876;-27.6525;
3877;-27.6416;
3878;-25.3487;
3879;-30.3507;
3880;-28.0309;
3881;-32.5472;
3882;-31.5377;
3883;-26.3745;
3884;-26.4459;
3885;-29.3971;
3886;-28.8415;
3887;-31.8829;
3888;-28.3295;
3889;-26.8488;
3890;-27.7254;
3891;-25.0848;
3892;-27.3355;
3893;-33.4288;
3894;-28.577;
3895;-29.5679;
3896;-28.522;
3897;-27.1822;
3898;-36.4346;
3899;-29.9936;
3900;-27.951;
3901;-32.2191;
3902;-26.4399;
3903;-29.6767;
3904;-27.7222;
3905;-29.0643;
3906;-34.7726;
3907;-27.6928;
3908;-26.0426;
3909;-31.2395;
3910;-29.3358;
3911;-30.3876;
3912;-31.0319;
3913;-26.2913;
3914;-28.6309;
3915;-29.2132;
3916;-31.3747;
3917;-27.858;
3918;-34.8962;
3919;-28.4978;
3920;-29.659;
3921;-25.8819;
3922;-29.4257;
3923;-30.7352;
3924;-31.6227;
3925;-31.6557;
3926;-29.4176;
3927;-31.1216;
3928;-32.5461;
3929;-30.3919;
3930;-27.4118;
3931;-31.3006;
3932;-26.8987;
3933;-34.9501;
3934;-28.0958;
3935;-42.3753;
3936;-29.3064;
3937;-32.5081;
3938;-28.1199;
3939;-35.0054;
3940;-30.1673;
3941;-28.7946;
3942;-30.0959;
3943;-28.1515;
3944;-29.872;
3945;-27.5216;
3946;-31.5595;
3947;-27.371;
3948;-31.4825;
3949;-28.1861;
3950;-32.9732;
3951;-27.4801;
3952;-37.8451;
3953;-30.3656;
3954;-31.2497;
3955;-29.3376;
3956;-31.4629;
3957;-32.1284;
3958;-28.627;
3959;-33.6459;
3960;-30.479;
3961;-29.5545;
3962;-27.2236;
3963;-44.0931;
3964;-30.0792;
3965;-29.541;
3966;-27.314;
3967;-32.241;
3968;-30.5957;
3969;-44.3185;
3970;-29.7986;
3971;-29.0097;
3972;-31.1414;
3973;-32.406;
3974;-28.4883;
3975;-27.5949;
3976;-32.483;
3977;-29.0185;
3978;-28.9213;
3979;-27.6848;
3980;-32.1189;
3981;-30.8197;
3982;-30.5682;
3983;-29.0934;
3984;-33.6;
3985;-29.3504;
3986;-33.0631;
3987;-30.5307;
3988;-29.4547;
3989;-32.4955;
3990;-30.8903;
3991;-29.4147;
3992;-28.467;
3993;-30.9817;
3994;-30.4987;
3995;-27.9068;
3996;-27.2637;
3997;-39.1461;
3998;-33.8164;
3999;-30.2713;
