0;0.217088;
1;0.0270682;
2;0.032963;
3;0.0210006;
4;0.0209665;
5;0.0127918;
6;0.00690099;
7;0.00592284;
8;0.00530273;
9;0.00480631;
10;0.00576096;
11;0.00427064;
12;0.00421968;
13;0.00290745;
14;0.00417191;
15;0.0014882;
16;0.00476944;
17;0.0024205;
18;0.00251222;
19;0.0024054;
20;0.00175157;
21;0.00219377;
22;0.00255051;
23;0.00122198;
24;0.00346246;
25;0.0011984;
26;0.00309552;
27;0.00111911;
28;0.00168394;
29;0.0021785;
30;0.00144749;
31;0.00113401;
32;0.00191053;
33;0.00196957;
34;0.00215995;
35;0.00142981;
36;0.00213669;
37;0.000267571;
38;0.00237529;
39;0.000561072;
40;0.000564873;
41;0.00235006;
42;0.00082874;
43;0.00176722;
44;0.000267051;
45;0.00165071;
46;0.00231181;
47;0.00131133;
48;0.00153121;
49;0.00135272;
50;0.000678895;
51;0.00199627;
52;0.000206295;
53;0.00134558;
54;0.000843997;
55;0.00199555;
56;0.00121374;
57;0.00192722;
58;0.00102856;
59;0.000625154;
60;0.00162624;
61;0.00106499;
62;0.000237056;
63;0.00179419;
64;0.000858734;
65;0.00218914;
66;0.000522044;
67;0.00128697;
68;0.00093986;
69;0.00108823;
70;0.00152456;
71;0.00130552;
72;0.00168948;
73;0.00159421;
74;0.00112477;
75;0.000941252;
76;0.000311504;
77;0.00161971;
78;0.000671923;
79;0.0011199;
80;0.00123062;
81;0.00142853;
82;0.00257552;
83;0.00131012;
84;0.000339758;
85;0.000827388;
86;0.000578758;
87;0.00161713;
88;0.00103426;
89;0.00070111;
90;0.00174495;
91;0.00108492;
92;0.00131443;
93;0.00039766;
94;0.00128521;
95;0.00119302;
96;0.00106713;
97;0.000654073;
98;0.00123392;
99;0.00109753;
100;0.00136073;
101;0.00151316;
102;0.00190953;
103;0.00150837;
104;0.00168293;
105;6.28786e-05;
106;0.00107832;
107;0.000403829;
108;0.000444685;
109;0.00101404;
110;0.000613696;
111;0.000584416;
112;0.00160987;
113;0.00182232;
114;0.00145051;
115;0.000898641;
116;0.000631309;
117;0.000646385;
118;0.00138007;
119;0.000636531;
120;0.000433211;
121;0.00150334;
122;0.00129639;
123;0.00151405;
124;0.00120144;
125;0.00102663;
126;0.00131799;
127;0.000908163;
128;0.00123489;
129;0.00111159;
130;0.000840356;
131;0.00158472;
132;0.00101966;
133;0.000945304;
134;0.00135066;
135;0.000818412;
136;0.00052191;
137;0.000873515;
138;0.000356349;
139;0.00077146;
140;0.00104385;
141;0.000702846;
142;0.00121987;
143;0.00167862;
144;0.00140394;
145;0.00112853;
146;0.00131287;
147;0.00102723;
148;0.000379402;
149;0.000672761;
150;0.000971558;
151;0.000579996;
152;0.000809968;
153;0.000725571;
154;0.000784665;
155;0.00109337;
156;0.00141238;
157;0.00115354;
158;0.00126056;
159;0.001572;
160;0.00122972;
161;0.00154015;
162;0.00139942;
163;0.000238243;
164;0.000209819;
165;0.000897752;
166;0.000550353;
167;0.000852383;
168;0.000785667;
169;0.000507056;
170;0.00092485;
171;0.00190237;
172;0.00143932;
173;0.000997839;
174;0.00101729;
175;0.00098774;
176;0.000984124;
177;0.00119495;
178;0.00058679;
179;0.00063244;
180;0.000988453;
181;0.00137028;
182;0.00122565;
183;0.00174413;
184;0.00116162;
185;0.000470631;
186;0.00125084;
187;0.00152331;
188;0.000630509;
189;0.00062191;
190;0.0014075;
191;0.00174276;
192;0.00159157;
193;0.00160625;
194;0.000603235;
195;9.64578e-05;
196;0.000926418;
197;0.000852082;
198;0.000439331;
199;0.000734866;
200;0.000933005;
201;0.00169918;
202;0.00244007;
203;0.00164678;
204;0.000566112;
205;0.000600997;
206;0.000142336;
207;0.000485372;
208;0.000564649;
209;0.000800496;
210;0.00154813;
211;0.00121399;
212;0.00175764;
213;0.00139143;
214;0.00152461;
215;0.00150659;
216;0.000716801;
217;0.000940519;
218;0.00130112;
219;0.000333161;
220;0.00101657;
221;0.000746134;
222;0.00106968;
223;0.000921257;
224;0.00130434;
225;0.000848983;
226;5.47058e-05;
227;0.00112067;
228;0.000977231;
229;0.000334529;
230;0.000116154;
231;0.000834278;
232;0.00149918;
233;0.00133841;
234;0.000902905;
235;0.000491988;
236;0.000138934;
237;0.000733114;
238;0.000369508;
239;0.00118665;
240;0.00113497;
241;0.000798935;
242;0.000433162;
243;0.000439673;
244;0.000684701;
245;0.0006428;
246;0.000545605;
247;0.000397254;
248;0.000222541;
249;0.000338877;
250;0.000197437;
251;0.000608333;
252;0.000537771;
253;0.000225535;
254;0.000417154;
255;0.000141281;
256;0.000754409;
257;0.000405106;
258;0.0006649;
259;9.72109e-05;
260;0.000362667;
261;0.000172114;
262;0.000474203;
263;0.000594635;
264;0.0011938;
265;0.000615437;
266;0.000189557;
267;0.000790781;
268;0.00102589;
269;0.000596168;
270;0.000585136;
271;0.00034244;
272;0.000686725;
273;0.000443374;
274;0.000674261;
275;0.000333731;
276;0.000433532;
277;0.000645767;
278;0.000901491;
279;0.00142045;
280;0.00126045;
281;0.000403421;
282;0.000351815;
283;0.000841452;
284;0.000908692;
285;0.000496313;
286;0.000286511;
287;0.000793168;
288;0.00102207;
289;0.00145631;
290;0.00123926;
291;0.00100559;
292;0.000842372;
293;0.000760105;
294;0.000734967;
295;0.000729283;
296;0.000251161;
297;0.000722224;
298;0.00100019;
299;0.00126516;
300;0.00146149;
301;0.001584;
302;0.000999599;
303;0.000689567;
304;0.000180545;
305;0.000250178;
306;0.000637769;
307;0.000348412;
308;0.000764212;
309;0.00142352;
310;0.00145821;
311;0.00141448;
312;0.000399712;
313;0.000284787;
314;0.000496754;
315;0.00047706;
316;0.000300474;
317;0.000125159;
318;0.000998697;
319;0.00126396;
320;0.000796357;
321;0.000476949;
322;0.000254626;
323;0.00118508;
324;0.000771498;
325;0.000671465;
326;0.000445501;
327;0.000331183;
328;0.00051718;
329;0.000347095;
330;0.000263996;
331;0.000834823;
332;0.000443823;
333;0.00048455;
334;0.000238597;
335;0.00087098;
336;0.000989217;
337;0.000731159;
338;0.000174294;
339;0.000716095;
340;0.000433899;
341;0.000633049;
342;3.84745e-05;
343;0.000783535;
344;0.000746113;
345;0.000601031;
346;0.000249288;
347;0.000767418;
348;0.000492167;
349;0.000781499;
350;0.00116477;
351;0.00195232;
352;0.000833281;
353;0.000369492;
354;0.000872092;
355;0.000687373;
356;0.000733601;
357;0.001033;
358;0.00112886;
359;0.00152715;
360;0.00142764;
361;0.000936287;
362;0.00070459;
363;0.00142702;
364;0.000800469;
365;0.000572925;
366;0.0018318;
367;0.00132989;
368;0.00121189;
369;0.00124803;
370;0.00106883;
371;0.00144447;
372;0.00131367;
373;0.0010226;
374;0.000614518;
375;0.00023352;
376;0.00171046;
377;0.00103261;
378;0.00052359;
379;0.000674506;
380;0.000558198;
381;0.00143597;
382;0.00145059;
383;0.000474338;
384;0.000888836;
385;0.000910349;
386;0.000733602;
387;0.00112579;
388;0.000516343;
389;0.00106087;
390;0.00116049;
391;0.000431463;
392;6.74848e-05;
393;0.00062717;
394;0.000912334;
395;0.00116679;
396;0.000339603;
397;0.000361401;
398;0.000383243;
399;0.000505684;
400;0.000328768;
401;0.000948332;
402;0.00105432;
403;0.00111824;
404;0.000145139;
405;0.000527616;
406;0.00138058;
407;0.00110406;
408;0.000678144;
409;0.000376622;
410;0.000152476;
411;0.00032751;
412;0.000991098;
413;0.00140996;
414;0.000883795;
415;0.000733691;
416;0.00179643;
417;0.00178502;
418;0.00139441;
419;0.00128266;
420;0.000164252;
421;0.000875115;
422;0.00181596;
423;0.00102481;
424;0.000730975;
425;0.00136125;
426;0.00136479;
427;0.00135013;
428;0.00209876;
429;0.00168422;
430;0.000742458;
431;0.00046381;
432;0.000775312;
433;0.000747685;
434;0.00127018;
435;0.00157678;
436;0.00140587;
437;0.00145436;
438;0.00156933;
439;0.000871651;
440;0.00112349;
441;0.00083779;
442;0.000369373;
443;0.000426394;
444;0.0012942;
445;0.00175832;
446;0.00154046;
447;0.00156359;
448;0.000963047;
449;0.00067075;
450;0.000935668;
451;0.00117727;
452;0.000836018;
453;0.000116307;
454;0.00111935;
455;0.00116347;
456;0.00139435;
457;0.0012462;
458;0.000686291;
459;0.000346845;
460;0.000926777;
461;0.000920392;
462;0.000636526;
463;0.000596697;
464;0.000215403;
465;8.17509e-05;
466;0.00122067;
467;0.00110021;
468;0.000925067;
469;0.000709033;
470;0.000660961;
471;0.000995881;
472;0.000815612;
473;0.000301269;
474;0.00100708;
475;0.000108786;
476;0.000819749;
477;0.00140852;
478;0.000827036;
479;0.000793594;
480;0.00134522;
481;0.001191;
482;0.00099835;
483;0.000593476;
484;0.000774551;
485;0.000705918;
486;0.00107045;
487;0.00143132;
488;0.00090018;
489;0.00157182;
490;0.00197129;
491;0.00134258;
492;0.00171139;
493;0.00102586;
494;0.000789992;
495;0.000935786;
496;0.000917493;
497;0.00112932;
498;0.0012292;
499;0.00134078;
500;0.00093446;
501;0.0018043;
502;0.00221889;
503;0.00176808;
504;0.00111503;
505;0.000258422;
506;0.00186776;
507;0.00181563;
508;0.00110311;
509;0.000388583;
510;0.000264757;
511;4.42563e-05;
512;0.000795503;
513;0.00163588;
514;0.00144106;
515;0.000592429;
516;0.00176351;
517;0.00176403;
518;0.0011135;
519;0.0013199;
520;0.000750294;
521;0.000549683;
522;0.0013464;
523;0.000287771;
524;0.000432882;
525;0.00135239;
526;0.0011518;
527;0.000677145;
528;0.000621808;
529;0.000953435;
530;0.000685247;
531;0.000364476;
532;0.000148564;
533;0.000731885;
534;0.00172268;
535;0.00164812;
536;0.00111808;
537;0.000653571;
538;0.000395279;
539;0.00055178;
540;0.000634578;
541;0.000661017;
542;0.00124558;
543;0.000873468;
544;0.00118317;
545;0.00119106;
546;0.00100724;
547;0.000589654;
548;0.0005844;
549;0.000396966;
550;0.00076286;
551;0.000630341;
552;0.00043729;
553;0.000643278;
554;0.000861718;
555;0.000184744;
556;0.000329923;
557;0.000406672;
558;0.000792567;
559;0.00069983;
560;0.00100839;
561;0.000461863;
562;0.000287859;
563;0.000485109;
564;0.000381029;
565;0.000796581;
566;0.000366957;
567;0.00069617;
568;0.000471734;
569;0.000661213;
570;0.00046524;
571;0.000657134;
572;0.00102021;
573;0.00109501;
574;0.000930464;
575;0.00133197;
576;0.00138302;
577;0.00116891;
578;0.000306487;
579;0.00017077;
580;0.000179443;
581;0.000726151;
582;0.000269894;
583;0.000975717;
584;0.00186722;
585;0.00128232;
586;0.000566971;
587;0.000421761;
588;0.000354299;
589;0.000794875;
590;0.000923885;
591;0.000704168;
592;0.00011471;
593;0.000870819;
594;0.000721429;
595;0.000625305;
596;0.00108336;
597;0.00082819;
598;0.000973324;
599;0.00114906;
600;0.000875466;
601;0.000894064;
602;0.00111553;
603;0.00117271;
604;0.000737348;
605;0.000677009;
606;0.000601941;
607;0.000795203;
608;0.00103765;
609;0.00114514;
610;0.000439139;
611;0.000785324;
612;0.000706407;
613;0.00110529;
614;0.000862423;
615;0.00163542;
616;0.00161429;
617;0.00125333;
618;0.000652463;
619;0.000517155;
620;0.000771188;
621;0.000921293;
622;0.000363682;
623;0.000787543;
624;0.00114927;
625;0.000410826;
626;0.00082876;
627;0.00149863;
628;0.00108351;
629;0.000232874;
630;0.00138132;
631;0.00104297;
632;0.000742815;
633;0.00188154;
634;0.00142216;
635;0.000291485;
636;0.000644121;
637;0.000813613;
638;0.000822768;
639;0.00148979;
640;0.00125686;
641;0.00075668;
642;0.00165471;
643;0.00206797;
644;0.001875;
645;0.0015958;
646;0.000810804;
647;0.000415582;
648;0.000743819;
649;0.00152618;
650;0.00165571;
651;0.00115191;
652;0.000892255;
653;0.00197732;
654;0.00183297;
655;0.00147209;
656;0.000540796;
657;0.00037063;
658;0.000503042;
659;0.00122837;
660;0.000877007;
661;0.000292482;
662;0.000638493;
663;0.000349731;
664;0.000587262;
665;0.000364414;
666;0.000648466;
667;0.000599621;
668;0.000899644;
669;0.000417375;
670;0.000250388;
671;0.000404095;
672;0.000309529;
673;0.000374064;
674;0.00128586;
675;0.00188726;
676;0.00148298;
677;0.000597127;
678;0.000469903;
679;0.000648868;
680;0.00114694;
681;0.00106698;
682;0.00034077;
683;0.00054406;
684;0.00104412;
685;0.00198206;
686;0.00139894;
687;0.00136204;
688;0.000762396;
689;0.000722109;
690;0.00132783;
691;0.00114602;
692;0.00175297;
693;0.00169088;
694;0.00062134;
695;0.000155515;
696;0.000733849;
697;0.000876322;
698;0.000894023;
699;0.00102281;
700;0.000983768;
701;0.000278073;
702;0.00109317;
703;0.00143425;
704;0.00125029;
705;0.000177752;
706;0.00131805;
707;0.000939242;
708;0.0020789;
709;0.00161116;
710;0.00121055;
711;0.000378703;
712;0.00143624;
713;0.000628777;
714;0.00143375;
715;0.000260596;
716;0.00134273;
717;0.00145616;
718;0.00145165;
719;0.00125181;
720;0.00187423;
721;0.00055241;
722;0.000627097;
723;0.00152477;
724;0.0018565;
725;0.000342749;
726;0.00119374;
727;0.00112548;
728;0.0013156;
729;0.00132117;
730;0.00133294;
731;0.000241165;
732;0.000992881;
733;0.000735361;
734;0.00218376;
735;0.00158955;
736;0.000324861;
737;0.00168639;
738;0.00134381;
739;0.000150204;
740;0.00191082;
741;0.00152721;
742;0.000768079;
743;0.00102595;
744;0.00121376;
745;0.00143786;
746;0.000466064;
747;0.000804529;
748;0.00156884;
749;0.00138929;
750;0.000781438;
751;0.00053271;
752;0.000392229;
753;0.000396296;
754;0.00095937;
755;0.00215121;
756;0.00134905;
757;0.000699157;
758;0.000772151;
759;0.000942382;
760;0.000340816;
761;0.00105564;
762;0.000773667;
763;0.00079513;
764;3.67045e-05;
765;0.000440288;
766;0.0019535;
767;0.00158219;
768;0.000806431;
769;0.00096704;
770;0.00149601;
771;0.00191565;
772;0.00134522;
773;0.00142003;
774;0.000971541;
775;0.000564156;
776;0.00142352;
777;0.00104234;
778;0.00121624;
779;0.00108349;
780;0.00119728;
781;0.000576234;
782;0.000884053;
783;0.000405841;
784;0.00128612;
785;0.00160086;
786;0.000173804;
787;0.00136298;
788;0.00180634;
789;0.000566384;
790;0.00117254;
791;0.00169529;
792;0.00106353;
793;0.000932797;
794;0.00160393;
795;0.000837692;
796;0.00164006;
797;0.00163246;
798;0.000697928;
799;0.000426817;
800;0.000577326;
801;0.00123824;
802;0.00216309;
803;0.00216096;
804;0.00122893;
805;0.000988318;
806;0.00226763;
807;0.00121753;
808;0.000645407;
809;0.00116249;
810;0.00146573;
811;0.000689065;
812;0.000770567;
813;0.000630608;
814;0.00201429;
815;0.00160354;
816;0.000757238;
817;0.0011395;
818;0.00121533;
819;0.000359196;
820;0.000865707;
821;0.000765583;
822;0.00142747;
823;0.00131719;
824;0.00166758;
825;0.000236934;
826;0.000249875;
827;0.0013497;
828;0.00142931;
829;0.000267152;
830;0.00168442;
831;0.00140664;
832;0.00162103;
833;0.00121569;
834;0.00080485;
835;0.00179189;
836;0.00243082;
837;0.00154478;
838;0.00057541;
839;0.000954969;
840;0.000985823;
841;0.00109724;
842;0.001856;
843;0.00167195;
844;0.000856548;
845;0.000327316;
846;0.0011051;
847;0.00114471;
848;0.000760245;
849;0.00152524;
850;0.00184515;
851;0.000239353;
852;0.000201955;
853;0.000329651;
854;0.0013961;
855;0.000364759;
856;0.000351572;
857;0.00152902;
858;0.00192901;
859;0.00136689;
860;0.000655708;
861;0.00180871;
862;0.00118831;
863;0.00121399;
864;0.00143272;
865;0.000205583;
866;0.000642653;
867;0.0009506;
868;0.000143904;
869;0.00143894;
870;0.000909829;
871;0.00062929;
872;0.00106561;
873;0.000860057;
874;0.000592764;
875;0.00100678;
876;0.000536278;
877;0.000214125;
878;0.000554384;
879;0.00185538;
880;0.00240556;
881;0.000429925;
882;0.00137861;
883;0.00145624;
884;0.00154324;
885;0.000177883;
886;0.000752891;
887;0.000761837;
888;0.00133026;
889;0.000132829;
890;0.000328102;
891;0.00111409;
892;0.000586255;
893;0.00103527;
894;0.00164547;
895;0.00126746;
896;0.0012009;
897;0.000487183;
898;0.000612743;
899;0.000334287;
900;0.000923863;
901;0.00226483;
902;0.00177226;
903;0.000736746;
904;0.000847567;
905;0.00144696;
906;0.000290793;
907;0.00105301;
908;0.000537294;
909;0.000424298;
910;0.00114826;
911;0.00032368;
912;0.00108029;
913;0.00149891;
914;0.00107807;
915;0.00036519;
916;0.000204174;
917;0.00173697;
918;0.000437609;
919;0.000980511;
920;0.00124634;
921;0.000633933;
922;0.00111554;
923;0.0028268;
924;0.00189411;
925;0.000668899;
926;0.00110429;
927;0.00113752;
928;0.0010571;
929;0.0011109;
930;0.00125411;
931;0.0018795;
932;0.00162194;
933;0.00155822;
934;0.000778043;
935;0.00164243;
936;0.000931399;
937;0.00115623;
938;0.000780534;
939;0.00159328;
940;0.00177342;
941;0.000605415;
942;0.000729493;
943;0.000170219;
944;0.00114786;
945;0.00146951;
946;0.0018544;
947;0.000560684;
948;0.00157771;
949;0.00138928;
950;0.000736407;
951;0.00073269;
952;0.000805588;
953;0.00129542;
954;0.00153889;
955;0.000763204;
956;0.000763583;
957;0.000348353;
958;0.00053019;
959;0.000966222;
960;0.00224506;
961;0.00238191;
962;0.00158515;
963;0.00101837;
964;0.000532875;
965;0.000947864;
966;0.00135293;
967;0.00277571;
968;0.0017294;
969;0.000803429;
970;0.000295464;
971;0.00111247;
972;0.00042237;
973;0.00145703;
974;0.000159335;
975;0.000987263;
976;0.00170365;
977;0.000865641;
978;0.00055754;
979;0.00133551;
980;0.000103514;
981;0.000782027;
982;4.84521e-05;
983;0.00208958;
984;0.00127108;
985;0.000267851;
986;0.00072557;
987;0.000739682;
988;0.00120758;
989;0.00292081;
990;0.00199785;
991;0.000103008;
992;0.000263375;
993;0.00102729;
994;0.00199764;
995;0.000296149;
996;0.000652976;
997;0.000621599;
998;0.000862901;
999;0.00114581;
1000;0.000417736;
1001;0.00107662;
1002;0.00148049;
1003;0.000835549;
1004;0.000591816;
1005;0.000972806;
1006;0.00121813;
1007;0.00105777;
1008;0.0011201;
1009;0.0015083;
1010;0.0022065;
1011;0.000678576;
1012;0.00111442;
1013;0.000878328;
1014;0.00128474;
1015;0.00156825;
1016;0.00109504;
1017;0.00162388;
1018;0.000698114;
1019;0.00162267;
1020;0.000950213;
1021;0.000249361;
1022;0.000380906;
1023;0.00181332;
1024;0.000801731;
1025;0.00124063;
1026;0.000346687;
1027;0.000913119;
1028;0.000568009;
1029;0.00119985;
1030;0.000415036;
1031;0.00194308;
1032;0.000257184;
1033;0.00105359;
1034;0.000963026;
1035;0.00168354;
1036;0.00126797;
1037;0.00211497;
1038;0.00222868;
1039;0.0021063;
1040;0.00180116;
1041;0.000713298;
1042;0.00184023;
1043;0.0010106;
1044;0.00243513;
1045;0.00164644;
1046;0.000982469;
1047;0.000827757;
1048;0.00113439;
1049;0.000374321;
1050;0.001425;
1051;0.00135201;
1052;0.00110975;
1053;0.00218762;
1054;0.00197023;
1055;0.000292556;
1056;0.000372559;
1057;0.000609779;
1058;0.00096484;
1059;0.00039679;
1060;0.00146248;
1061;0.00203893;
1062;0.000721674;
1063;0.00074083;
1064;0.00121515;
1065;0.00227441;
1066;0.000867981;
1067;0.00174996;
1068;0.000588481;
1069;0.000515638;
1070;0.000703539;
1071;0.00246829;
1072;0.00199157;
1073;0.00181952;
1074;0.00241633;
1075;0.00142534;
1076;0.00130031;
1077;0.00137442;
1078;0.00168267;
1079;0.00114891;
1080;0.0014399;
1081;0.000365479;
1082;0.00118434;
1083;0.00109104;
1084;0.00103247;
1085;0.00101226;
1086;0.000863807;
1087;0.000587235;
1088;0.0010933;
1089;0.00165054;
1090;0.000480639;
1091;0.000623138;
1092;0.0010132;
1093;0.000771558;
1094;0.00165581;
1095;0.00138047;
1096;0.00144882;
1097;0.00160072;
1098;0.00122356;
1099;0.000620484;
1100;0.00110384;
1101;0.00271329;
1102;0.00106313;
1103;0.000929825;
1104;0.000599365;
1105;0.00108721;
1106;0.000779274;
1107;0.00195258;
1108;0.00139921;
1109;0.00151106;
1110;0.00178567;
1111;0.00217836;
1112;0.00242723;
1113;0.000532989;
1114;0.000878588;
1115;0.000752607;
1116;0.00139341;
1117;0.000683161;
1118;0.00116949;
1119;0.00169498;
1120;0.000946696;
1121;0.000490289;
1122;0.00104407;
1123;0.000717131;
1124;0.00120635;
1125;0.00220995;
1126;0.000861863;
1127;0.000469897;
1128;0.00146426;
1129;0.000510808;
1130;0.00109102;
1131;0.00122763;
1132;0.00111916;
1133;0.000271187;
1134;0.000799071;
1135;0.00190893;
1136;0.000441183;
1137;0.00131541;
1138;0.000853804;
1139;0.00141262;
1140;0.00177792;
1141;0.00145653;
1142;0.000437332;
1143;0.00189185;
1144;0.00142551;
1145;0.00290726;
1146;0.00318672;
1147;0.00138703;
1148;0.00209444;
1149;0.000627354;
1150;0.000914703;
1151;0.000728284;
1152;0.00211299;
1153;0.00193378;
1154;0.00212386;
1155;0.00133182;
1156;0.00176318;
1157;0.00119006;
1158;0.00171336;
1159;0.00298624;
1160;0.00168488;
1161;0.0020973;
1162;0.00146671;
1163;0.00283871;
1164;0.00146528;
1165;0.00115391;
1166;0.00111696;
1167;0.00101947;
1168;0.00103672;
1169;0.00235507;
1170;0.00228584;
1171;0.00167714;
1172;0.00246818;
1173;0.00153711;
1174;0.00224423;
1175;0.00122156;
1176;0.00155239;
1177;0.00193712;
1178;0.00217482;
1179;0.00148506;
1180;0.000503135;
1181;0.000907381;
1182;0.000786301;
1183;0.0018215;
1184;0.00158369;
1185;0.00174556;
1186;0.000274494;
1187;0.00249085;
1188;0.00134652;
1189;0.00113162;
1190;0.00112781;
1191;0.000684837;
1192;0.00106754;
1193;0.0012799;
1194;0.000486686;
1195;0.000459226;
1196;0.001426;
1197;0.000599098;
1198;0.00162371;
1199;0.000804929;
1200;0.000931557;
1201;0.00152032;
1202;0.00209254;
1203;0.00114458;
1204;0.000157153;
1205;0.00124685;
1206;0.000486984;
1207;0.000988363;
1208;0.000915924;
1209;0.000837903;
1210;0.000197513;
1211;0.00163548;
1212;0.000536473;
1213;0.000936821;
1214;0.000927526;
1215;0.000812726;
1216;0.000252702;
1217;0.000999918;
1218;0.000527484;
1219;0.000785085;
1220;0.00148952;
1221;0.000994638;
1222;0.00107145;
1223;0.00108996;
1224;0.00080974;
1225;0.00138527;
1226;0.0020427;
1227;0.000361061;
1228;0.000510547;
1229;0.00104794;
1230;0.000642737;
1231;0.000744127;
1232;0.00117995;
1233;0.000570389;
1234;0.000269444;
1235;0.000413285;
1236;0.000734515;
1237;0.00170258;
1238;0.00182537;
1239;0.0016616;
1240;0.00211592;
1241;0.00168231;
1242;0.00157318;
1243;0.000848985;
1244;0.000884426;
1245;0.00114097;
1246;0.00113977;
1247;0.00111089;
1248;0.000369309;
1249;0.00102346;
1250;0.000635382;
1251;0.000603219;
1252;0.000388944;
1253;0.000698598;
1254;0.0012714;
1255;0.00133983;
1256;0.000416269;
1257;0.000211216;
1258;0.00136849;
1259;3.06489e-05;
1260;0.00122899;
1261;0.000862358;
1262;0.00105475;
1263;0.000889316;
1264;0.00144362;
1265;0.00132121;
1266;0.00148319;
1267;0.00101533;
1268;0.000764126;
1269;0.000485665;
1270;0.000484862;
1271;0.000805903;
1272;0.000840172;
1273;0.00130871;
1274;0.00133279;
1275;0.00101087;
1276;0.000740939;
1277;0.000582541;
1278;0.000834257;
1279;0.00103966;
1280;0.000762472;
1281;0.00079071;
1282;0.000935698;
1283;0.000706948;
1284;0.000619159;
1285;0.00129388;
1286;0.00164665;
1287;0.00152994;
1288;0.00199818;
1289;0.00167303;
1290;0.000880557;
1291;0.000378323;
1292;0.000978504;
1293;0.000740784;
1294;0.000829769;
1295;0.000580945;
1296;0.00030733;
1297;0.000481729;
1298;0.00124823;
1299;0.0011508;
1300;0.00044511;
1301;0.00149078;
1302;0.0010527;
1303;0.000639704;
1304;0.00134841;
1305;0.000778801;
1306;0.00081153;
1307;0.00143016;
1308;0.00132654;
1309;0.00113966;
1310;0.00136858;
1311;0.000300114;
1312;0.0009289;
1313;0.0011928;
1314;0.000710214;
1315;0.00055846;
1316;0.00155005;
1317;0.000408636;
1318;0.000305134;
1319;0.000396005;
1320;0.000813441;
1321;0.000549725;
1322;0.00192377;
1323;0.000791704;
1324;0.00105252;
1325;0.000974947;
1326;0.000851866;
1327;0.00189464;
1328;0.00164979;
1329;0.000422108;
1330;0.0010791;
1331;0.00056591;
1332;0.000497279;
1333;0.00142528;
1334;0.00119904;
1335;0.000827503;
1336;0.00127326;
1337;0.000357929;
1338;0.00111561;
1339;0.000358915;
1340;0.000572524;
1341;0.0009465;
1342;0.00100221;
1343;0.000256439;
1344;0.000480445;
1345;0.00151394;
1346;0.00039522;
1347;0.000185186;
1348;0.00206055;
1349;0.000877732;
1350;0.000488178;
1351;0.00199784;
1352;0.00110106;
1353;0.000275395;
1354;0.0014623;
1355;0.000516509;
1356;0.00121344;
1357;0.000231829;
1358;0.000699237;
1359;0.00106968;
1360;0.000550468;
1361;0.00124317;
1362;0.000507614;
1363;0.00130522;
1364;0.000744679;
1365;0.000556055;
1366;0.000680539;
1367;0.000317179;
1368;0.000389404;
1369;0.00157847;
1370;0.000624181;
1371;0.00176562;
1372;0.00194308;
1373;0.00117879;
1374;0.00117374;
1375;0.00110156;
1376;0.00116125;
1377;0.000743413;
1378;0.000818574;
1379;0.000487364;
1380;0.000410155;
1381;0.000337447;
1382;0.00136915;
1383;0.000979564;
1384;0.000840123;
1385;0.000604081;
1386;0.000293889;
1387;0.00109287;
1388;0.00102273;
1389;0.00157723;
1390;0.000784121;
1391;0.00110376;
1392;0.00153143;
1393;0.00137468;
1394;0.000350122;
1395;0.00183839;
1396;0.00109484;
1397;0.000479733;
1398;0.00143826;
1399;0.00149487;
1400;0.000220373;
1401;0.000178179;
1402;0.000732004;
1403;0.000404979;
1404;0.00150371;
1405;0.000494864;
1406;0.000559248;
1407;0.000791096;
1408;0.00101657;
1409;0.00122715;
1410;0.00126342;
1411;0.00181881;
1412;0.0012563;
1413;0.000855214;
1414;0.00125614;
1415;0.000615925;
1416;0.00125734;
1417;0.00153518;
1418;0.000550743;
1419;0.000819365;
1420;0.000561445;
1421;0.000562936;
1422;0.00152749;
1423;0.000639683;
1424;0.000996793;
1425;0.00111392;
1426;0.000391587;
1427;0.00105548;
1428;0.000760786;
1429;0.000921222;
1430;0.000727825;
1431;0.000134763;
1432;0.00133904;
1433;0.000388978;
1434;0.000974466;
1435;0.00142983;
1436;0.000418445;
1437;0.00109742;
1438;0.00177691;
1439;0.000872559;
1440;0.000564507;
1441;0.000546896;
1442;0.00157789;
1443;0.00108996;
1444;0.00162634;
1445;0.00151168;
1446;0.000743997;
1447;0.000903985;
1448;0.00120684;
1449;0.000889765;
1450;0.000929571;
1451;0.00150412;
1452;0.000642377;
1453;0.000525644;
1454;0.000184097;
1455;0.00139586;
1456;0.000850773;
1457;0.000675673;
1458;0.00149902;
1459;0.000396373;
1460;0.000125187;
1461;0.00148439;
1462;0.000462848;
1463;0.000510155;
1464;0.00173531;
1465;0.000824582;
1466;0.00116215;
1467;0.00158822;
1468;0.000512571;
1469;0.00160651;
1470;0.00196779;
1471;0.000424449;
1472;0.000237069;
1473;0.00170308;
1474;0.000685254;
1475;0.000408625;
1476;0.000855366;
1477;0.000978379;
1478;0.00066642;
1479;0.00113238;
1480;0.00020016;
1481;0.00123884;
1482;0.00103959;
1483;0.00173271;
1484;0.00114903;
1485;0.00111636;
1486;0.000952866;
1487;0.000827281;
1488;0.001088;
1489;0.0010305;
1490;0.000814708;
1491;0.000885074;
1492;0.00064863;
1493;0.000232275;
1494;0.00033028;
1495;0.00053283;
1496;0.0013963;
1497;0.000576998;
1498;0.00125601;
1499;0.000839772;
1500;0.000467229;
1501;0.000832068;
1502;0.000970561;
1503;0.000489896;
1504;0.000241617;
1505;0.0010174;
1506;0.00128045;
1507;0.00048739;
1508;0.00103911;
1509;0.00218994;
1510;0.000989821;
1511;0.00108951;
1512;0.0010995;
1513;0.000258685;
1514;0.00111828;
1515;0.000213177;
1516;0.000765658;
1517;0.00182784;
1518;0.000174584;
1519;0.0011587;
1520;0.00124688;
1521;0.000645901;
1522;0.00118626;
1523;0.00183964;
1524;0.00075155;
1525;0.00166597;
1526;0.00143703;
1527;0.00146097;
1528;0.000897681;
1529;0.00111136;
1530;0.0016522;
1531;0.000686874;
1532;0.000916716;
1533;0.00124506;
1534;0.000609315;
1535;0.00154614;
1536;0.000996136;
1537;0.00105282;
1538;0.000342437;
1539;0.00123549;
1540;0.00137096;
1541;0.00170455;
1542;0.00118744;
1543;0.000994175;
1544;0.00157833;
1545;0.00124691;
1546;0.000889089;
1547;0.00113635;
1548;0.000405663;
1549;0.00125528;
1550;0.00106272;
1551;0.000857247;
1552;0.000978708;
1553;0.00126066;
1554;0.000628372;
1555;0.000557979;
1556;0.00150314;
1557;0.000724532;
1558;0.000395916;
1559;0.000952361;
1560;0.000523658;
1561;0.000157678;
1562;0.0014368;
1563;0.000565691;
1564;0.000482874;
1565;0.00100363;
1566;0.000241871;
1567;0.00102831;
1568;0.000725812;
1569;0.00138059;
1570;0.000666222;
1571;0.00138641;
1572;0.000830351;
1573;0.00133872;
1574;0.00118027;
1575;0.000944649;
1576;0.00100613;
1577;0.00147236;
1578;0.000257713;
1579;0.00154577;
1580;0.00123954;
1581;0.00124153;
1582;0.000604863;
1583;8.66018e-05;
1584;0.0010208;
1585;0.000998277;
1586;0.000264557;
1587;0.000734031;
1588;0.00125392;
1589;0.000160198;
1590;0.000509547;
1591;0.0014975;
1592;0.000707352;
1593;0.000914905;
1594;0.00213213;
1595;0.000763156;
1596;0.00147559;
1597;0.00177498;
1598;0.00129487;
1599;0.000988737;
1600;0.00101549;
1601;0.00131538;
1602;0.000828028;
1603;0.000585296;
1604;0.00131551;
1605;0.000697326;
1606;0.000550564;
1607;0.00130739;
1608;0.00109829;
1609;0.00139602;
1610;0.000974363;
1611;0.00151971;
1612;0.00109492;
1613;0.00151081;
1614;0.000890471;
1615;0.00105969;
1616;0.00145366;
1617;0.000921236;
1618;0.0010298;
1619;0.000619459;
1620;0.001155;
1621;0.00125294;
1622;0.00117107;
1623;0.00111665;
1624;0.0005037;
1625;0.000388522;
1626;0.000478848;
1627;0.0010473;
1628;0.00103416;
1629;0.000880876;
1630;0.00122502;
1631;0.000573154;
1632;0.000272258;
1633;0.00157277;
1634;0.00075274;
1635;0.00131899;
1636;0.001275;
1637;0.000194217;
1638;0.000480332;
1639;0.000769327;
1640;0.000810708;
1641;0.000146247;
1642;0.00128891;
1643;0.000946203;
1644;0.00129348;
1645;0.00176068;
1646;0.000135026;
1647;0.00134112;
1648;0.00199106;
1649;0.000843765;
1650;0.00083421;
1651;0.000445537;
1652;0.00102757;
1653;0.00142332;
1654;0.000957205;
1655;0.000950272;
1656;0.00182174;
1657;0.000631172;
1658;0.000421953;
1659;0.0016482;
1660;0.00076814;
1661;0.000306806;
1662;0.00131956;
1663;0.000713711;
1664;0.0010994;
1665;0.0012735;
1666;0.00124464;
1667;0.00107188;
1668;0.00175651;
1669;0.00121094;
1670;0.000774376;
1671;0.000876574;
1672;0.00150761;
1673;0.000450667;
1674;0.000689916;
1675;0.000432726;
1676;0.000702813;
1677;0.000410294;
1678;0.000887375;
1679;0.00228951;
1680;0.000899848;
1681;0.000846689;
1682;0.0010433;
1683;0.00154307;
1684;0.00157411;
1685;0.000300711;
1686;0.00118184;
1687;0.000763129;
1688;0.00119735;
1689;0.000858269;
1690;0.000204675;
1691;0.000911289;
1692;0.00100409;
1693;0.000850982;
1694;0.00124492;
1695;0.000767877;
1696;0.000300477;
1697;0.000730446;
1698;0.00143624;
1699;0.000238141;
1700;0.000638289;
1701;0.000503131;
1702;0.000554537;
1703;0.000446405;
1704;0.00180311;
1705;0.000983031;
1706;0.00122948;
1707;0.00142112;
1708;0.000400085;
1709;0.00130919;
1710;0.00137079;
1711;0.00100765;
1712;0.000216582;
1713;0.00149664;
1714;0.000621022;
1715;0.00192411;
1716;0.000509233;
1717;0.000499251;
1718;0.000951149;
1719;0.000762316;
1720;0.00103858;
1721;0.00130671;
1722;0.000484332;
1723;0.000741625;
1724;0.00161729;
1725;0.000547507;
1726;0.000548309;
1727;0.00117297;
1728;0.00124456;
1729;0.00130876;
1730;0.00225324;
1731;0.00165781;
1732;0.00127359;
1733;0.000971592;
1734;0.00237514;
1735;0.000774443;
1736;0.000745016;
1737;0.000599921;
1738;0.000358995;
1739;0.000672018;
1740;0.000437501;
1741;0.00201763;
1742;0.000377907;
1743;0.00103504;
1744;0.0014139;
1745;0.000689622;
1746;0.00040335;
1747;0.00150465;
1748;0.000827371;
1749;0.00138119;
1750;0.000357222;
1751;0.00135986;
1752;0.000353208;
1753;0.00137105;
1754;0.00136412;
1755;0.000397441;
1756;0.00065937;
1757;0.000832563;
1758;0.000312339;
1759;0.000522131;
1760;0.00201118;
1761;0.00115626;
1762;0.000191001;
1763;0.001745;
1764;0.000178762;
1765;0.000925563;
1766;0.00168484;
1767;0.0012177;
1768;0.000175131;
1769;0.000930002;
1770;0.000990316;
1771;0.00165241;
1772;0.00144592;
1773;0.000957075;
1774;0.00198287;
1775;0.00144791;
1776;0.00017777;
1777;0.000714401;
1778;2.32918e-05;
1779;0.00113275;
1780;0.000852688;
1781;0.000406529;
1782;0.000582968;
1783;0.00103914;
1784;0.00150803;
1785;0.000455949;
1786;0.00155811;
1787;0.000273355;
1788;0.000242035;
1789;0.00141603;
1790;0.00148929;
1791;0.00135143;
1792;0.000634175;
1793;0.00135111;
1794;0.000904301;
1795;0.00112382;
1796;0.00132421;
1797;0.00132757;
1798;0.000457044;
1799;0.0015208;
1800;0.000650912;
1801;0.000854299;
1802;0.000400443;
1803;0.0017697;
1804;0.000375144;
1805;0.000867165;
1806;0.00180694;
1807;0.000861318;
1808;0.000956642;
1809;0.000707979;
1810;0.00184697;
1811;0.000333199;
1812;0.000740275;
1813;0.000901508;
1814;0.0015324;
1815;0.000752128;
1816;0.00108026;
1817;0.000452281;
1818;0.00112983;
1819;0.000559145;
1820;0.000732521;
1821;0.000909966;
1822;0.00112641;
1823;0.000519462;
1824;0.00138936;
1825;0.000875991;
1826;0.000264338;
1827;0.00137714;
1828;0.000916661;
1829;0.000714076;
1830;0.00155901;
1831;0.000735459;
1832;0.00133399;
1833;0.00240994;
1834;0.000369093;
1835;0.000571678;
1836;0.000994965;
1837;7.51807e-05;
1838;0.000747352;
1839;0.00184719;
1840;0.000662642;
1841;0.000725313;
1842;0.00114432;
1843;0.00145861;
1844;0.000730394;
1845;0.000752011;
1846;0.000806497;
1847;0.000559456;
1848;0.000934441;
1849;0.000212131;
1850;0.000519054;
1851;0.00116568;
1852;0.00143214;
1853;0.00161978;
1854;0.00174565;
1855;0.00162945;
1856;0.000160427;
1857;0.0018297;
1858;0.00131679;
1859;0.000757794;
1860;0.000709594;
1861;0.000452315;
1862;0.000739698;
1863;0.00115992;
1864;0.00173156;
1865;0.00047761;
1866;0.00181104;
1867;0.000160009;
1868;0.00143877;
1869;0.000803856;
1870;0.000976391;
1871;0.000667894;
1872;0.00119642;
1873;0.000860831;
1874;0.000429024;
1875;0.000669857;
1876;0.00125598;
1877;0.00113255;
1878;0.000957273;
1879;0.000920849;
1880;0.00198926;
1881;0.000466005;
1882;0.000154278;
1883;0.00165221;
1884;0.000207244;
1885;0.000449993;
1886;0.00167551;
1887;0.000843586;
1888;0.00128338;
1889;0.000666931;
1890;0.00140365;
1891;0.000542715;
1892;0.000969595;
1893;0.00131169;
1894;0.0010018;
1895;0.000688588;
1896;0.00109247;
1897;0.000947847;
1898;0.00157482;
1899;0.00221597;
1900;0.00104857;
1901;0.001713;
1902;0.00148342;
1903;6.42298e-05;
1904;0.00121407;
1905;0.000312194;
1906;0.000622129;
1907;0.00120603;
1908;0.000402177;
1909;0.00073098;
1910;0.00170986;
1911;0.00097674;
1912;0.000527952;
1913;0.00211747;
1914;0.00128773;
1915;0.000508218;
1916;0.000784454;
1917;0.00188883;
1918;0.000614307;
1919;0.00113396;
1920;0.00126317;
1921;0.00104792;
1922;0.000537603;
1923;0.000720892;
1924;0.00184989;
1925;0.000397464;
1926;0.000288711;
1927;0.00123592;
1928;0.00188044;
1929;0.000893117;
1930;0.000550305;
1931;0.00101857;
1932;0.000521177;
1933;0.000370236;
1934;0.00089556;
1935;0.00147274;
1936;0.000260387;
1937;0.00170129;
1938;0.00165381;
1939;0.000842336;
1940;0.00158743;
1941;0.00147363;
1942;0.00188271;
1943;0.00145485;
1944;0.00106689;
1945;0.00218142;
1946;0.00157905;
1947;8.20124e-05;
1948;0.00133092;
1949;0.000270743;
1950;0.000405305;
1951;0.00142733;
1952;0.00145559;
1953;0.000763056;
1954;0.00167569;
1955;0.000864619;
1956;0.00102549;
1957;0.000649647;
1958;0.00107773;
1959;0.000117164;
1960;0.00077065;
1961;0.000619925;
1962;0.000324377;
1963;0.000825073;
1964;0.00139527;
1965;0.00177085;
1966;0.000185793;
1967;0.000760791;
1968;0.000772864;
1969;0.00268376;
1970;0.000553769;
1971;2.79456e-05;
1972;0.0014699;
1973;0.000576267;
1974;0.000745243;
1975;0.000665195;
1976;0.000963347;
1977;0.000901068;
1978;0.00145998;
1979;0.00124455;
1980;0.00152249;
1981;0.00181326;
1982;0.0016965;
1983;0.00141287;
1984;0.000463015;
1985;0.000445975;
1986;0.00187084;
1987;0.000630744;
1988;0.000281754;
1989;0.00116043;
1990;0.000233563;
1991;0.000289039;
1992;0.00163521;
1993;0.000654482;
1994;0.00115441;
1995;0.00126989;
1996;0.000822265;
1997;0.00237332;
1998;0.00113399;
1999;0.000894954;
2000;0.00178523;
2001;0.0019199;
2002;0.000951902;
2003;0.000283878;
2004;0.000852229;
2005;0.000565438;
2006;0.000952436;
2007;0.000385607;
2008;0.000603704;
2009;0.000473614;
2010;0.00205888;
2011;0.000800097;
2012;0.000665604;
2013;0.0018235;
2014;0.00138553;
2015;0.0014122;
2016;0.00183768;
2017;0.000692012;
2018;0.000774299;
2019;0.000418821;
2020;0.00033223;
2021;0.00126096;
2022;0.00120929;
2023;0.000245551;
2024;0.00152225;
2025;7.8967e-05;
2026;0.00107723;
2027;0.00191717;
2028;0.00126413;
2029;0.00071618;
2030;0.0016173;
2031;0.00105262;
2032;0.00235619;
2033;0.00163349;
2034;0.000713436;
2035;0.000976062;
2036;0.00117216;
2037;0.00131845;
2038;0.00111366;
2039;0.000612764;
2040;0.000674526;
2041;0.000614513;
2042;0.000927301;
2043;0.000488457;
2044;0.00122923;
2045;0.00153164;
2046;0.00116353;
2047;0.000199856;
2048;0.00246199;
2049;0.00108788;
2050;0.000659439;
2051;0.00090017;
2052;0.000888656;
2053;0.00186768;
2054;0.000453452;
2055;0.00149894;
2056;0.00148053;
2057;0.0017288;
2058;0.000665872;
2059;0.000743541;
2060;0.00118265;
2061;0.000434024;
2062;0.0014977;
2063;0.00108061;
2064;0.000957608;
2065;0.00140597;
2066;0.00195864;
2067;0.000963486;
2068;0.000349681;
2069;0.00184464;
2070;0.00130477;
2071;0.00159627;
2072;0.00079113;
2073;0.000670208;
2074;0.0013383;
2075;0.00152698;
2076;0.000596568;
2077;0.00218997;
2078;0.000305027;
2079;0.000774185;
2080;0.00143174;
2081;0.000529384;
2082;0.000641965;
2083;0.000950616;
2084;0.000759925;
2085;0.00157918;
2086;0.00178127;
2087;0.000448861;
2088;0.00231811;
2089;0.000220173;
2090;0.000939662;
2091;0.00157452;
2092;0.00264303;
2093;0.00159022;
2094;0.000548568;
2095;0.00240061;
2096;0.00117379;
2097;0.000831998;
2098;0.00128873;
2099;0.000677406;
2100;0.00155663;
2101;0.00108205;
2102;0.000933785;
2103;0.00188896;
2104;0.000894017;
2105;0.000470813;
2106;0.000686008;
2107;0.00138393;
2108;0.000755553;
2109;0.0018509;
2110;0.000902136;
2111;0.000706282;
2112;0.000896001;
2113;0.00122128;
2114;0.000745021;
2115;0.000791318;
2116;0.00139682;
2117;0.00153419;
2118;0.000810549;
2119;0.00198643;
2120;0.00142577;
2121;0.00169676;
2122;0.00159646;
2123;0.000598229;
2124;0.00326606;
2125;0.00130322;
2126;0.000840574;
2127;0.00146032;
2128;0.00205249;
2129;0.00237852;
2130;0.00204135;
2131;0.00102667;
2132;0.00252578;
2133;0.000905424;
2134;0.00152807;
2135;0.00159181;
2136;0.00125963;
2137;0.00238711;
2138;0.00100267;
2139;0.00155674;
2140;0.00161706;
2141;0.00175913;
2142;0.000980687;
2143;0.00156277;
2144;0.00220707;
2145;0.000372116;
2146;0.000898063;
2147;0.000891215;
2148;0.00221873;
2149;0.00110912;
2150;0.000778667;
2151;0.000855348;
2152;0.00112561;
2153;0.00057481;
2154;0.000908307;
2155;0.00093422;
2156;0.00223244;
2157;0.000828652;
2158;0.000481707;
2159;0.0020023;
2160;0.00122302;
2161;9.63817e-05;
2162;0.000942999;
2163;0.00104787;
2164;0.000219231;
2165;0.000647906;
2166;0.000399005;
2167;0.00125517;
2168;0.000529813;
2169;0.000793272;
2170;0.00114464;
2171;0.000846313;
2172;0.000589047;
2173;0.000927312;
2174;0.000578531;
2175;0.000571948;
2176;0.00150679;
2177;0.00130595;
2178;0.000907214;
2179;0.00115632;
2180;0.000865644;
2181;0.000338769;
2182;0.00160283;
2183;0.000957728;
2184;0.000444755;
2185;0.00118375;
2186;0.000830407;
2187;0.00107013;
2188;0.000893623;
2189;0.000107601;
2190;0.00104092;
2191;0.00133414;
2192;0.000466281;
2193;0.000827096;
2194;0.00101528;
2195;0.00094633;
2196;0.000243235;
2197;0.000915751;
2198;0.000259815;
2199;0.00104135;
2200;0.000237939;
2201;0.000410981;
2202;0.000544671;
2203;0.00048835;
2204;0.00114833;
2205;0.000572395;
2206;0.000822275;
2207;0.000251526;
2208;0.000574178;
2209;0.00179268;
2210;0.00100691;
2211;0.000314136;
2212;0.000961268;
2213;0.000962135;
2214;0.00130527;
2215;0.000602258;
2216;0.000673643;
2217;0.000656271;
2218;0.000661487;
2219;0.000914518;
2220;0.00114218;
2221;0.00111176;
2222;0.00170276;
2223;0.00176082;
2224;0.000870525;
2225;0.000486172;
2226;0.000673343;
2227;0.000216914;
2228;0.00128233;
2229;0.00226846;
2230;0.00115403;
2231;0.00126882;
2232;0.00182991;
2233;0.00114499;
2234;0.000967196;
2235;0.000592202;
2236;0.000259187;
2237;0.000730246;
2238;0.00139245;
2239;0.000939991;
2240;0.00122288;
2241;0.000624118;
2242;0.000547104;
2243;0.00184636;
2244;0.00092254;
2245;0.000648529;
2246;0.000249876;
2247;0.0012233;
2248;0.00062457;
2249;0.00116714;
2250;0.000726832;
2251;0.0010981;
2252;0.00149708;
2253;0.000520447;
2254;0.000571048;
2255;0.000917204;
2256;0.000481834;
2257;0.000438503;
2258;0.000940399;
2259;0.000206335;
2260;0.00157981;
2261;0.000851629;
2262;0.00101298;
2263;0.00158149;
2264;0.00134989;
2265;0.000587318;
2266;0.000875727;
2267;0.00153608;
2268;0.000781583;
2269;0.000407853;
2270;0.000711018;
2271;0.000542333;
2272;0.000763273;
2273;0.000482523;
2274;0.000303486;
2275;0.000738346;
2276;0.000680351;
2277;0.000845135;
2278;0.000505608;
2279;0.00138893;
2280;0.000870263;
2281;0.0017563;
2282;0.00112808;
2283;0.000762726;
2284;0.00124811;
2285;0.00127675;
2286;0.000207634;
2287;0.000643267;
2288;0.00127841;
2289;0.000880193;
2290;0.000788548;
2291;0.000366023;
2292;0.000480088;
2293;0.00071294;
2294;0.000828005;
2295;0.000996334;
2296;0.00162571;
2297;0.000452301;
2298;0.000618903;
2299;0.00123248;
2300;0.000452982;
2301;0.00114152;
2302;0.00117154;
2303;0.000437141;
2304;0.000963229;
2305;0.00144668;
2306;0.000390976;
2307;0.00056603;
2308;8.06573e-05;
2309;0.000733246;
2310;0.000754981;
2311;0.000266855;
2312;0.000969174;
2313;0.00159557;
2314;0.000775994;
2315;0.00131302;
2316;0.00247802;
2317;0.00137472;
2318;0.000464313;
2319;0.000873448;
2320;0.00133986;
2321;0.000217911;
2322;0.000594942;
2323;0.000158699;
2324;0.000418172;
2325;0.00146471;
2326;0.000992495;
2327;0.000808466;
2328;0.000668694;
2329;0.000247201;
2330;0.000592228;
2331;0.00107338;
2332;0.000481561;
2333;0.000762795;
2334;0.000420673;
2335;0.00106656;
2336;0.00108368;
2337;0.000834548;
2338;0.000543776;
2339;0.000954085;
2340;0.000615401;
2341;0.000710816;
2342;0.000421499;
2343;0.000578394;
2344;0.00159507;
2345;0.000971256;
2346;0.000457506;
2347;0.0012619;
2348;0.000951874;
2349;0.000873609;
2350;0.000225845;
2351;0.00100846;
2352;0.000845573;
2353;0.00079182;
2354;0.00102387;
2355;0.00073482;
2356;0.00098633;
2357;0.000674115;
2358;0.0006529;
2359;0.000915772;
2360;0.00110089;
2361;0.00136686;
2362;0.00190392;
2363;0.00169323;
2364;0.000106032;
2365;0.000328326;
2366;0.000862635;
2367;0.000498502;
2368;0.000920777;
2369;0.00070931;
2370;0.00061274;
2371;0.000875646;
2372;0.00123077;
2373;0.000366647;
2374;0.00114335;
2375;0.00166202;
2376;0.00042019;
2377;0.000310547;
2378;0.00109978;
2379;0.000140243;
2380;0.000645254;
2381;0.000279374;
2382;7.1378e-05;
2383;0.000770749;
2384;0.00039372;
2385;0.000908168;
2386;0.000622021;
2387;0.000448703;
2388;0.00171086;
2389;0.00185057;
2390;0.000139535;
2391;0.000922302;
2392;0.00164145;
2393;0.000484019;
2394;0.000796638;
2395;0.00160315;
2396;0.000900662;
2397;0.00101742;
2398;0.00100819;
2399;0.000521793;
2400;0.00116173;
2401;0.00113621;
2402;0.000851374;
2403;0.000993471;
2404;0.00116437;
2405;0.00114628;
2406;0.00140544;
2407;0.000647008;
2408;0.000127184;
2409;0.00150359;
2410;0.000825321;
2411;0.000592184;
2412;0.000843054;
2413;0.00108338;
2414;0.000904015;
2415;0.000832314;
2416;0.000562209;
2417;0.00149022;
2418;0.000938625;
2419;0.000316502;
2420;0.000539455;
2421;0.000570752;
2422;0.000272115;
2423;0.000590299;
2424;0.000719838;
2425;0.000126526;
2426;0.00139882;
2427;0.000562287;
2428;0.0016771;
2429;0.00108584;
2430;0.000868804;
2431;0.00126906;
2432;0.00184536;
2433;0.001032;
2434;0.000473775;
2435;0.00108389;
2436;0.000620954;
2437;0.000859824;
2438;0.000773316;
2439;0.000822329;
2440;0.00086187;
2441;0.000978904;
2442;0.00030334;
2443;0.000998901;
2444;0.000344166;
2445;0.000679862;
2446;0.000816324;
2447;0.000985444;
2448;0.000810359;
2449;0.00072764;
2450;0.00127036;
2451;0.000743112;
2452;0.00152422;
2453;0.00071507;
2454;0.00157841;
2455;0.000767842;
2456;0.000854393;
2457;0.00115095;
2458;0.0010232;
2459;0.000422298;
2460;0.00054478;
2461;0.000968253;
2462;0.000520864;
2463;0.00059673;
2464;0.00099062;
2465;0.000729403;
2466;0.000163882;
2467;0.00126439;
2468;0.000922497;
2469;0.00128537;
2470;0.000275725;
2471;0.000470204;
2472;0.00114199;
2473;0.00185708;
2474;0.000835751;
2475;0.00062074;
2476;0.0020403;
2477;0.00153332;
2478;0.00038518;
2479;0.000421432;
2480;0.000348348;
2481;0.00061363;
2482;0.000811327;
2483;0.000474108;
2484;0.000923755;
2485;0.00134833;
2486;0.000351831;
2487;0.00127147;
2488;0.0014621;
2489;0.000495233;
2490;0.000463218;
2491;0.00107474;
2492;0.000772225;
2493;0.00153676;
2494;0.00103238;
2495;0.000172051;
2496;0.000652754;
2497;0.00121786;
2498;0.000575636;
2499;0.000222594;
2500;0.000509982;
2501;0.000264544;
2502;0.000659463;
2503;0.00103343;
2504;0.00154815;
2505;0.00121896;
2506;0.000676021;
2507;0.00140028;
2508;0.00148523;
2509;0.00065163;
2510;0.00122097;
2511;0.0011833;
2512;0.000618038;
2513;0.00116506;
2514;0.00145096;
2515;0.00118322;
2516;0.00191604;
2517;0.00152024;
2518;0.00117947;
2519;0.00132904;
2520;0.00104258;
2521;0.00034049;
2522;0.000463527;
2523;0.000460471;
2524;0.000692025;
2525;0.00103221;
2526;0.000281479;
2527;0.000637209;
2528;0.0012293;
2529;0.000365377;
2530;0.00110187;
2531;0.00156676;
2532;0.000462905;
2533;0.000835459;
2534;0.000709173;
2535;9.28259e-05;
2536;0.00132472;
2537;0.00171685;
2538;0.00077978;
2539;0.000493116;
2540;0.00108489;
2541;0.000585297;
2542;0.0010065;
2543;0.000155787;
2544;0.000546108;
2545;0.00150878;
2546;0.00146769;
2547;0.00206706;
2548;0.00149852;
2549;0.00110862;
2550;0.0012841;
2551;0.00134473;
2552;0.00077844;
2553;0.000510628;
2554;0.00072964;
2555;0.000474254;
2556;0.00132126;
2557;0.00228017;
2558;0.00103614;
2559;0.000909735;
2560;0.00116486;
2561;0.000878263;
2562;0.000784203;
2563;0.000913054;
2564;0.00015421;
2565;0.000480818;
2566;0.000703928;
2567;0.000760516;
2568;0.000814714;
2569;0.00033421;
2570;0.000489762;
2571;0.00152763;
2572;0.000542173;
2573;0.000989034;
2574;0.000970406;
2575;0.000369604;
2576;0.0012357;
2577;0.0016708;
2578;0.000463188;
2579;0.000686887;
2580;0.00113149;
2581;0.000692369;
2582;0.000583546;
2583;0.00131659;
2584;0.0010012;
2585;0.00112893;
2586;0.000958653;
2587;0.000924324;
2588;0.00160535;
2589;0.0011147;
2590;0.000839045;
2591;0.00151094;
2592;0.00151321;
2593;0.000474651;
2594;0.000904739;
2595;0.000671658;
2596;0.000558821;
2597;0.00142545;
2598;0.000907254;
2599;0.000985383;
2600;0.00129314;
2601;0.000923758;
2602;0.000235807;
2603;0.000766259;
2604;0.000273374;
2605;0.000735424;
2606;0.000390429;
2607;0.000270403;
2608;0.000376304;
2609;0.00033911;
2610;0.000943546;
2611;0.00124164;
2612;9.85477e-05;
2613;0.000139434;
2614;0.00127624;
2615;0.000352918;
2616;0.00135802;
2617;0.00129362;
2618;0.00114451;
2619;0.000963208;
2620;0.00148234;
2621;0.000342993;
2622;0.000827956;
2623;0.00124221;
2624;0.00101742;
2625;0.00070729;
2626;0.000815967;
2627;0.000850287;
2628;0.000650198;
2629;0.00106064;
2630;0.000763034;
2631;0.000799579;
2632;0.000769142;
2633;0.000329199;
2634;0.000609793;
2635;0.000408589;
2636;0.00114845;
2637;0.00150178;
2638;6.84841e-05;
2639;0.00017745;
2640;0.00158398;
2641;0.000804723;
2642;0.001107;
2643;0.000773375;
2644;0.00105405;
2645;0.000525312;
2646;0.001252;
2647;0.000453656;
2648;0.00102815;
2649;0.000864459;
2650;0.000677208;
2651;0.000892172;
2652;0.000931716;
2653;0.000264912;
2654;0.000403768;
2655;0.000701317;
2656;0.000146038;
2657;0.000537061;
2658;0.000634221;
2659;0.000405294;
2660;0.000929715;
2661;0.00123578;
2662;0.000470476;
2663;0.00129004;
2664;0.00041071;
2665;0.000320611;
2666;0.00164018;
2667;0.00145158;
2668;0.00040654;
2669;0.000518868;
2670;0.00102198;
2671;0.000336113;
2672;0.00114868;
2673;0.000458622;
2674;0.000790368;
2675;9.35935e-05;
2676;0.00033321;
2677;0.000954735;
2678;0.000770792;
2679;0.000559764;
2680;0.000786744;
2681;0.000603321;
2682;0.000728585;
2683;0.000793113;
2684;0.00056548;
2685;0.000713964;
2686;0.000593283;
2687;0.000745082;
2688;0.000830598;
2689;0.00164155;
2690;0.000226576;
2691;0.000844897;
2692;0.00188474;
2693;0.00196251;
2694;0.000674514;
2695;0.00074487;
2696;0.000746804;
2697;0.000216869;
2698;0.00136346;
2699;0.000665413;
2700;0.000216606;
2701;0.000647395;
2702;0.000612568;
2703;0.00100234;
2704;0.000787838;
2705;0.000288993;
2706;0.00100869;
2707;0.000851567;
2708;0.000179673;
2709;0.00104244;
2710;0.00063943;
2711;0.000597793;
2712;0.00117878;
2713;0.000506322;
2714;0.000894104;
2715;0.00107051;
2716;0.000438595;
2717;0.00158756;
2718;0.00115031;
2719;0.00141628;
2720;0.00113954;
2721;0.00107662;
2722;0.000256015;
2723;0.000332998;
2724;0.00133953;
2725;0.00123466;
2726;0.000953795;
2727;7.99661e-05;
2728;0.000146552;
2729;0.00159975;
2730;0.00124687;
2731;0.000861739;
2732;0.00132633;
2733;0.00126399;
2734;0.000290104;
2735;0.00103931;
2736;0.000919451;
2737;0.000397174;
2738;0.000954341;
2739;0.000878044;
2740;0.000276285;
2741;0.00145249;
2742;0.000595449;
2743;0.000832422;
2744;0.000542808;
2745;0.000885848;
2746;0.000768873;
2747;0.00109545;
2748;6.53293e-05;
2749;0.000317058;
2750;0.000860307;
2751;0.00124543;
2752;0.0011723;
2753;0.000505803;
2754;0.000204964;
2755;0.000832142;
2756;0.000970185;
2757;0.00170588;
2758;0.00170962;
2759;0.00106274;
2760;0.000533082;
2761;0.00157259;
2762;0.000916983;
2763;0.000454314;
2764;0.00124067;
2765;0.000985353;
2766;0.000475496;
2767;0.00117444;
2768;0.000503461;
2769;0.00105759;
2770;0.001294;
2771;0.00111768;
2772;0.0010887;
2773;0.00149351;
2774;0.000178421;
2775;0.000476584;
2776;0.000303317;
2777;0.000671773;
2778;0.00139631;
2779;0.000572738;
2780;0.000277831;
2781;0.00101156;
2782;0.000960551;
2783;0.00117239;
2784;0.00129777;
2785;0.000892868;
2786;5.89502e-05;
2787;0.00115154;
2788;0.000410892;
2789;0.00140601;
2790;0.00211216;
2791;0.00093252;
2792;0.000562694;
2793;0.0014009;
2794;0.0006013;
2795;0.000903836;
2796;0.00128486;
2797;0.000516555;
2798;0.000936595;
2799;0.00193466;
2800;0.00129815;
2801;0.000618755;
2802;0.000669189;
2803;0.000643746;
2804;0.00126385;
2805;0.000958132;
2806;0.000650094;
2807;0.000953612;
2808;0.000740581;
2809;0.00130702;
2810;0.00177506;
2811;0.00104878;
2812;0.000396702;
2813;0.00123567;
2814;0.000901604;
2815;0.0017258;
2816;0.000931186;
2817;0.000223315;
2818;0.00139954;
2819;0.00155811;
2820;0.000843409;
2821;0.0010534;
2822;0.00158744;
2823;0.00108075;
2824;0.000432921;
2825;0.00062311;
2826;0.000431463;
2827;0.00131225;
2828;0.000990012;
2829;0.000854343;
2830;0.00168608;
2831;0.00134793;
2832;0.000979855;
2833;0.00128599;
2834;0.000998648;
2835;0.000536513;
2836;0.00141586;
2837;0.000525021;
2838;0.000597642;
2839;0.00181926;
2840;0.00113892;
2841;0.000778251;
2842;0.000660556;
2843;0.000565373;
2844;0.000737571;
2845;0.00101404;
2846;0.000329991;
2847;0.00133697;
2848;0.00109475;
2849;0.000982278;
2850;0.000762867;
2851;0.000599197;
2852;0.000925308;
2853;0.00087766;
2854;0.000736518;
2855;0.000952255;
2856;0.00115708;
2857;0.000892147;
2858;0.00131654;
2859;0.00137164;
2860;0.000485891;
2861;0.000721101;
2862;0.00109183;
2863;0.000691062;
2864;0.000737632;
2865;0.000651338;
2866;0.000274317;
2867;0.00146547;
2868;0.00154865;
2869;0.000411544;
2870;0.00065547;
2871;0.00240765;
2872;0.000849465;
2873;0.000649316;
2874;0.000538143;
2875;0.000819473;
2876;0.000777793;
2877;0.00119533;
2878;0.000386667;
2879;0.000728997;
2880;0.000383386;
2881;0.000197302;
2882;0.000268278;
2883;0.000284642;
2884;0.000825656;
2885;0.000840732;
2886;0.000869238;
2887;0.000996269;
2888;0.000990308;
2889;0.000244618;
2890;0.000738785;
2891;0.000296068;
2892;0.000856567;
2893;0.00161672;
2894;0.00115667;
2895;0.00145256;
2896;0.00126879;
2897;0.00100048;
2898;0.000295662;
2899;0.00111804;
2900;0.000113638;
2901;0.00157497;
2902;0.000595052;
2903;0.000562499;
2904;0.000871736;
2905;0.00161105;
2906;0.000321524;
2907;0.000105199;
2908;0.00115526;
2909;0.000971574;
2910;0.000501703;
2911;0.000902863;
2912;0.00106965;
2913;0.00093379;
2914;0.000437587;
2915;0.000690884;
2916;0.00100569;
2917;0.000728643;
2918;0.00146881;
2919;0.00125517;
2920;0.00029025;
2921;0.000737807;
2922;0.00112661;
2923;0.000956653;
2924;0.00159177;
2925;0.00157711;
2926;0.00090415;
2927;0.00173826;
2928;0.00129084;
2929;0.0002612;
2930;0.00118763;
2931;0.00185571;
2932;0.000820795;
2933;0.00128861;
2934;0.000900539;
2935;0.000559317;
2936;0.000904707;
2937;0.000767899;
2938;0.000825902;
2939;0.000904718;
2940;0.000837197;
2941;0.000545009;
2942;0.000392527;
2943;0.000474876;
2944;0.000861847;
2945;0.00105686;
2946;0.000216475;
2947;0.000548954;
2948;0.000107374;
2949;0.000833957;
2950;0.00185415;
2951;0.0012825;
2952;0.00021459;
2953;0.00125104;
2954;0.00084734;
2955;0.000790574;
2956;0.0013653;
2957;0.00152239;
2958;0.000172513;
2959;0.00104138;
2960;0.000702256;
2961;0.000803344;
2962;0.000771722;
2963;0.0010853;
2964;0.000968404;
2965;0.000863235;
2966;0.000815932;
2967;0.000689437;
2968;0.00108514;
2969;0.000406618;
2970;0.00038182;
2971;0.000492417;
2972;0.000408488;
2973;0.000611999;
2974;0.000987709;
2975;0.00143147;
2976;0.000943844;
2977;0.00079272;
2978;0.000669316;
2979;0.000915575;
2980;0.00062263;
2981;0.00131725;
2982;0.000727344;
2983;0.000278441;
2984;0.000921164;
2985;0.00111542;
2986;0.000120828;
2987;0.0013931;
2988;0.00130183;
2989;0.00100001;
2990;0.000476461;
2991;0.000613097;
2992;0.00111115;
2993;0.00114462;
2994;0.000810957;
2995;0.000565466;
2996;0.000658649;
2997;0.000516642;
2998;0.00107699;
2999;0.000566782;
3000;9.53673e-05;
3001;0.000604482;
3002;0.000920581;
3003;0.000594512;
3004;0.000426756;
3005;0.000653532;
3006;0.000684658;
3007;0.00096468;
3008;0.000329072;
3009;0.000917518;
3010;0.00139613;
3011;0.000884275;
3012;0.00153844;
3013;0.0017087;
3014;0.00119881;
3015;0.000670823;
3016;0.000938661;
3017;0.000618197;
3018;0.00119624;
3019;0.00175489;
3020;0.00061353;
3021;0.000945137;
3022;0.00171015;
3023;0.000702456;
3024;0.000622202;
3025;0.00128765;
3026;0.00124987;
3027;0.000105266;
3028;0.000595626;
3029;0.000794474;
3030;0.00108517;
3031;0.00143689;
3032;0.00116061;
3033;0.00101;
3034;0.000556109;
3035;0.00084561;
3036;0.000302289;
3037;0.000748255;
3038;0.00149876;
3039;0.00120475;
3040;0.000968138;
3041;0.000934504;
3042;0.000914819;
3043;0.000688955;
3044;0.00191254;
3045;0.000922893;
3046;0.000288364;
3047;0.000860268;
3048;0.0014409;
3049;5.95934e-05;
3050;0.00149121;
3051;0.000884003;
3052;0.000712102;
3053;0.000554078;
3054;0.000772614;
3055;0.000491998;
3056;0.0014359;
3057;0.000550773;
3058;0.00101047;
3059;6.36012e-05;
3060;0.000601607;
3061;0.00112556;
3062;0.000906038;
3063;0.000585415;
3064;0.000906253;
3065;0.000249893;
3066;0.000636468;
3067;0.00116435;
3068;0.000401389;
3069;0.000214381;
3070;0.000583948;
3071;0.0003946;
3072;0.00109778;
3073;0.000788821;
3074;0.000378304;
3075;0.00105327;
3076;0.00114967;
3077;0.00105926;
3078;0.00146548;
3079;0.00149013;
3080;0.000808625;
3081;0.00176038;
3082;0.000796846;
3083;0.00102614;
3084;0.000594341;
3085;0.000595184;
3086;0.00109363;
3087;0.00199609;
3088;0.000727544;
3089;0.000881466;
3090;0.00155105;
3091;0.00120579;
3092;0.000523434;
3093;0.00119693;
3094;0.000319195;
3095;0.00130122;
3096;0.00106616;
3097;0.0010332;
3098;0.00207409;
3099;0.00226567;
3100;0.00122488;
3101;0.000452936;
3102;0.000485026;
3103;0.000627777;
3104;0.00118335;
3105;0.000403467;
3106;0.000159859;
3107;0.000701859;
3108;0.000513314;
3109;0.00113749;
3110;0.00108956;
3111;0.000814917;
3112;0.00034769;
3113;0.00102349;
3114;0.000749045;
3115;0.00098107;
3116;0.0007554;
3117;0.000400783;
3118;0.000917605;
3119;0.000644512;
3120;0.00126346;
3121;0.00104817;
3122;0.000325091;
3123;0.000812545;
3124;0.00169015;
3125;0.000516555;
3126;0.000674313;
3127;0.000731947;
3128;0.000523251;
3129;0.000990179;
3130;0.00133154;
3131;0.000281317;
3132;0.00064693;
3133;0.000956878;
3134;0.000832536;
3135;0.00101914;
3136;0.00104837;
3137;0.000135139;
3138;0.000340058;
3139;0.000340038;
3140;0.000544258;
3141;0.00118518;
3142;0.000918079;
3143;0.00104291;
3144;0.000199676;
3145;0.000133054;
3146;0.00142862;
3147;0.00107499;
3148;0.00100257;
3149;0.00129964;
3150;0.000115848;
3151;0.000706225;
3152;0.00222545;
3153;0.00117624;
3154;0.00116073;
3155;0.00151098;
3156;0.00149755;
3157;0.000958808;
3158;0.00176711;
3159;0.0014027;
3160;0.000441405;
3161;0.00111434;
3162;0.000644985;
3163;0.00112257;
3164;0.00151521;
3165;0.00133267;
3166;0.000760254;
3167;0.00137167;
3168;0.00109934;
3169;0.000563144;
3170;9.72253e-05;
3171;0.000407973;
3172;0.000909166;
3173;0.000578011;
3174;0.000595072;
3175;0.000689742;
3176;0.000294464;
3177;0.000271038;
3178;0.000516273;
3179;0.000350852;
3180;0.00097531;
3181;0.000818048;
3182;0.000847087;
3183;0.00104505;
3184;0.00135679;
3185;0.00019632;
3186;0.000804941;
3187;0.000249266;
3188;0.000616337;
3189;0.00152883;
3190;0.0011205;
3191;0.00111673;
3192;0.000990881;
3193;0.000691783;
3194;0.000393236;
3195;0.00151488;
3196;4.12571e-05;
3197;0.00177757;
3198;0.00134992;
3199;0.00060742;
3200;0.00103875;
3201;0.00100759;
3202;0.000906807;
3203;0.00097313;
3204;0.00105666;
3205;0.000678116;
3206;0.00168181;
3207;0.00092335;
3208;0.000446145;
3209;0.00133292;
3210;0.00146084;
3211;0.000701119;
3212;0.000738438;
3213;0.000552705;
3214;0.000553819;
3215;0.000977282;
3216;0.000928175;
3217;0.00125108;
3218;0.00120105;
3219;0.000716438;
3220;0.00095853;
3221;0.000990631;
3222;0.000236132;
3223;0.000704301;
3224;0.000501496;
3225;0.000787996;
3226;0.0004859;
3227;0.000900643;
3228;0.00151263;
3229;0.00140049;
3230;0.000671739;
3231;0.000486189;
3232;0.00112838;
3233;0.000935559;
3234;0.00167522;
3235;0.00105405;
3236;0.00117864;
3237;0.00107573;
3238;0.00121589;
3239;0.000734222;
3240;0.00191983;
3241;0.00130432;
3242;0.000482169;
3243;0.00069762;
3244;0.000233409;
3245;0.00138919;
3246;0.00140546;
3247;0.000998025;
3248;0.00087176;
3249;0.00151285;
3250;0.000212618;
3251;0.000599929;
3252;0.000108352;
3253;0.0001893;
3254;0.00108952;
3255;0.00122472;
3256;0.0010911;
3257;0.000929932;
3258;0.000706821;
3259;0.000673027;
3260;0.000813314;
3261;0.000585954;
3262;0.00108258;
3263;0.00097447;
3264;0.000382888;
3265;0.00117828;
3266;0.00133008;
3267;0.000344108;
3268;0.00107594;
3269;0.000435988;
3270;0.000470763;
3271;0.00132457;
3272;0.00132155;
3273;0.000382325;
3274;0.000642431;
3275;0.00101567;
3276;0.000889478;
3277;0.000866508;
3278;0.000482762;
3279;0.0018535;
3280;0.000978751;
3281;0.000364774;
3282;0.0012935;
3283;0.00122817;
3284;0.000791514;
3285;0.00117434;
3286;0.000385284;
3287;0.00101071;
3288;0.0023329;
3289;0.000923957;
3290;0.000556514;
3291;0.000827705;
3292;0.00152977;
3293;0.00150543;
3294;0.00164009;
3295;0.00042856;
3296;0.000524362;
3297;0.000582874;
3298;0.000779383;
3299;0.000941619;
3300;0.000699337;
3301;0.000471288;
3302;0.00077283;
3303;0.000888976;
3304;0.000917863;
3305;0.000736752;
3306;0.000864156;
3307;0.000762303;
3308;0.000424662;
3309;0.000853786;
3310;0.00125458;
3311;0.00112936;
3312;0.000421598;
3313;0.00081635;
3314;0.000764915;
3315;0.000611359;
3316;0.000742985;
3317;0.000608841;
3318;0.000781219;
3319;0.00154303;
3320;0.000809015;
3321;0.00091657;
3322;0.00142825;
3323;0.00121268;
3324;0.000525534;
3325;0.000714757;
3326;0.000225595;
3327;0.00186462;
3328;0.00136428;
3329;0.000383684;
3330;0.00062965;
3331;0.00106046;
3332;0.000671896;
3333;0.00241102;
3334;0.00125571;
3335;0.000402065;
3336;0.0011843;
3337;0.0013619;
3338;0.00139056;
3339;0.00203262;
3340;0.000951783;
3341;0.000532672;
3342;0.00129862;
3343;0.00096215;
3344;0.000826259;
3345;0.000854054;
3346;0.000999312;
3347;0.00062634;
3348;8.48658e-05;
3349;0.000369178;
3350;0.000354401;
3351;0.000762983;
3352;0.000661774;
3353;0.000322956;
3354;0.00114594;
3355;0.000948839;
3356;0.000244672;
3357;0.000274037;
3358;0.0010081;
3359;0.000501812;
3360;0.00143148;
3361;0.00108201;
3362;0.000288925;
3363;0.00091046;
3364;0.00141281;
3365;0.000609642;
3366;0.00172622;
3367;0.0012957;
3368;0.000704345;
3369;0.000488669;
3370;0.000928911;
3371;0.000202734;
3372;0.00191537;
3373;0.00165964;
3374;0.000855619;
3375;0.000603498;
3376;0.00134332;
3377;0.000723276;
3378;0.00138474;
3379;0.00048694;
3380;0.000633794;
3381;0.00142204;
3382;0.00110266;
3383;0.00042754;
3384;0.000585055;
3385;0.00132728;
3386;8.54671e-05;
3387;0.00111449;
3388;0.000477315;
3389;0.000982996;
3390;0.00125605;
3391;0.00135426;
3392;0.00183265;
3393;0.00118499;
3394;0.000891852;
3395;0.0011042;
3396;0.0005306;
3397;0.000244663;
3398;0.000286942;
3399;0.000332883;
3400;0.000430113;
3401;0.000743049;
3402;0.0015576;
3403;0.00204768;
3404;0.00108898;
3405;0.00156944;
3406;0.00196777;
3407;0.00170619;
3408;0.00232817;
3409;0.00156945;
3410;0.00186801;
3411;0.00112923;
3412;0.00117254;
3413;0.00155504;
3414;0.00140144;
3415;0.00212606;
3416;0.00100711;
3417;0.0027582;
3418;0.00366393;
3419;0.0028221;
3420;0.0030297;
3421;0.000819859;
3422;0.00221388;
3423;0.0016421;
3424;0.00202156;
3425;0.00257094;
3426;0.00119768;
3427;0.00230568;
3428;0.00101363;
3429;0.00208636;
3430;0.00225599;
3431;0.0013756;
3432;0.00265222;
3433;0.00206556;
3434;0.00362719;
3435;0.00257798;
3436;0.00240503;
3437;0.00295779;
3438;0.0015193;
3439;0.00195197;
3440;0.00063406;
3441;0.00138256;
3442;0.000671094;
3443;0.00106078;
3444;0.00147277;
3445;0.000842047;
3446;0.00153972;
3447;0.00154067;
3448;0.00172602;
3449;0.00123764;
3450;0.000255552;
3451;0.000136534;
3452;0.000766821;
3453;0.000959296;
3454;0.00108712;
3455;0.000795973;
3456;0.00102704;
3457;0.00059847;
3458;0.000754969;
3459;0.000695449;
3460;0.00104931;
3461;0.00169102;
3462;0.000613335;
3463;0.000667415;
3464;0.000881153;
3465;0.00189865;
3466;0.00179716;
3467;0.00130614;
3468;0.00281229;
3469;0.0025737;
3470;0.0033767;
3471;0.00192841;
3472;0.00150204;
3473;0.00166552;
3474;0.000391786;
3475;0.00174328;
3476;0.00136921;
3477;0.00111633;
3478;0.000830552;
3479;0.00171312;
3480;0.002019;
3481;0.000584794;
3482;0.00112822;
3483;0.000448841;
3484;0.00145244;
3485;0.00138415;
3486;0.000871122;
3487;0.000973943;
3488;0.00225638;
3489;0.00118602;
3490;0.00217697;
3491;0.0018942;
3492;0.000429521;
3493;0.00180198;
3494;0.00122818;
3495;0.00211109;
3496;0.00131419;
3497;0.000640397;
3498;0.0014198;
3499;0.000780431;
3500;0.00172684;
3501;0.00113086;
3502;0.00133517;
3503;0.00123752;
3504;0.00165845;
3505;0.00207228;
3506;0.00130588;
3507;0.00167335;
3508;0.0017218;
3509;0.00120019;
3510;0.00130652;
3511;0.000812758;
3512;0.000655128;
3513;0.00130698;
3514;0.00189418;
3515;0.00230623;
3516;0.00156588;
3517;0.000333471;
3518;0.000598458;
3519;0.00156633;
3520;0.00188319;
3521;0.00160158;
3522;0.00169908;
3523;0.000984614;
3524;0.00209714;
3525;0.00142962;
3526;0.00133594;
3527;0.000373428;
3528;0.000962504;
3529;0.00121588;
3530;0.000937586;
3531;0.00162713;
3532;0.00183373;
3533;0.000493481;
3534;0.00126696;
3535;0.00224912;
3536;0.00135432;
3537;0.00177057;
3538;0.00093728;
3539;0.00124532;
3540;0.00190173;
3541;0.000775642;
3542;0.00103709;
3543;0.000673847;
3544;0.00204028;
3545;0.00154012;
3546;0.00184009;
3547;0.00212639;
3548;0.00019186;
3549;0.000955285;
3550;0.000179914;
3551;0.00129692;
3552;0.00204272;
3553;0.000818302;
3554;0.000935612;
3555;0.000827827;
3556;0.000408229;
3557;0.00174086;
3558;0.00154965;
3559;0.00100953;
3560;0.00275318;
3561;0.0018355;
3562;0.00152089;
3563;0.00117484;
3564;0.00128191;
3565;0.00211263;
3566;0.000223637;
3567;0.00126704;
3568;0.000617121;
3569;0.0012002;
3570;0.000345213;
3571;0.00116357;
3572;0.00107798;
3573;0.000206867;
3574;0.000576403;
3575;0.00123658;
3576;0.000754141;
3577;0.00127555;
3578;0.00146253;
3579;0.0012343;
3580;0.00171215;
3581;0.00189747;
3582;0.00212083;
3583;0.00179575;
3584;0.000842988;
3585;0.00113203;
3586;0.00120265;
3587;0.00103998;
3588;0.00070404;
3589;0.000640125;
3590;0.000671782;
3591;0.000180553;
3592;0.00106733;
3593;0.00170888;
3594;0.00111019;
3595;0.00126029;
3596;0.000681674;
3597;0.000928484;
3598;0.000555837;
3599;0.00153904;
3600;0.000900614;
3601;0.00153567;
3602;0.00273977;
3603;0.0017763;
3604;0.00167221;
3605;0.00121043;
3606;0.00090131;
3607;0.00104461;
3608;0.000645402;
3609;0.0004804;
3610;0.00127641;
3611;0.000420042;
3612;0.000414703;
3613;0.00100909;
3614;0.0012181;
3615;0.0032857;
3616;0.00236413;
3617;0.00212475;
3618;0.00141451;
3619;0.000781102;
3620;0.000587346;
3621;0.00118924;
3622;0.000575754;
3623;0.000611024;
3624;0.00125403;
3625;0.000798418;
3626;0.000975221;
3627;0.00153674;
3628;0.00129104;
3629;0.000323923;
3630;0.00173272;
3631;0.00123663;
3632;0.00106799;
3633;0.00176866;
3634;0.000528389;
3635;0.00163808;
3636;0.00181195;
3637;0.00173773;
3638;0.00208753;
3639;0.000398163;
3640;0.00171007;
3641;0.000880536;
3642;0.00072528;
3643;0.00243415;
3644;0.00250086;
3645;0.000753938;
3646;0.00184127;
3647;0.00121332;
3648;0.00139032;
3649;0.00121992;
3650;0.000489872;
3651;0.000924835;
3652;0.000956665;
3653;0.00143808;
3654;0.000944434;
3655;0.000941872;
3656;0.0011561;
3657;0.00053299;
3658;0.000571347;
3659;0.00108333;
3660;0.000503859;
3661;0.000309259;
3662;0.000329686;
3663;0.000752849;
3664;0.00159312;
3665;0.00121032;
3666;0.00116898;
3667;0.00168206;
3668;0.00223928;
3669;0.00206998;
3670;0.00126012;
3671;0.000881557;
3672;0.000866352;
3673;0.000986775;
3674;0.0011232;
3675;0.000760739;
3676;0.00107281;
3677;0.00170053;
3678;0.00204286;
3679;0.00156441;
3680;0.000414945;
3681;0.00100997;
3682;0.000628752;
3683;0.000358607;
3684;0.00104991;
3685;0.000936581;
3686;0.000493988;
3687;0.00053193;
3688;0.000962501;
3689;0.000447278;
3690;0.000598425;
3691;0.000630411;
3692;0.00111002;
3693;0.000371281;
3694;0.00112926;
3695;0.000894136;
3696;0.00146676;
3697;0.000963435;
3698;0.00103205;
3699;0.00183407;
3700;0.000680003;
3701;0.00142159;
3702;0.000347472;
3703;0.0005743;
3704;0.0012968;
3705;0.002312;
3706;0.00193922;
3707;0.00273418;
3708;0.00114245;
3709;0.00146298;
3710;0.00137128;
3711;0.000666151;
3712;0.0021064;
3713;0.00126232;
3714;0.000229094;
3715;0.000918932;
3716;0.00108604;
3717;0.00140394;
3718;0.00247972;
3719;0.00110975;
3720;0.00195244;
3721;0.00106301;
3722;0.000431482;
3723;0.00154268;
3724;0.00074681;
3725;0.00133819;
3726;0.00103902;
3727;0.001489;
3728;0.000455561;
3729;0.00108846;
3730;0.000574924;
3731;0.00119722;
3732;0.000596838;
3733;0.00141217;
3734;0.000461488;
3735;0.00100521;
3736;0.001952;
3737;0.000312375;
3738;0.001818;
3739;0.00108499;
3740;0.00142099;
3741;0.000720741;
3742;0.0008952;
3743;0.000699733;
3744;0.00129965;
3745;0.000309755;
3746;0.00203006;
3747;0.0018594;
3748;0.00187912;
3749;0.00251592;
3750;0.000911347;
3751;0.0019625;
3752;0.00179199;
3753;0.000763536;
3754;0.0012512;
3755;0.0016663;
3756;0.000217478;
3757;0.00192666;
3758;0.00107942;
3759;0.000924473;
3760;0.000918005;
3761;0.000442251;
3762;0.00172092;
3763;0.00142744;
3764;0.00131539;
3765;0.00162512;
3766;0.000900893;
3767;0.00102659;
3768;0.00148605;
3769;0.000678589;
3770;0.00063879;
3771;0.00119526;
3772;0.000756538;
3773;0.000546233;
3774;0.000267337;
3775;0.00102474;
3776;0.000857902;
3777;0.00075897;
3778;0.000903662;
3779;0.000892472;
3780;0.00110963;
3781;0.000558595;
3782;0.00119386;
3783;0.00106925;
3784;0.000730819;
3785;0.000791499;
3786;0.00125318;
3787;0.000819758;
3788;0.00144656;
3789;0.00139282;
3790;0.000943173;
3791;0.000714827;
3792;0.00109601;
3793;0.00125743;
3794;0.00143433;
3795;0.00203386;
3796;0.00182988;
3797;0.00116603;
3798;0.00173831;
3799;0.00161617;
3800;0.00089244;
3801;0.000295695;
3802;0.000149234;
3803;0.000638313;
3804;0.000494893;
3805;0.000196199;
3806;0.000699587;
3807;0.00120721;
3808;0.0018761;
3809;0.00210073;
3810;0.00136788;
3811;0.0015491;
3812;0.00101385;
3813;0.000823586;
3814;0.00121238;
3815;0.000981614;
3816;0.000680455;
3817;0.0012506;
3818;0.000312701;
3819;0.000366387;
3820;0.00123317;
3821;0.000378721;
3822;0.00125058;
3823;0.00100644;
3824;0.00150217;
3825;0.000910257;
3826;0.000250781;
3827;0.000472374;
3828;0.00101288;
3829;0.000282773;
3830;0.000613248;
3831;0.000834658;
3832;0.000940086;
3833;0.00189255;
3834;0.00107041;
3835;0.00103345;
3836;0.00114269;
3837;0.0020774;
3838;0.000668364;
3839;0.00135327;
3840;0.00080534;
3841;0.000485458;
3842;0.000372505;
3843;0.00101665;
3844;0.000229276;
3845;0.00106866;
3846;0.00170018;
3847;0.000660736;
3848;0.00179759;
3849;0.000969593;
3850;0.00236245;
3851;0.000987148;
3852;0.000722887;
3853;0.00110907;
3854;0.00237716;
3855;0.00102649;
3856;0.00164553;
3857;0.000694161;
3858;0.00211782;
3859;0.00296439;
3860;0.00156241;
3861;0.0012166;
3862;0.000718264;
3863;0.000871019;
3864;0.00106705;
3865;0.00150198;
3866;0.00149552;
3867;0.00282939;
3868;0.000944214;
3869;0.00145342;
3870;0.00126549;
3871;0.000349771;
3872;0.00205145;
3873;0.00165415;
3874;0.00139555;
3875;0.00223552;
3876;0.00171693;
3877;0.00172125;
3878;0.00291827;
3879;0.000922427;
3880;0.00157367;
3881;0.000556267;
3882;0.000701834;
3883;0.00230434;
3884;0.0022668;
3885;0.00114893;
3886;0.00130571;
3887;0.000648196;
3888;0.00146908;
3889;0.00206596;
3890;0.00168836;
3891;0.00310116;
3892;0.00184692;
3893;0.000454065;
3894;0.0013877;
3895;0.00110462;
3896;0.0014054;
3897;0.0019133;
3898;0.000227269;
3899;0.00100147;
3900;0.00160288;
3901;0.000599922;
3902;0.0022699;
3903;0.00107729;
3904;0.00168958;
3905;0.00124041;
3906;0.000333228;
3907;0.00170108;
3908;0.00248735;
3909;0.000751707;
3910;0.00116525;
3911;0.000914628;
3912;0.000788524;
3913;0.00234895;
3914;0.0013706;
3915;0.00119861;
3916;0.000728663;
3917;0.00163757;
3918;0.000323876;
3919;0.00141325;
3920;0.00108169;
3921;0.00258112;
3922;0.00114139;
3923;0.000844276;
3924;0.000688217;
3925;0.000683008;
3926;0.00114352;
3927;0.000772401;
3928;0.000556402;
3929;0.000913708;
3930;0.00181478;
3931;0.000741202;
3932;0.00204236;
3933;0.000319881;
3934;0.00155032;
3935;5.7872e-05;
3936;0.00117318;
3937;0.000561293;
3938;0.00154173;
3939;0.000315838;
3940;0.000962206;
3941;0.00131989;
3942;0.00097817;
3943;0.00153057;
3944;0.00102991;
3945;0.00176948;
3946;0.000698311;
3947;0.0018319;
3948;0.000710802;
3949;0.00151843;
3950;0.000504294;
3951;0.00178646;
3952;0.000164242;
3953;0.000919267;
3954;0.000749946;
3955;0.00116477;
3956;0.000714025;
3957;0.000612572;
3958;0.00137184;
3959;0.000431922;
3960;0.000895575;
3961;0.00110802;
3962;0.00189512;
3963;3.89665e-05;
3964;0.000981922;
3965;0.00111147;
3966;0.00185609;
3967;0.000596894;
3968;0.000871834;
3969;3.69957e-05;
3970;0.00104746;
3971;0.00125611;
3972;0.000768879;
3973;0.000574647;
3974;0.00141636;
3975;0.00173983;
3976;0.000564548;
3977;0.00125358;
3978;0.00128195;
3979;0.00170418;
3980;0.000613922;
3981;0.000828004;
3982;0.000877359;
3983;0.00123214;
3984;0.000436514;
3985;0.00116135;
3986;0.000493962;
3987;0.000884977;
3988;0.00113379;
3989;0.000562925;
3990;0.000814642;
3991;0.00114428;
3992;0.00142331;
3993;0.000797678;
3994;0.000891525;
3995;0.00161926;
3996;0.00187773;
3997;0.000121728;
3998;0.000415294;
3999;0.000939453;
