0;-8.74228e-08;
4e-06;-0.982287;
8e-06;0.368125;
1.2e-05;0.844328;
1.6e-05;-0.684547;
2e-05;-0.587785;
2.4e-05;0.904827;
2.8e-05;0.248689;
3.2e-05;-0.998027;
3.6e-05;0.125334;
4e-05;0.951056;
4.4e-05;-0.481754;
4.8e-05;-0.770512;
5.2e-05;0.770514;
5.6e-05;0.481753;
6e-05;-0.951057;
6.4e-05;-0.125332;
6.8e-05;0.998027;
7.2e-05;-0.248692;
7.6e-05;-0.904827;
8e-05;0.587785;
8.4e-05;0.684547;
8.8e-05;-0.844329;
9.2e-05;-0.368123;
9.6e-05;0.982288;
0.0001;-2.00255e-07;
0.000104;-0.982287;
0.000108;0.368126;
0.000112;0.844327;
0.000116;-0.684549;
0.00012;-0.587785;
0.000124;0.904827;
0.000128;0.248688;
0.000132;-0.998027;
0.000136;0.125336;
0.00014;0.951055;
0.000144;-0.481757;
0.000148;-0.77051;
0.000152;0.770513;
0.000156;0.481754;
0.00016;-0.951057;
0.000164;-0.125332;
0.000168;0.998027;
0.000172;-0.248692;
0.000176;-0.904826;
0.00018;0.587788;
0.000184;0.684544;
0.000188;-0.84433;
0.000192;-0.36812;
0.000196;0.982287;
0.0002;-3.13088e-07;
0.000204;-0.982287;
0.000208;0.368126;
0.000212;0.844327;
0.000216;-0.684549;
0.00022;-0.587782;
0.000224;0.904829;
0.000228;0.248685;
0.000232;-0.998027;
0.000236;0.125339;
0.00024;0.951056;
0.000244;-0.481755;
0.000248;-0.770512;
0.000252;0.770515;
0.000256;0.481751;
0.00026;-0.951058;
0.000264;-0.125329;
0.000268;0.998026;
0.000272;-0.248695;
0.000276;-0.904824;
0.00028;0.587791;
0.000284;0.684542;
0.000288;-0.844332;
0.000292;-0.368116;
0.000296;0.982289;
0.0003;-1.00263e-05;
0.000304;-0.982288;
0.000308;0.368123;
0.000312;0.844328;
0.000316;-0.684547;
0.00032;-0.587785;
0.000324;0.904828;
0.000328;0.248688;
0.000332;-0.998027;
0.000336;0.125336;
0.00034;0.951055;
0.000344;-0.481757;
0.000348;-0.77051;
0.000352;0.770517;
0.000356;0.481748;
0.00036;-0.951059;
0.000364;-0.125326;
0.000368;0.998026;
0.000372;-0.248698;
0.000376;-0.904823;
0.00038;0.587793;
0.000384;0.684539;
0.000388;-0.844327;
0.000392;-0.368125;
0.000396;0.982287;
0.0004;-5.38753e-07;
0.000404;-0.982287;
0.000408;0.368126;
0.000412;0.844327;
0.000416;-0.684549;
0.00042;-0.587782;
0.000424;0.904829;
0.000428;0.248685;
0.000432;-0.998027;
0.000436;0.12534;
0.00044;0.951054;
0.000444;-0.48176;
0.000448;-0.770508;
0.000452;0.770519;
0.000456;0.481745;
0.00046;-0.95106;
0.000464;-0.125322;
0.000468;0.998026;
0.000472;-0.248702;
0.000476;-0.904827;
0.00048;0.587786;
0.000484;0.684546;
0.000488;-0.844329;
0.000492;-0.36811;
0.000496;0.982288;
0.0005;-1.66523e-05;
0.000504;-0.982286;
0.000508;0.368141;
0.000512;0.844325;
0.000516;-0.684542;
0.00052;-0.58778;
0.000524;0.904825;
0.000528;0.248682;
0.000532;-0.998026;
0.000536;0.125343;
0.00054;0.951057;
0.000544;-0.481763;
0.000548;-0.770514;
0.000552;0.770521;
0.000556;0.481754;
0.00056;-0.951061;
0.000564;-0.125332;
0.000568;0.998026;
0.000572;-0.248692;
0.000576;-0.90482;
0.00058;0.587788;
0.000584;0.684534;
0.000588;-0.844331;
0.000592;-0.368107;
0.000596;0.982288;
0.0006;-1.99652e-05;
0.000604;-0.982286;
0.000608;0.368121;
0.000612;0.844323;
0.000616;-0.684545;
0.00062;-0.587777;
0.000624;0.904826;
0.000628;0.248679;
0.000632;-0.998027;
0.000636;0.125346;
0.00064;0.951056;
0.000644;-0.481766;
0.000648;-0.770512;
0.000652;0.770523;
0.000656;0.481751;
0.00066;-0.951062;
0.000664;-0.125329;
0.000668;0.998026;
0.000672;-0.248696;
0.000676;-0.904819;
0.00068;0.587791;
0.000684;0.684532;
0.000688;-0.844333;
0.000692;-0.368128;
0.000696;0.982289;
0.0007;2.32288e-06;
0.000704;-0.982285;
0.000708;0.368124;
0.000712;0.844321;
0.000716;-0.684547;
0.00072;-0.587774;
0.000724;0.904828;
0.000728;0.248675;
0.000732;-0.998027;
0.000736;0.125349;
0.00074;0.951055;
0.000744;-0.481769;
0.000748;-0.77051;
0.000752;0.770525;
0.000756;0.481748;
0.00076;-0.951063;
0.000764;-0.125325;
0.000768;0.998025;
0.000772;-0.248699;
0.000776;-0.904828;
0.00078;0.587794;
0.000784;0.684548;
0.000788;-0.844334;
0.000792;-0.368125;
0.000796;0.98229;
0.0008;-9.90084e-07;
0.000804;-0.982285;
0.000808;0.368127;
0.000812;0.84432;
0.000816;-0.68455;
0.00082;-0.587771;
0.000824;0.904829;
0.000828;0.248672;
0.000832;-0.998027;
0.000836;0.125353;
0.00084;0.951054;
0.000844;-0.481772;
0.000848;-0.770508;
0.000852;0.770527;
0.000856;0.481745;
0.00086;-0.951056;
0.000864;-0.125322;
0.000868;0.998027;
0.000872;-0.248702;
0.000876;-0.904827;
0.00088;0.587797;
0.000884;0.684546;
0.000888;-0.844336;
0.000892;-0.368122;
0.000896;0.98229;
0.0009;-4.30305e-06;
0.000904;-0.982284;
0.000908;0.36813;
0.000912;0.844318;
0.000916;-0.684552;
0.00092;-0.587769;
0.000924;0.904831;
0.000928;0.248669;
0.000932;-0.998027;
0.000936;0.125356;
0.00094;0.951053;
0.000944;-0.481775;
0.000948;-0.770506;
0.000952;0.770513;
0.000956;0.481742;
0.00096;-0.951057;
0.000964;-0.125319;
0.000968;0.998027;
0.000972;-0.248705;
0.000976;-0.904825;
0.00098;0.587799;
0.000984;0.684525;
0.000988;-0.844324;
0.000992;-0.368119;
0.000996;0.982291;
0.001;-3.32171e-05;
0.001004;-0.982288;
0.001008;0.368133;
0.001012;0.844316;
0.001016;-0.684573;
0.00102;-0.587787;
0.001024;0.904832;
0.001028;0.248666;
0.001032;-0.998026;
0.001036;0.125334;
0.00104;0.951052;
0.001044;-0.481778;
0.001048;-0.77052;
0.001052;0.770515;
0.001056;0.481739;
0.00106;-0.951066;
0.001064;-0.125341;
0.001068;0.998026;
0.001072;-0.248709;
0.001076;-0.904813;
0.00108;0.587781;
0.001084;0.684541;
0.001088;-0.84434;
0.001092;-0.368092;
0.001096;0.982287;
0.0011;-1.0929e-05;
0.001104;-0.982283;
0.001108;0.36816;
0.001112;0.844328;
0.001116;-0.684557;
0.00112;-0.587763;
0.001124;0.904822;
0.001128;0.248687;
0.001132;-0.998028;
0.001136;0.125363;
0.00114;0.951059;
0.001144;-0.481758;
0.001148;-0.770501;
0.001152;0.770534;
0.001156;0.481759;
0.00116;-0.951059;
0.001164;-0.125312;
0.001168;0.998025;
0.001172;-0.248687;
0.001176;-0.904823;
0.00118;0.587804;
0.001184;0.68452;
0.001188;-0.844328;
0.001192;-0.368113;
0.001196;0.982292;
0.0012;-3.9843e-05;
0.001204;-0.982287;
0.001208;0.368139;
0.001212;0.844312;
0.001216;-0.684541;
0.00122;-0.587781;
0.001224;0.904835;
0.001228;0.248659;
0.001232;-0.998026;
0.001236;0.12534;
0.00124;0.95105;
0.001244;-0.481784;
0.001248;-0.770516;
0.001252;0.770519;
0.001256;0.481733;
0.00126;-0.951068;
0.001264;-0.125334;
0.001268;0.998026;
0.001272;-0.248715;
0.001276;-0.90481;
0.00128;0.587786;
0.001284;0.684536;
0.001288;-0.844343;
0.001292;-0.368133;
0.001296;0.982288;
0.0013;-1.75549e-05;
0.001304;-0.982281;
0.001308;0.368118;
0.001312;0.844324;
0.001316;-0.684562;
0.00132;-0.587758;
0.001324;0.904825;
0.001328;0.248681;
0.001332;-0.998028;
0.001336;0.125369;
0.00134;0.951057;
0.001344;-0.481764;
0.001348;-0.770497;
0.001352;0.770538;
0.001356;0.481753;
0.00136;-0.951061;
0.001364;-0.125306;
0.001368;0.998024;
0.001372;-0.248693;
0.001376;-0.90482;
0.00138;0.58781;
0.001384;0.684552;
0.001388;-0.844331;
0.001392;-0.368106;
0.001396;0.982293;
0.0014;4.73319e-06;
0.001404;-0.982286;
0.001408;0.368145;
0.001412;0.844309;
0.001416;-0.684546;
0.00142;-0.587776;
0.001424;0.904838;
0.001428;-0.248653;
0.001432;0.998027;
0.001436;-0.125347;
0.00144;-0.951048;
0.001444;0.481789;
0.001448;0.770511;
0.001452;-0.770524;
0.001456;-0.481728;
0.00146;0.95107;
0.001464;0.125328;
0.001468;-0.998026;
0.001472;0.248721;
0.001476;0.904829;
0.00148;-0.587792;
0.001484;-0.684531;
0.001488;0.844347;
0.001492;0.368127;
0.001496;-0.982289;
0.0015;2.40934e-05;
0.001504;0.98228;
0.001508;-0.368124;
0.001512;-0.844321;
0.001516;0.684567;
0.00152;0.587753;
0.001524;-0.904828;
0.001528;-0.248675;
0.001532;0.998029;
0.001536;-0.125376;
0.00154;-0.951055;
0.001544;0.48177;
0.001548;0.770493;
0.001552;-0.770509;
0.001556;-0.481747;
0.00156;0.951063;
0.001564;0.125299;
0.001568;-0.998027;
0.001572;0.2487;
0.001576;0.904817;
0.00158;-0.587815;
0.001584;-0.684548;
0.001588;0.844335;
0.001592;0.3681;
0.001596;-0.982295;
0.0016;1.80532e-06;
0.001604;0.982284;
0.001608;-0.368151;
0.001612;-0.844305;
0.001616;0.68455;
0.00162;0.587771;
0.001624;-0.90484;
0.001628;-0.248647;
0.001632;0.998027;
0.001636;-0.125353;
0.00164;-0.951046;
0.001644;0.48175;
0.001648;0.770507;
0.001652;-0.770528;
0.001656;-0.481722;
0.00166;0.951056;
0.001664;0.125321;
0.001668;-0.998025;
0.001672;0.248728;
0.001676;0.904827;
0.00168;-0.587797;
0.001684;-0.684527;
0.001688;0.84435;
0.001692;0.368121;
0.001696;-0.982291;
0.0017;3.07194e-05;
0.001704;0.982279;
0.001708;-0.368131;
0.001712;-0.844317;
0.001716;0.684571;
0.00172;0.587789;
0.001724;-0.904831;
0.001728;-0.248668;
0.001732;0.998029;
0.001736;-0.125331;
0.00174;-0.951053;
0.001744;0.481776;
0.001748;0.770489;
0.001752;-0.770514;
0.001756;-0.481741;
0.00176;0.951065;
0.001764;0.125293;
0.001768;-0.998027;
0.001772;0.248706;
0.001776;0.904814;
0.00178;-0.587821;
0.001784;-0.684543;
0.001788;0.844338;
0.001792;0.368094;
0.001796;-0.982296;
0.0018;8.43125e-06;
0.001804;0.982283;
0.001808;-0.368157;
0.001812;-0.844329;
0.001816;0.684555;
0.00182;0.587765;
0.001824;-0.904843;
0.001828;-0.24869;
0.001832;0.998028;
0.001836;-0.12536;
0.00184;-0.951044;
0.001844;0.481756;
0.001848;0.770503;
0.001852;-0.770532;
0.001856;-0.481716;
0.00186;0.951058;
0.001864;0.125315;
0.001868;-0.998025;
0.001872;0.248734;
0.001876;0.904824;
0.00188;-0.587803;
0.001884;-0.684522;
0.001888;0.844354;
0.001892;0.368115;
0.001896;-0.982292;
0.0019;3.73453e-05;
0.001904;0.982287;
0.001908;-0.368137;
0.001912;-0.844314;
0.001916;0.684576;
0.00192;0.587784;
0.001924;-0.904834;
0.001928;-0.248662;
0.001932;0.998029;
0.001936;-0.125338;
0.00194;-0.951051;
0.001944;0.481781;
0.001948;0.770485;
0.001952;-0.770518;
0.001956;-0.481735;
0.00196;0.951067;
0.001964;0.125286;
0.001968;-0.998023;
0.001972;0.248762;
0.001976;0.904833;
0.00198;-0.587784;
0.001984;-0.684538;
0.001988;0.844342;
0.001992;0.368088;
0.001996;-0.982297;
0.002;6.62593e-05;
0.002004;0.982292;
0.002008;-0.368116;
0.002012;-0.844326;
0.002016;0.68456;
0.00202;0.58776;
0.002024;-0.904846;
0.002028;-0.248634;
0.002032;0.998031;
0.002036;-0.125316;
0.00204;-0.951058;
0.002044;0.481762;
0.002048;0.770499;
0.002052;-0.770536;
0.002056;-0.48171;
0.00206;0.951076;
0.002064;0.125359;
0.002068;-0.998028;
0.002072;0.248691;
0.002076;0.904821;
0.00208;-0.587808;
0.002084;-0.684517;
0.002088;0.844357;
0.002092;0.368061;
0.002096;-0.982283;
0.0021;-7.23092e-06;
0.002104;0.982286;
0.002108;-0.368143;
0.002112;-0.84431;
0.002116;0.684581;
0.00212;0.587737;
0.002124;-0.904858;
0.002128;-0.248705;
0.002132;0.998027;
0.002136;-0.125345;
0.00214;-0.951049;
0.002144;0.481787;
0.002148;0.77048;
0.002152;-0.770555;
0.002156;-0.481775;
0.00216;0.951053;
0.002164;0.12533;
0.002168;-0.998026;
0.002172;0.248719;
0.002176;0.904809;
0.00218;-0.587831;
0.002184;-0.684496;
0.002188;0.844318;
0.002192;0.368129;
0.002196;-0.982289;
0.0022;2.16831e-05;
0.002204;0.982281;
0.002208;-0.36817;
0.002212;-0.844295;
0.002216;0.684602;
0.00222;0.587796;
0.002224;-0.904827;
0.002228;-0.248677;
0.002232;0.998028;
0.002236;-0.125373;
0.00224;-0.95104;
0.002244;0.481813;
0.002248;0.770527;
0.002252;-0.770508;
0.002256;-0.481749;
0.00226;0.951062;
0.002264;0.125301;
0.002268;-0.998024;
0.002272;0.248747;
0.002276;0.904796;
0.00228;-0.587772;
0.002284;-0.684549;
0.002288;0.844333;
0.002292;0.368103;
0.002296;-0.982294;
0.0023;5.05972e-05;
0.002304;0.982275;
0.002308;-0.368197;
0.002312;-0.844334;
0.002316;0.684549;
0.00232;0.587773;
0.002324;-0.904839;
0.002328;-0.248649;
0.002332;0.99803;
0.002336;-0.125402;
0.00234;-0.951063;
0.002344;0.481748;
0.002348;0.770509;
0.002352;-0.770526;
0.002356;-0.481724;
0.00236;0.951071;
0.002364;0.125273;
0.002368;-0.998022;
0.002372;0.248676;
0.002376;0.904828;
0.00238;-0.587795;
0.002384;-0.684528;
0.002388;0.844349;
0.002392;0.368076;
0.002396;-0.9823;
0.0024;7.95112e-05;
0.002404;0.982289;
0.002408;-0.368128;
0.002412;-0.844319;
0.002416;0.68457;
0.00242;0.587749;
0.002424;-0.904852;
0.002428;-0.248621;
0.002432;0.998026;
0.002436;-0.125329;
0.00244;-0.951054;
0.002444;0.481773;
0.002448;0.77049;
0.002452;-0.770545;
0.002456;-0.481699;
0.00246;0.95108;
0.002464;0.125346;
0.002468;-0.998027;
0.002472;0.248704;
0.002476;0.904815;
0.00248;-0.587819;
0.002484;-0.684507;
0.002488;0.844364;
0.002492;0.368049;
0.002496;-0.982286;
0.0025;6.02095e-06;
0.002504;0.982284;
0.002508;-0.368155;
0.002512;-0.844303;
0.002516;0.684591;
0.00252;0.587726;
0.002524;-0.90482;
0.002528;-0.248692;
0.002532;0.998027;
0.002536;-0.125358;
0.00254;-0.951045;
0.002544;0.481799;
0.002548;0.770472;
0.002552;-0.770563;
0.002556;-0.481763;
0.00256;0.951057;
0.002564;0.125317;
0.002568;-0.998025;
0.002572;0.248732;
0.002576;0.904803;
0.00258;-0.587842;
0.002584;-0.684561;
0.002588;0.844325;
0.002592;0.368117;
0.002596;-0.982291;
0.0026;3.4935e-05;
0.002604;0.982278;
0.002608;-0.368182;
0.002612;-0.844288;
0.002616;0.684537;
0.00262;0.587785;
0.002624;-0.904833;
0.002628;-0.248664;
0.002632;0.998029;
0.002636;-0.125386;
0.00264;-0.951036;
0.002644;0.481824;
0.002648;0.770519;
0.002652;-0.770516;
0.002656;-0.481738;
0.00266;0.951066;
0.002664;0.125288;
0.002668;-0.998023;
0.002672;0.24876;
0.002676;0.904834;
0.00268;-0.587783;
0.002684;-0.68454;
0.002688;0.844341;
0.002692;0.36809;
0.002696;-0.982297;
0.0027;6.3849e-05;
0.002704;0.982273;
0.002708;-0.368114;
0.002712;-0.844327;
0.002716;0.684558;
0.00272;0.587762;
0.002724;-0.904845;
0.002728;-0.248636;
0.002732;0.998031;
0.002736;-0.125415;
0.00274;-0.951059;
0.002744;0.48176;
0.002748;0.7705;
0.002752;-0.770535;
0.002756;-0.481712;
0.00276;0.951075;
0.002764;0.12526;
0.002768;-0.998028;
0.002772;0.248689;
0.002776;0.904822;
0.00278;-0.587806;
0.002784;-0.684519;
0.002788;0.844356;
0.002792;0.368063;
0.002796;-0.982302;
0.0028;-9.64122e-06;
0.002804;0.982287;
0.002808;-0.368141;
0.002812;-0.844311;
0.002816;0.684579;
0.00282;0.587739;
0.002824;-0.904857;
0.002828;-0.248608;
0.002832;0.998026;
0.002836;-0.125342;
0.00284;-0.95105;
0.002844;0.481785;
0.002848;0.770482;
0.002852;-0.770553;
0.002856;-0.481687;
0.00286;0.951053;
0.002864;0.125333;
0.002868;-0.998026;
0.002872;0.248717;
0.002876;0.90481;
0.00288;-0.587829;
0.002884;-0.684498;
0.002888;0.844371;
0.002892;0.368132;
0.002896;-0.982288;
0.0029;1.92728e-05;
0.002904;0.982281;
0.002908;-0.368167;
0.002912;-0.844296;
0.002916;0.6846;
0.00292;0.587715;
0.002924;-0.904826;
0.002928;-0.248679;
0.002932;0.998028;
0.002936;-0.125371;
0.00294;-0.951041;
0.002944;0.48181;
0.002948;0.770463;
0.002952;-0.770506;
0.002956;-0.481751;
0.00296;0.951061;
0.002964;0.125304;
0.002968;-0.998024;
0.002972;0.248745;
0.002976;0.904797;
0.00298;-0.587853;
0.002984;-0.684551;
0.002988;0.844332;
0.002992;0.368105;
0.002996;-0.982294;
0.003;4.81868e-05;
0.003004;0.982276;
0.003008;-0.368194;
0.003012;-0.844335;
0.003016;0.684547;
0.00302;0.587775;
0.003024;-0.904838;
0.003028;-0.248651;
0.003032;0.99803;
0.003036;-0.1254;
0.00304;-0.951032;
0.003044;0.481746;
0.003048;0.77051;
0.003052;-0.770525;
0.003056;-0.481726;
0.00306;0.95107;
0.003064;0.125275;
0.003068;-0.998022;
0.003072;0.248773;
0.003076;0.904829;
0.00308;-0.587793;
0.003084;-0.68453;
0.003088;0.844348;
0.003092;0.368078;
0.003096;-0.982299;
0.0031;7.71009e-05;
0.003104;0.982289;
0.003108;-0.368126;
0.003112;-0.84432;
0.003116;0.684568;
0.00312;0.587751;
0.003124;-0.904851;
0.003128;-0.248623;
0.003132;0.998032;
0.003136;-0.125327;
0.00314;-0.951054;
0.003144;0.481771;
0.003148;0.770492;
0.003152;-0.770543;
0.003156;-0.481701;
0.00316;0.951079;
0.003164;0.125247;
0.003168;-0.998027;
0.003172;0.248701;
0.003176;0.904816;
0.00318;-0.587817;
0.003184;-0.684509;
0.003188;0.844363;
0.003192;0.368051;
0.003196;-0.982285;
0.0032;3.61064e-06;
0.003204;0.982284;
0.003208;-0.368153;
0.003212;-0.844304;
0.003216;0.684589;
0.00322;0.587728;
0.003224;-0.904863;
0.003228;-0.248694;
0.003232;0.998027;
0.003236;-0.125355;
0.00324;-0.951046;
0.003244;0.481797;
0.003248;0.770473;
0.003252;-0.770562;
0.003256;-0.481675;
0.00326;0.951057;
0.003264;0.125319;
0.003268;-0.998025;
0.003272;0.248729;
0.003276;0.904804;
0.00328;-0.58784;
0.003284;-0.684488;
0.003288;0.844324;
0.003292;0.368119;
0.003296;-0.982291;
0.0033;3.25247e-05;
0.003304;0.982279;
0.003308;-0.36818;
0.003312;-0.844289;
0.003316;0.68461;
0.00332;0.587787;
0.003324;-0.904832;
0.003328;-0.248666;
0.003332;0.998029;
0.003336;-0.125384;
0.00334;-0.951037;
0.003344;0.481822;
0.003348;0.770455;
0.003352;-0.770515;
0.003356;-0.48174;
0.00336;0.951066;
0.003364;0.125291;
0.003368;-0.998023;
0.003372;0.248757;
0.003376;0.904792;
0.00338;-0.587781;
0.003384;-0.684542;
0.003388;0.844339;
0.003392;0.368092;
0.003396;-0.982296;
0.0034;6.14387e-05;
0.003404;0.982273;
0.003408;-0.368207;
0.003412;-0.844328;
0.003416;0.684556;
0.00342;0.587764;
0.003424;-0.904844;
0.003428;-0.248638;
0.003432;0.998031;
0.003436;-0.125413;
0.00344;-0.951059;
0.003444;0.481758;
0.003448;0.770502;
0.003452;-0.770533;
0.003456;-0.481714;
0.00346;0.951075;
0.003464;0.125262;
0.003468;-0.998021;
0.003472;0.248686;
0.003476;0.904823;
0.00348;-0.587804;
0.003484;-0.68452;
0.003488;0.844355;
0.003492;0.368066;
0.003496;-0.982302;
0.0035;9.03527e-05;
0.003504;0.982287;
0.003508;-0.368138;
0.003512;-0.844313;
0.003516;0.684578;
0.00352;0.587741;
0.003524;-0.904856;
0.003528;-0.24861;
0.003532;0.998026;
0.003536;-0.12534;
0.00354;-0.95105;
0.003544;0.481783;
0.003548;0.770483;
0.003552;-0.770552;
0.003556;-0.481689;
0.00356;0.951083;
0.003564;0.125335;
0.003568;-0.998026;
0.003572;0.248714;
0.003576;0.904811;
0.00358;-0.587827;
0.003584;-0.684499;
0.003588;0.84437;
0.003592;0.368039;
0.003596;-0.982288;
0.0036;1.68625e-05;
0.003604;0.982282;
0.003608;-0.368165;
0.003612;-0.844297;
0.003616;0.684599;
0.00362;0.587717;
0.003624;-0.904825;
0.003628;-0.248682;
0.003632;0.998028;
0.003636;-0.125368;
0.00364;-0.951041;
0.003644;0.481808;
0.003648;0.770465;
0.003652;-0.77057;
0.003656;-0.481753;
0.00366;0.951061;
0.003664;0.125306;
0.003668;-0.998024;
0.003672;0.248742;
0.003676;0.904798;
0.00368;-0.587851;
0.003684;-0.684478;
0.003688;0.844331;
0.003692;0.368107;
0.003696;-0.982293;
0.0037;4.57765e-05;
0.003704;0.982276;
0.003708;-0.368192;
0.003712;-0.844282;
0.003716;0.684545;
0.00372;0.587777;
0.003724;-0.904837;
0.003728;-0.248654;
0.003732;0.99803;
0.003736;-0.125397;
0.00374;-0.951032;
0.003744;0.481834;
0.003748;0.770512;
0.003752;-0.770523;
0.003756;-0.481728;
0.00376;0.95107;
0.003764;0.125278;
0.003768;-0.998022;
0.003772;0.24877;
0.003776;0.904786;
0.00378;-0.587791;
0.003784;-0.684532;
0.003788;0.844346;
0.003792;0.36808;
0.003796;-0.982299;
0.0038;7.46906e-05;
0.003804;0.982271;
0.003808;-0.368124;
0.003812;-0.844321;
0.003816;0.684566;
0.00382;0.587753;
0.003824;-0.90485;
0.003828;-0.248626;
0.003832;0.998032;
0.003836;-0.125426;
0.00384;-0.951055;
0.003844;0.481769;
0.003848;0.770493;
0.003852;-0.770542;
0.003856;-0.481703;
0.00386;0.951079;
0.003864;0.125249;
0.003868;-0.998021;
0.003872;0.248699;
0.003876;0.904817;
0.00388;-0.587815;
0.003884;-0.684511;
0.003888;0.844362;
0.003892;0.368053;
0.003896;-0.982304;
0.0039;1.20034e-06;
0.003904;0.982284;
0.003908;-0.368151;
0.003912;-0.844306;
0.003916;0.684587;
0.00392;0.58773;
0.003924;-0.904862;
0.003928;-0.248598;
0.003932;0.998034;
0.003936;-0.125454;
0.00394;-0.951015;
0.003944;0.481884;
0.003948;0.77054;
0.003952;-0.770495;
0.003956;-0.481767;
0.00396;0.951056;
0.003964;0.125322;
0.003968;-0.998025;
0.003972;0.248727;
0.003976;0.904805;
0.00398;-0.587838;
0.003984;-0.68449;
0.003988;0.844377;
0.003992;0.368026;
0.003996;-0.98231;
0.004;0.000132519;
0.004004;0.98226;
0.004008;-0.368082;
0.004012;-0.844345;
0.004016;0.684534;
0.00402;0.587789;
0.004024;-0.904831;
0.004028;-0.248669;
0.004032;0.998029;
0.004036;-0.125382;
0.00404;-0.951037;
0.004044;0.48182;
0.004048;0.770456;
0.004052;-0.770579;
0.004056;-0.481652;
0.00406;0.951096;
0.004064;0.125192;
0.004068;-0.99803;
0.004072;0.248656;
0.004076;0.904836;
0.00408;-0.587779;
0.004084;-0.684543;
0.004088;0.844338;
0.004092;0.368095;
0.004096;-0.982296;
0.0041;5.90284e-05;
0.004104;0.982274;
0.004108;-0.368204;
0.004112;-0.844275;
0.004116;0.684629;
0.00412;0.587683;
0.004124;-0.904887;
0.004128;-0.24874;
0.004132;0.998024;
0.004136;-0.125309;
0.00414;-0.95106;
0.004144;0.481756;
0.004148;0.770503;
0.004152;-0.770532;
0.004156;-0.481716;
0.00416;0.951074;
0.004164;0.125264;
0.004168;-0.998022;
0.004172;0.248783;
0.004176;0.90478;
0.00418;-0.587885;
0.004184;-0.684448;
0.004188;0.844408;
0.004192;0.368163;
0.004196;-0.982282;
0.0042;-1.44618e-05;
0.004204;0.982287;
0.004208;-0.368136;
0.004212;-0.844314;
0.004216;0.684576;
0.00422;0.587743;
0.004224;-0.904855;
0.004228;-0.248613;
0.004232;0.998033;
0.004236;-0.125439;
0.00424;-0.951019;
0.004244;0.481871;
0.004248;0.77042;
0.004252;-0.770485;
0.004256;-0.481781;
0.00426;0.951051;
0.004264;0.125337;
0.004268;-0.998026;
0.004272;0.248712;
0.004276;0.904812;
0.00428;-0.587825;
0.004284;-0.684501;
0.004288;0.844369;
0.004292;0.368041;
0.004296;-0.982307;
0.0043;0.000116856;
0.004304;0.982263;
0.004308;-0.368258;
0.004312;-0.844353;
0.004316;0.684522;
0.00432;0.587802;
0.004324;-0.904824;
0.004328;-0.248684;
0.004332;0.998028;
0.004336;-0.125366;
0.00434;-0.951042;
0.004344;0.481806;
0.004348;0.770466;
0.004352;-0.770569;
0.004356;-0.481666;
0.00436;0.951092;
0.004364;0.125207;
0.004368;-0.998018;
0.004372;0.248839;
0.004376;0.904843;
0.00438;-0.587766;
0.004384;-0.684555;
0.004388;0.84433;
0.004392;0.368109;
0.004396;-0.982293;
0.0044;4.33662e-05;
0.004404;0.982277;
0.004408;-0.36819;
0.004412;-0.844283;
0.004416;0.684618;
0.00442;0.587696;
0.004424;-0.90488;
0.004428;-0.248557;
0.004432;0.998036;
0.004436;-0.125293;
0.00444;-0.951065;
0.004444;0.481742;
0.004448;0.770513;
0.004452;-0.770522;
0.004456;-0.48173;
0.00446;0.951069;
0.004464;0.12528;
0.004468;-0.998022;
0.004472;0.248768;
0.004476;0.904787;
0.00448;-0.587872;
0.004484;-0.684459;
0.004488;0.8444;
0.004492;0.367987;
0.004496;-0.982279;
0.0045;-3.0124e-05;
0.004504;0.98229;
0.004508;-0.368122;
0.004512;-0.844322;
0.004516;0.684564;
0.00452;0.587755;
0.004524;-0.904849;
0.004528;-0.248628;
0.004532;0.998032;
0.004536;-0.125423;
0.00454;-0.951024;
0.004544;0.481857;
0.004548;0.77043;
0.004552;-0.770605;
0.004556;-0.481615;
0.00456;0.951046;
0.004564;0.125353;
0.004568;-0.998027;
0.004572;0.248697;
0.004576;0.904818;
0.00458;-0.587813;
0.004584;-0.684513;
0.004588;0.844361;
0.004592;0.368055;
0.004596;-0.982304;
0.0046;0.000101194;
0.004604;0.982266;
0.004608;-0.368244;
0.004612;-0.844252;
0.004616;0.68466;
0.00462;0.587815;
0.004624;-0.904817;
0.004628;-0.248699;
0.004632;0.998027;
0.004636;-0.12535;
0.00464;-0.951047;
0.004644;0.481792;
0.004648;0.770476;
0.004652;-0.770559;
0.004656;-0.48168;
0.00466;0.951087;
0.004664;0.125223;
0.004668;-0.998019;
0.004672;0.248824;
0.004676;0.904762;
0.00468;-0.587753;
0.004684;-0.684566;
0.004688;0.844321;
0.004692;0.368124;
0.004696;-0.98229;
0.0047;2.77041e-05;
0.004704;0.98228;
0.004708;-0.368175;
0.004712;-0.844291;
0.004716;0.684606;
0.00472;0.587708;
0.004724;-0.904873;
0.004728;-0.248572;
0.004732;0.998035;
0.004736;-0.125481;
0.00474;-0.95107;
0.004744;0.481728;
0.004748;0.770523;
0.004752;-0.770512;
0.004756;-0.481744;
0.00476;0.951064;
0.004764;0.125296;
0.004768;-0.998024;
0.004772;0.248753;
0.004776;0.904794;
0.00478;-0.58786;
0.004784;-0.68447;
0.004788;0.844392;
0.004792;0.368002;
0.004796;-0.982315;
0.0048;0.000159022;
0.004804;0.982293;
0.004808;-0.368107;
0.004812;-0.844331;
0.004816;0.684553;
0.00482;0.587768;
0.004824;-0.904842;
0.004828;-0.248643;
0.004832;0.998031;
0.004836;-0.125408;
0.00484;-0.951029;
0.004844;0.481843;
0.004848;0.77044;
0.004852;-0.770595;
0.004856;-0.481629;
0.00486;0.951105;
0.004864;0.125368;
0.004868;-0.998028;
0.004872;0.248682;
0.004876;0.904825;
0.00488;-0.5878;
0.004884;-0.684524;
0.004888;0.844352;
0.004892;0.36807;
0.004896;-0.982301;
0.0049;8.55321e-05;
0.004904;0.982269;
0.004908;-0.368229;
0.004912;-0.84426;
0.004916;0.684649;
0.00492;0.587662;
0.004924;-0.904811;
0.004928;-0.248714;
0.004932;0.998026;
0.004936;-0.125335;
0.00494;-0.951052;
0.004944;0.481779;
0.004948;0.770486;
0.004952;-0.770549;
0.004956;-0.481693;
0.00496;0.951082;
0.004964;0.125238;
0.004968;-0.99802;
0.004972;0.248809;
0.004976;0.904769;
0.00498;-0.587906;
0.004984;-0.684428;
0.004988;0.844313;
0.004992;0.368138;
0.004996;-0.982287;
0.005;1.20419e-05;
0.005004;0.982282;
0.005008;-0.368161;
0.005012;-0.8443;
0.005016;0.684595;
0.00502;0.587721;
0.005024;-0.904867;
0.005028;-0.248587;
0.005032;0.998034;
0.005036;-0.125465;
0.00504;-0.951011;
0.005044;0.481894;
0.005048;0.770533;
0.005052;-0.770502;
0.005056;-0.481758;
0.00506;0.951059;
0.005064;0.125311;
0.005068;-0.998024;
0.005072;0.248738;
0.005076;0.9048;
0.00508;-0.587847;
0.005084;-0.684482;
0.005088;0.844383;
0.005092;0.368016;
0.005096;-0.982312;
0.0051;0.00014336;
0.005104;0.982258;
0.005108;-0.368092;
0.005112;-0.844339;
0.005116;0.684542;
0.00512;0.587781;
0.005124;-0.904835;
0.005128;-0.248658;
0.005132;0.99803;
0.005136;-0.125392;
0.00514;-0.951034;
0.005144;0.481829;
0.005148;0.77045;
0.005152;-0.770585;
0.005156;-0.481643;
0.00516;0.9511;
0.005164;0.125181;
0.005168;-0.998029;
0.005172;0.248666;
0.005176;0.904832;
0.00518;-0.587787;
0.005184;-0.684535;
0.005188;0.844344;
0.005192;0.368085;
0.005196;-0.982298;
0.0052;6.987e-05;
0.005204;0.982272;
0.005208;-0.368215;
0.005212;-0.844269;
0.005216;0.684637;
0.00522;0.587674;
0.005224;-0.904891;
0.005228;-0.248531;
0.005232;0.998025;
0.005236;-0.125319;
0.00524;-0.951057;
0.005244;0.481765;
0.005248;0.770496;
0.005252;-0.770539;
0.005256;-0.481707;
0.00526;0.951077;
0.005264;0.125254;
0.005268;-0.998021;
0.005272;0.248794;
0.005276;0.904776;
0.00528;-0.587894;
0.005284;-0.68444;
0.005288;0.844414;
0.005292;0.368153;
0.005296;-0.982284;
0.0053;-3.62027e-06;
0.005304;0.982285;
0.005308;-0.368146;
0.005312;-0.844308;
0.005316;0.684584;
0.00532;0.587734;
0.005324;-0.90486;
0.005328;-0.248602;
0.005332;0.998033;
0.005336;-0.12545;
0.00534;-0.951016;
0.005344;0.48188;
0.005348;0.770413;
0.005352;-0.770492;
0.005356;-0.481771;
0.00536;0.951054;
0.005364;0.125327;
0.005368;-0.998025;
0.005372;0.248722;
0.005376;0.904807;
0.00538;-0.587834;
0.005384;-0.684493;
0.005388;0.844375;
0.005392;0.368031;
0.005396;-0.982309;
0.0054;0.000127698;
0.005404;0.982261;
0.005408;-0.368268;
0.005412;-0.844238;
0.005416;0.68453;
0.00542;0.587793;
0.005424;-0.904829;
0.005428;-0.248673;
0.005432;0.998029;
0.005436;-0.125377;
0.00544;-0.951039;
0.005444;0.481816;
0.005448;0.77046;
0.005452;-0.770576;
0.005456;-0.481656;
0.00546;0.951095;
0.005464;0.125196;
0.005468;-0.998017;
0.005472;0.24885;
0.005476;0.904838;
0.00548;-0.587775;
0.005484;-0.684547;
0.005488;0.844335;
0.005492;0.368099;
0.005496;-0.982295;
0.0055;5.42078e-05;
0.005504;0.982275;
0.005508;-0.3682;
0.005512;-0.844277;
0.005516;0.684626;
0.00552;0.587687;
0.005524;-0.904884;
0.005528;-0.248546;
0.005532;0.998037;
0.005536;-0.125304;
0.00554;-0.951061;
0.005544;0.481751;
0.005548;0.770506;
0.005552;-0.770529;
0.005556;-0.481721;
0.00556;0.951072;
0.005564;0.125269;
0.005568;-0.998022;
0.005572;0.248778;
0.005576;0.904782;
0.00558;-0.587881;
0.005584;-0.684451;
0.005588;0.844406;
0.005592;0.367977;
0.005596;-0.982281;
0.0056;-1.92824e-05;
0.005604;0.982288;
0.005608;-0.368132;
0.005612;-0.844317;
0.005616;0.684572;
0.00562;0.587746;
0.005624;-0.904853;
0.005628;-0.248617;
0.005632;0.998032;
0.005636;-0.125434;
0.00564;-0.951021;
0.005644;0.481866;
0.005648;0.770423;
0.005652;-0.770612;
0.005656;-0.481606;
0.00566;0.95105;
0.005664;0.125342;
0.005668;-0.998026;
0.005672;0.248707;
0.005676;0.904814;
0.00568;-0.587821;
0.005684;-0.684505;
0.005688;0.844366;
0.005692;0.368045;
0.005696;-0.982306;
0.0057;0.000112036;
0.005704;0.982264;
0.005708;-0.368254;
0.005712;-0.844246;
0.005716;0.684668;
0.00572;0.587806;
0.005724;-0.904822;
0.005728;-0.248689;
0.005732;0.998028;
0.005736;-0.125361;
0.00574;-0.951044;
0.005744;0.481802;
0.005748;0.77047;
0.005752;-0.770566;
0.005756;-0.48167;
0.00576;0.95109;
0.005764;0.125212;
0.005768;-0.998018;
0.005772;0.248834;
0.005776;0.904758;
0.00578;-0.587762;
0.005784;-0.684558;
0.005788;0.844327;
0.005792;0.368114;
0.005796;-0.982292;
0.0058;3.85456e-05;
0.005804;0.982278;
0.005808;-0.368185;
0.005812;-0.844286;
0.005816;0.684614;
0.00582;0.5877;
0.005824;-0.904878;
0.005828;-0.248561;
0.005832;0.998036;
0.005836;-0.125492;
0.00584;-0.951003;
0.005844;0.481738;
0.005848;0.770516;
0.005852;-0.770519;
0.005856;-0.481734;
0.00586;0.951067;
0.005864;0.125285;
0.005868;-0.998023;
0.005872;0.248763;
0.005876;0.904789;
0.00588;-0.587868;
0.005884;-0.684462;
0.005888;0.844397;
0.005892;0.367992;
0.005896;-0.982317;
0.0059;0.000169864;
0.005904;0.982291;
0.005908;-0.368117;
0.005912;-0.844325;
0.005916;0.684561;
0.00592;0.587759;
0.005924;-0.904847;
0.005928;-0.248633;
0.005932;0.998031;
0.005936;-0.125419;
0.00594;-0.951026;
0.005944;0.481853;
0.005948;0.770433;
0.005952;-0.770602;
0.005956;-0.481619;
0.00596;0.951108;
0.005964;0.125358;
0.005968;-0.998027;
0.005972;0.248692;
0.005976;0.90482;
0.00598;-0.587809;
0.005984;-0.684516;
0.005988;0.844358;
0.005992;0.36806;
0.005996;-0.982303;
0.006;9.63737e-05;
0.006004;0.982267;
0.006008;-0.368239;
0.006012;-0.844255;
0.006016;0.684657;
0.00602;0.587653;
0.006024;-0.904815;
0.006028;-0.248704;
0.006032;0.998027;
0.006036;-0.125346;
0.00604;-0.951048;
0.006044;0.481788;
0.006048;0.77048;
0.006052;-0.770556;
0.006056;-0.481684;
0.00606;0.951085;
0.006064;0.125227;
0.006068;-0.998019;
0.006072;0.248819;
0.006076;0.904764;
0.00608;-0.587915;
0.006084;-0.68442;
0.006088;0.844319;
0.006092;0.368128;
0.006096;-0.982289;
0.0061;2.28835e-05;
0.006104;0.98228;
0.006108;-0.368171;
0.006112;-0.844294;
0.006116;0.684603;
0.00612;0.587712;
0.006124;-0.904871;
0.006128;-0.248577;
0.006132;0.998035;
0.006136;-0.125476;
0.00614;-0.951008;
0.006144;0.481903;
0.006148;0.770526;
0.006152;-0.770509;
0.006156;-0.481748;
0.00616;0.951063;
0.006164;0.1253;
0.006168;-0.998024;
0.006172;0.248748;
0.006176;0.904796;
0.00618;-0.587856;
0.006184;-0.684474;
0.006188;0.844389;
0.006192;0.368006;
0.006196;-0.982314;
0.0062;0.000154202;
0.006204;0.982256;
0.006208;-0.368102;
0.006212;-0.844333;
0.006216;0.684549;
0.00622;0.587772;
0.006224;-0.90484;
0.006228;-0.248648;
0.006232;0.99803;
0.006236;-0.125403;
0.00624;-0.951031;
0.006244;0.481839;
0.006248;0.770443;
0.006252;-0.770592;
0.006256;-0.481633;
0.00626;0.951103;
0.006264;0.12517;
0.006268;-0.998016;
0.006272;0.248677;
0.006276;0.904827;
0.00628;-0.587796;
0.006284;-0.684527;
0.006288;0.84435;
0.006292;0.368075;
0.006296;-0.9823;
0.0063;8.07115e-05;
0.006304;0.98227;
0.006308;-0.368225;
0.006312;-0.844263;
0.006316;0.684645;
0.00632;0.587666;
0.006324;-0.904896;
0.006328;-0.248521;
0.006332;0.998026;
0.006336;-0.12533;
0.00634;-0.951053;
0.006344;0.481775;
0.006348;0.77049;
0.006352;-0.770546;
0.006356;-0.481697;
0.00636;0.951081;
0.006364;0.125243;
0.006368;-0.99802;
0.006372;0.248804;
0.006376;0.904771;
0.00638;-0.587902;
0.006384;-0.684432;
0.006388;0.84442;
0.006392;0.368143;
0.006396;-0.982286;
0.0064;7.22129e-06;
0.006404;0.982283;
0.006408;-0.368156;
0.006412;-0.844302;
0.006416;0.684592;
0.00642;0.587725;
0.006424;-0.904864;
0.006428;-0.248592;
0.006432;0.998034;
0.006436;-0.12546;
0.00644;-0.951013;
0.006444;0.48189;
0.006448;0.770406;
0.006452;-0.770499;
0.006456;-0.481762;
0.00646;0.951058;
0.006464;0.125316;
0.006468;-0.998025;
0.006472;0.248733;
0.006476;0.904802;
0.00648;-0.587843;
0.006484;-0.684485;
0.006488;0.844381;
0.006492;0.368021;
0.006496;-0.982311;
0.0065;0.00013854;
0.006504;0.982259;
0.006508;-0.368278;
0.006512;-0.844232;
0.006516;0.684538;
0.00652;0.587784;
0.006524;-0.904833;
0.006528;-0.248663;
0.006532;0.998029;
0.006536;-0.125388;
0.00654;-0.951035;
0.006544;0.481825;
0.006548;0.770453;
0.006552;-0.770582;
0.006556;-0.481647;
0.00656;0.951098;
0.006564;0.125186;
0.006568;-0.998017;
0.006572;0.24886;
0.006576;0.904834;
0.00658;-0.587784;
0.006584;-0.684539;
0.006588;0.844341;
0.006592;0.368089;
0.006596;-0.982297;
0.0066;6.50494e-05;
0.006604;0.982273;
0.006608;-0.36821;
0.006612;-0.844271;
0.006616;0.684634;
0.00662;0.587678;
0.006624;-0.904889;
0.006628;-0.248536;
0.006632;0.998038;
0.006636;-0.125315;
0.00664;-0.951058;
0.006644;0.481761;
0.006648;0.770499;
0.006652;-0.770536;
0.006656;-0.481711;
0.00666;0.951076;
0.006664;0.125258;
0.006668;-0.998021;
0.006672;0.248789;
0.006676;0.904778;
0.00668;-0.58789;
0.006684;-0.684443;
0.006688;0.844411;
0.006692;0.367967;
0.006696;-0.982322;
0.0067;-8.44088e-06;
0.006704;0.982286;
0.006708;-0.368142;
0.006712;-0.844311;
0.006716;0.68458;
0.00672;0.587738;
0.006724;-0.904858;
0.006728;-0.248607;
0.006732;0.998033;
0.006736;-0.125445;
0.00674;-0.951018;
0.006744;0.481876;
0.006748;0.770416;
0.006752;-0.770619;
0.006756;-0.481596;
0.00676;0.951053;
0.006764;0.125331;
0.006768;-0.998026;
0.006772;0.248718;
0.006776;0.904809;
0.00678;-0.58783;
0.006784;-0.684497;
0.006788;0.844372;
0.006792;0.368035;
0.006796;-0.982308;
0.0068;0.000122877;
0.006804;0.982262;
0.006808;-0.368264;
0.006812;-0.84424;
0.006816;0.684676;
0.00682;0.587797;
0.006824;-0.904827;
0.006828;-0.248678;
0.006832;0.998028;
0.006836;-0.125372;
0.00684;-0.95104;
0.006844;0.481811;
0.006848;0.770463;
0.006852;-0.770572;
0.006856;-0.481661;
0.00686;0.951093;
0.006864;0.125201;
0.006868;-0.998017;
0.006872;0.248845;
0.006876;0.904753;
0.00688;-0.587771;
0.006884;-0.68455;
0.006888;0.844333;
0.006892;0.368104;
0.006896;-0.982294;
0.0069;4.93872e-05;
0.006904;0.982275;
0.006908;-0.368195;
0.006912;-0.84428;
0.006916;0.684622;
0.00692;0.587691;
0.006924;-0.904882;
0.006928;-0.248551;
0.006932;0.998037;
0.006936;-0.125502;
0.00694;-0.951;
0.006944;0.481747;
0.006948;0.770509;
0.006952;-0.770526;
0.006956;-0.481725;
0.00696;0.951071;
0.006964;0.125274;
0.006968;-0.998022;
0.006972;0.248774;
0.006976;0.904784;
0.00698;-0.587877;
0.006984;-0.684455;
0.006988;0.844403;
0.006992;0.367982;
0.006996;-0.982319;
0.007;0.000180705;
0.007004;0.982289;
0.007008;-0.368127;
0.007012;-0.844319;
0.007016;0.684569;
0.00702;0.58775;
0.007024;-0.904851;
0.007028;-0.248622;
0.007032;0.998032;
0.007036;-0.125429;
0.00704;-0.951022;
0.007044;0.481862;
0.007048;0.770426;
0.007052;-0.770609;
0.007056;-0.48161;
0.00706;0.951111;
0.007064;0.125347;
0.007068;-0.998027;
0.007072;0.248703;
0.007076;0.904816;
0.00708;-0.587818;
0.007084;-0.684508;
0.007088;0.844364;
0.007092;0.36805;
0.007096;-0.982305;
0.0071;0.000107215;
0.007104;0.982265;
0.007108;-0.368249;
0.007112;-0.844249;
0.007116;0.684664;
0.00712;0.587644;
0.007124;-0.904907;
0.007128;-0.248693;
0.007132;0.998027;
0.007136;-0.125356;
0.00714;-0.951045;
0.007144;0.481798;
0.007148;0.770473;
0.007152;-0.770562;
0.007156;-0.481674;
0.00716;0.951089;
0.007164;0.125217;
0.007168;-0.998019;
0.007172;0.24883;
0.007176;0.90476;
0.00718;-0.587924;
0.007184;-0.684412;
0.007188;0.844324;
0.007192;0.368118;
0.007196;-0.982291;
0.0072;3.3725e-05;
0.007204;0.982278;
0.007208;-0.368181;
0.007212;-0.844288;
0.007216;0.684611;
0.00722;0.587704;
0.007224;-0.904876;
0.007228;-0.248566;
0.007232;0.998036;
0.007236;-0.125487;
0.00724;-0.951005;
0.007244;0.481913;
0.007248;0.770519;
0.007252;-0.770516;
0.007256;-0.481739;
0.00726;0.951066;
0.007264;0.12529;
0.007268;-0.998023;
0.007272;0.248759;
0.007276;0.904791;
0.00728;-0.587864;
0.007284;-0.684466;
0.007288;0.844395;
0.007292;0.367996;
0.007296;-0.982316;
0.0073;0.000165043;
0.007304;0.982254;
0.007308;-0.368113;
0.007312;-0.844328;
0.007316;0.684557;
0.00732;0.587763;
0.007324;-0.904844;
0.007328;-0.248637;
0.007332;0.998031;
0.007336;-0.125414;
0.00734;-0.951027;
0.007344;0.481848;
0.007348;0.770436;
0.007352;-0.770599;
0.007356;-0.481624;
0.00736;0.951107;
0.007364;0.125159;
0.007368;-0.998015;
0.007372;0.248687;
0.007376;0.904822;
0.00738;-0.587805;
0.007384;-0.68452;
0.007388;0.844355;
0.007392;0.368064;
0.007396;-0.982302;
0.0074;9.15531e-05;
0.007404;0.982268;
0.007408;-0.368235;
0.007412;-0.844257;
0.007416;0.684653;
0.00742;0.587657;
0.007424;-0.9049;
0.007428;-0.24851;
0.007432;0.998026;
0.007436;-0.125341;
0.00744;-0.95105;
0.007444;0.481784;
0.007448;0.770483;
0.007452;-0.770552;
0.007456;-0.481688;
0.00746;0.951084;
0.007464;0.125232;
0.007468;-0.998019;
0.007472;0.248815;
0.007476;0.904766;
0.00748;-0.587911;
0.007484;-0.684424;
0.007488;0.844426;
0.007492;0.368133;
0.007496;-0.982288;
0.0075;1.80628e-05;
0.007504;0.982281;
0.007508;-0.368166;
0.007512;-0.844297;
0.007516;0.684599;
0.00752;0.587716;
0.007524;-0.904869;
0.007528;-0.248581;
0.007532;0.998035;
0.007536;-0.125471;
0.00754;-0.951009;
0.007544;0.481899;
0.007548;0.770399;
0.007552;-0.770636;
0.007556;-0.481752;
0.00756;0.951061;
0.007564;0.125305;
0.007568;-0.998024;
0.007572;0.248743;
0.007576;0.904798;
0.00758;-0.587852;
0.007584;-0.684477;
0.007588;0.844386;
0.007592;0.368011;
0.007596;-0.982313;
0.0076;0.000149381;
0.007604;0.982257;
0.007608;-0.368288;
0.007612;-0.844226;
0.007616;0.684546;
0.00762;0.587776;
0.007624;-0.904838;
0.007628;-0.248652;
0.007632;0.99803;
0.007636;-0.125398;
0.00764;-0.951032;
0.007644;0.481835;
0.007648;0.770446;
0.007652;-0.770589;
0.007656;-0.481637;
0.00766;0.951102;
0.007664;0.125175;
0.007668;-0.998016;
0.007672;0.248871;
0.007676;0.904829;
0.00768;-0.587792;
0.007684;-0.684531;
0.007688;0.844347;
0.007692;0.368079;
0.007696;-0.982299;
0.0077;7.58909e-05;
0.007704;0.98227;
0.007708;-0.36822;
0.007712;-0.844266;
0.007716;0.684642;
0.00772;0.587669;
0.007724;-0.904894;
0.007728;-0.248525;
0.007732;0.998038;
0.007736;-0.125529;
0.00774;-0.951055;
0.007744;0.48177;
0.007748;0.770493;
0.007752;-0.770543;
0.007756;-0.481702;
0.00776;0.951079;
0.007764;0.125248;
0.007768;-0.99802;
0.007772;0.248799;
0.007776;0.904773;
0.00778;-0.587898;
0.007784;-0.684435;
0.007788;0.844417;
0.007792;0.367957;
0.007796;-0.982324;
0.0078;2.40068e-06;
0.007804;0.982284;
0.007808;-0.368152;
0.007812;-0.844305;
0.007816;0.684588;
0.00782;0.587729;
0.007824;-0.904862;
0.007828;-0.248596;
0.007832;0.998034;
0.007836;-0.125456;
0.00784;-0.951014;
0.007844;0.481885;
0.007848;0.770409;
0.007852;-0.770626;
0.007856;-0.481587;
0.00786;0.95112;
0.007864;0.125117;
0.007868;-0.998012;
0.007872;0.248927;
0.007876;0.904717;
0.00788;-0.588005;
0.007884;-0.68434;
0.007888;0.844488;
0.007892;0.368216;
0.007896;-0.982271;
0.0079;-7.10896e-05;
0.007904;0.982298;
0.007908;-0.368083;
0.007912;-0.844344;
0.007916;0.684534;
0.00792;0.587788;
0.007924;-0.904831;
0.007928;-0.248668;
0.007932;0.998029;
0.007936;-0.125383;
0.00794;-0.951037;
0.007944;0.481821;
0.007948;0.770456;
0.007952;-0.770579;
0.007956;-0.481651;
0.00796;0.951097;
0.007964;0.12519;
0.007968;-0.998017;
0.007972;0.248855;
0.007976;0.904749;
0.00798;-0.587945;
0.007984;-0.684393;
0.007988;0.844448;
0.007992;0.367903;
0.007996;-0.982334;
0.008;0.000265037;
0.008004;0.982235;
0.008008;-0.368396;
0.008012;-0.844384;
0.008016;0.684481;
0.00802;0.587848;
0.008024;-0.9048;
0.008028;-0.248739;
0.008032;0.998024;
0.008036;-0.12531;
0.00804;-0.95106;
0.008044;0.481757;
0.008048;0.770503;
0.008052;-0.770532;
0.008056;-0.481715;
0.00806;0.951074;
0.008064;0.125263;
0.008068;-0.998021;
0.008072;0.248784;
0.008076;0.90478;
0.00808;-0.587886;
0.008084;-0.684447;
0.008088;0.844409;
0.008092;0.367971;
0.008096;-0.982321;
0.0081;0.000191547;
0.008104;0.982249;
0.008108;-0.368328;
0.008112;-0.844204;
0.008116;0.684726;
0.00812;0.587576;
0.008124;-0.904943;
0.008128;-0.248413;
0.008132;0.998045;
0.008136;-0.125237;
0.00814;-0.951082;
0.008144;0.481692;
0.008148;0.770549;
0.008152;-0.770486;
0.008156;-0.48178;
0.00816;0.951051;
0.008164;0.125336;
0.008168;-0.998026;
0.008172;0.248713;
0.008176;0.904811;
0.00818;-0.587826;
0.008184;-0.6845;
0.008188;0.84437;
0.008192;0.36804;
0.008196;-0.982307;
0.0082;0.000118057;
0.008204;0.982263;
0.008208;-0.368259;
0.008212;-0.844243;
0.008216;0.684672;
0.00822;0.587635;
0.008224;-0.904912;
0.008228;-0.248484;
0.008232;0.998041;
0.008236;-0.12557;
0.00824;-0.950978;
0.008244;0.481987;
0.008248;0.770335;
0.008252;-0.7707;
0.008256;-0.481844;
0.00826;0.951029;
0.008264;0.125409;
0.008268;-0.998031;
0.008272;0.248642;
0.008276;0.904842;
0.00828;-0.587767;
0.008284;-0.684554;
0.008288;0.84433;
0.008292;0.368108;
0.008296;-0.982293;
0.0083;4.45666e-05;
0.008304;0.982276;
0.008308;-0.368191;
0.008312;-0.844282;
0.008316;0.684619;
0.00832;0.587695;
0.008324;-0.90488;
0.008328;-0.248556;
0.008332;0.998036;
0.008336;-0.125498;
0.00834;-0.951001;
0.008344;0.481922;
0.008348;0.770382;
0.008352;-0.770653;
0.008356;-0.48155;
0.00836;0.951133;
0.008364;0.125076;
0.008368;-0.99801;
0.008372;0.248967;
0.008376;0.904699;
0.00838;-0.587707;
0.008384;-0.684607;
0.008388;0.844291;
0.008392;0.368176;
0.008396;-0.982279;
0.0084;-2.89237e-05;
0.008404;0.98229;
0.008408;-0.368123;
0.008412;-0.844322;
0.008416;0.684565;
0.00842;0.587754;
0.008424;-0.904849;
0.008428;-0.248627;
0.008432;0.998032;
0.008436;-0.125425;
0.00844;-0.951024;
0.008444;0.481858;
0.008448;0.770429;
0.008452;-0.770606;
0.008456;-0.481614;
0.00846;0.95111;
0.008464;0.125149;
0.008468;-0.998014;
0.008472;0.248896;
0.008476;0.904731;
0.00848;-0.587979;
0.008484;-0.684362;
0.008488;0.844471;
0.008492;0.367864;
0.008496;-0.982342;
0.0085;0.000307203;
0.008504;0.982304;
0.008508;-0.368054;
0.008512;-0.844361;
0.008516;0.684512;
0.00852;0.587814;
0.008524;-0.904818;
0.008528;-0.248698;
0.008532;0.998027;
0.008536;-0.125352;
0.00854;-0.951047;
0.008544;0.481794;
0.008548;0.770476;
0.008552;-0.770559;
0.008556;-0.481678;
0.00856;0.951087;
0.008564;0.125221;
0.008568;-0.998019;
0.008572;0.248825;
0.008576;0.904762;
0.00858;-0.58792;
0.008584;-0.684416;
0.008588;-0.844432;
0.008592;-0.367932;
0.008596;0.982329;
0.0086;-0.0002338;
0.008604;-0.982241;
0.008608;0.368367;
0.008612;0.844181;
0.008616;-0.684757;
0.00862;-0.587542;
0.008624;0.904787;
0.008628;0.248769;
0.008632;-0.998022;
0.008636;0.125279;
0.00864;0.951069;
0.008644;-0.481729;
0.008648;-0.770522;
0.008652;0.770513;
0.008656;0.481743;
0.00866;-0.951065;
0.008664;-0.125294;
0.008668;0.998023;
0.008672;-0.248754;
0.008676;-0.904793;
0.00868;0.587861;
0.008684;0.684469;
0.008688;-0.844392;
0.008692;-0.368001;
0.008696;0.982315;
0.0087;-0.00016031;
0.008704;-0.982255;
0.008708;0.368299;
0.008712;0.84422;
0.008716;-0.684703;
0.00872;-0.587601;
0.008724;0.90493;
0.008728;0.248443;
0.008732;-0.998044;
0.008736;0.125612;
0.00874;0.950965;
0.008744;-0.482024;
0.008748;-0.770569;
0.008752;0.770466;
0.008756;0.481807;
0.00876;-0.951042;
0.008764;-0.125367;
0.008768;0.998028;
0.008772;-0.248683;
0.008776;-0.904824;
0.00878;0.587801;
0.008784;0.684523;
0.008788;-0.844353;
0.008792;-0.368069;
0.008796;0.982301;
0.0088;-8.68199e-05;
0.008804;-0.982268;
0.008808;0.36823;
0.008812;0.84426;
0.008816;-0.68465;
0.00882;-0.587661;
0.008824;0.904898;
0.008828;0.248515;
0.008832;-0.998039;
0.008836;0.125539;
0.00884;0.950988;
0.008844;-0.481959;
0.008848;-0.770355;
0.008852;0.77068;
0.008856;0.481513;
0.00886;-0.951146;
0.008864;-0.125034;
0.008868;0.998033;
0.008872;-0.248612;
0.008876;-0.904856;
0.00888;0.587742;
0.008884;0.684577;
0.008888;-0.844313;
0.008892;-0.368137;
0.008896;0.982287;
0.0089;-1.33297e-05;
0.008904;-0.982282;
0.008908;0.368162;
0.008912;0.844299;
0.008916;-0.684596;
0.00892;-0.58772;
0.008924;0.904867;
0.008928;0.248586;
0.008932;-0.998034;
0.008936;0.125467;
0.00894;0.951011;
0.008944;-0.481895;
0.008948;-0.770402;
0.008952;0.770633;
0.008956;0.481577;
0.00896;-0.951123;
0.008964;-0.125107;
0.008968;0.998012;
0.008972;-0.248937;
0.008976;-0.904713;
0.00898;0.588014;
0.008984;0.684332;
0.008988;-0.844494;
0.008992;-0.368205;
0.008996;0.982273;
0.009;6.01606e-05;
0.009004;-0.982296;
0.009008;0.368094;
0.009012;0.844339;
0.009016;-0.684542;
0.00902;-0.58778;
0.009024;0.904836;
0.009028;0.248657;
0.009032;-0.99803;
0.009036;0.125394;
0.00904;0.951034;
0.009044;-0.481831;
0.009048;-0.770449;
0.009052;0.770586;
0.009056;0.481641;
0.00906;-0.9511;
0.009064;-0.125179;
0.009068;0.998016;
0.009072;-0.248866;
0.009076;-0.904744;
0.00908;0.587954;
0.009084;0.684385;
0.009088;-0.844454;
0.009092;-0.367893;
0.009096;0.982336;
0.0091;-0.000275966;
0.009104;-0.982233;
0.009108;0.368406;
0.009112;0.844158;
0.009116;-0.684489;
0.00912;-0.587839;
0.009124;0.904804;
0.009128;0.248728;
0.009132;-0.998025;
0.009136;0.125321;
0.00914;0.951056;
0.009144;-0.481766;
0.009148;-0.770496;
0.009152;0.770539;
0.009156;0.481706;
0.00916;-0.951078;
0.009164;-0.125252;
0.009168;0.998021;
0.009172;-0.248795;
0.009176;-0.904775;
0.00918;0.587895;
0.009184;0.684439;
0.009188;-0.844415;
0.009192;-0.367961;
0.009196;0.982323;
0.0092;-0.000202476;
0.009204;-0.982247;
0.009208;0.368338;
0.009212;0.844198;
0.009216;-0.684734;
0.00922;-0.587567;
0.009224;0.904948;
0.009228;0.248403;
0.009232;-0.998046;
0.009236;0.125248;
0.00924;0.951079;
0.009244;-0.481702;
0.009248;-0.770542;
0.009252;0.770493;
0.009256;0.48177;
0.00926;-0.951055;
0.009264;-0.125325;
0.009268;0.998025;
0.009272;-0.248724;
0.009276;-0.904806;
0.00928;0.587835;
0.009284;0.684492;
0.009288;-0.844375;
0.009292;-0.36803;
0.009296;0.982309;
0.0093;-0.000128986;
0.009304;-0.982261;
0.009308;0.368269;
0.009312;0.844237;
0.009316;-0.68468;
0.00932;-0.587627;
0.009324;0.904916;
0.009328;0.248474;
0.009332;-0.998042;
0.009336;0.125581;
0.00934;0.950975;
0.009344;-0.481996;
0.009348;-0.770328;
0.009352;0.770707;
0.009356;0.481476;
0.00936;-0.951032;
0.009364;-0.125398;
0.009368;0.99803;
0.009372;-0.248652;
0.009376;-0.904838;
0.00938;0.587776;
0.009384;0.684546;
0.009388;-0.844336;
0.009392;-0.368098;
0.009396;0.982295;
0.0094;-5.54956e-05;
0.009404;-0.982274;
0.009408;0.368201;
0.009412;0.844277;
0.009416;-0.684627;
0.00942;-0.587686;
0.009424;0.904885;
0.009428;0.248545;
0.009432;-0.998037;
0.009436;0.125508;
0.00944;0.950998;
0.009444;-0.481932;
0.009448;-0.770375;
0.009452;0.77066;
0.009456;0.48154;
0.00946;-0.951136;
0.009464;-0.125065;
0.009468;0.998009;
0.009472;-0.248978;
0.009476;-0.904695;
0.00948;0.587716;
0.009484;0.684599;
0.009488;-0.844297;
0.009492;-0.368166;
0.009496;0.982281;
0.0095;1.79947e-05;
0.009504;-0.982288;
0.009508;0.368133;
0.009512;0.844316;
0.009516;-0.684573;
0.00952;-0.587745;
0.009524;0.904854;
0.009528;0.248616;
0.009532;-0.998032;
0.009536;0.125435;
0.00954;0.951021;
0.009544;-0.481867;
0.009548;-0.770422;
0.009552;0.770613;
0.009556;0.481604;
0.00956;-0.951113;
0.009564;-0.125138;
0.009568;0.998013;
0.009572;-0.248907;
0.009576;-0.904726;
0.00958;0.587988;
0.009584;0.684354;
0.009588;-0.844477;
0.009592;-0.367854;
0.009596;0.982344;
0.0096;-0.000318132;
0.009604;-0.982302;
0.009608;0.368064;
0.009612;0.844355;
0.009616;-0.68452;
0.00962;-0.587805;
0.009624;0.904822;
0.009628;0.248687;
0.009632;-0.998028;
0.009636;0.125363;
0.00964;0.951043;
0.009644;-0.481803;
0.009648;-0.770469;
0.009652;0.770566;
0.009656;0.481669;
0.00966;-0.951091;
0.009664;-0.125211;
0.009668;0.998018;
0.009672;-0.248836;
0.009676;-0.904757;
0.00968;0.587929;
0.009684;0.684408;
0.009688;-0.844437;
0.009692;-0.367922;
0.009696;0.982331;
0.0097;-0.000244642;
0.009704;-0.982239;
0.009708;0.368377;
0.009712;0.844175;
0.009716;-0.684765;
0.00972;-0.587533;
0.009724;0.904791;
0.009728;0.248759;
0.009732;-0.998023;
0.009736;0.12529;
0.00974;0.951066;
0.009744;-0.481739;
0.009748;-0.770516;
0.009752;0.770519;
0.009756;0.481733;
0.00976;-0.951068;
0.009764;-0.125283;
0.009768;0.998023;
0.009772;-0.248765;
0.009776;-0.904788;
0.00978;0.587869;
0.009784;0.684462;
0.009788;-0.844398;
0.009792;-0.36799;
0.009796;0.982317;
0.0098;-0.000171152;
0.009804;-0.982253;
0.009808;0.368309;
0.009812;0.844215;
0.009816;-0.684711;
0.00982;-0.587592;
0.009824;0.904934;
0.009828;0.248433;
0.009832;-0.998044;
0.009836;0.125623;
0.00984;0.950962;
0.009844;-0.482033;
0.009848;-0.770562;
0.009852;0.770473;
0.009856;0.481798;
0.00986;-0.951045;
0.009864;-0.125356;
0.009868;0.998027;
0.009872;-0.248693;
0.009876;-0.90482;
0.00988;0.58781;
0.009884;0.684515;
0.009888;-0.844359;
0.009892;-0.368059;
0.009896;0.982303;
0.0099;-9.76615e-05;
0.009904;-0.982266;
0.009908;0.36824;
0.009912;0.844254;
0.009916;-0.684658;
0.00992;-0.587652;
0.009924;0.904903;
0.009928;0.248504;
0.009932;-0.99804;
0.009936;0.12555;
0.00994;0.950985;
0.009944;-0.481969;
0.009948;-0.770348;
0.009952;0.770687;
0.009956;0.481503;
0.00996;-0.951149;
0.009964;-0.125023;
0.009968;0.998006;
0.009972;-0.248622;
0.009976;-0.904851;
0.00998;0.58775;
0.009984;0.684569;
0.009988;-0.844319;
0.009992;-0.368127;
0.009996;0.982289;
0.01;-2.41712e-05;
0.010004;-0.98228;
0.010008;0.368172;
0.010012;0.844293;
0.010016;-0.684604;
0.01002;-0.587711;
0.010024;0.904872;
0.010028;0.248575;
0.010032;-0.998035;
0.010036;0.125477;
0.01004;0.951007;
0.010044;-0.481904;
0.010048;-0.770395;
0.010052;0.77064;
0.010056;0.481568;
0.01006;-0.951126;
0.010064;-0.125096;
0.010068;0.998011;
0.010072;-0.248948;
0.010076;-0.904708;
0.01008;0.588022;
0.010084;0.684324;
0.010088;-0.844499;
0.010092;-0.368195;
0.010096;0.982275;
0.0101;4.9319e-05;
0.010104;-0.982294;
0.010108;0.368104;
0.010112;0.844333;
0.010116;-0.68455;
0.01012;-0.587771;
0.010124;0.90484;
0.010128;0.248646;
0.010132;-0.99803;
0.010136;0.125404;
0.01014;0.95103;
0.010144;-0.48184;
0.010148;-0.770442;
0.010152;0.770593;
0.010156;0.481632;
0.01016;-0.951104;
0.010164;-0.125169;
0.010168;0.998015;
0.010172;-0.248877;
0.010176;-0.904739;
0.01018;0.587963;
0.010184;0.684377;
0.010188;-0.84446;
0.010192;-0.367883;
0.010196;0.982338;
0.0102;-0.000286808;
0.010204;-0.982231;
0.010208;0.368416;
0.010212;0.844153;
0.010216;-0.684497;
0.01022;-0.58783;
0.010224;0.904809;
0.010228;0.248718;
0.010232;-0.998026;
0.010236;0.125331;
0.01024;0.951053;
0.010244;-0.481776;
0.010248;-0.770489;
0.010252;0.770546;
0.010256;0.481696;
0.01026;-0.951081;
0.010264;-0.125242;
0.010268;0.99802;
0.010272;-0.248805;
0.010276;-0.904771;
0.01028;0.587903;
0.010284;0.684431;
0.010288;-0.844421;
0.010292;-0.367951;
0.010296;0.982325;
0.0103;-0.000213318;
0.010304;-0.982245;
0.010308;0.368348;
0.010312;0.844192;
0.010316;-0.684742;
0.01032;-0.587558;
0.010324;0.904952;
0.010328;0.248392;
0.010332;-0.998047;
0.010336;0.125259;
0.01034;0.951076;
0.010344;-0.481711;
0.010348;-0.770536;
0.010352;0.7705;
0.010356;0.481761;
0.01036;-0.951058;
0.010364;-0.125315;
0.010368;0.998025;
0.010372;-0.248734;
0.010376;-0.904802;
0.01038;0.587844;
0.010384;0.684484;
0.010388;-0.844381;
0.010392;-0.36802;
0.010396;0.982311;
0.0104;-0.000139827;
0.010404;-0.982258;
0.010408;0.36828;
0.010412;0.844231;
0.010416;-0.684688;
0.01042;-0.587618;
0.010424;0.904921;
0.010428;0.248463;
0.010432;-0.998042;
0.010436;0.125592;
0.01044;0.950972;
0.010444;-0.482006;
0.010448;-0.770321;
0.010452;0.770714;
0.010456;0.481466;
0.01046;-0.951035;
0.010464;-0.125387;
0.010468;0.998029;
0.010472;-0.248663;
0.010476;-0.904833;
0.01048;0.587785;
0.010484;0.684538;
0.010488;-0.844342;
0.010492;-0.368088;
0.010496;0.982297;
0.0105;-6.63371e-05;
0.010504;-0.982272;
0.010508;0.368211;
0.010512;0.844271;
0.010516;-0.684635;
0.01052;-0.587677;
0.010524;0.90489;
0.010528;0.248534;
0.010532;-0.998038;
0.010536;0.125519;
0.01054;0.950994;
0.010544;-0.481941;
0.010548;-0.770368;
0.010552;0.770667;
0.010556;0.481531;
0.01056;-0.951139;
0.010564;-0.125054;
0.010568;0.998008;
0.010572;-0.248989;
0.010576;-0.90469;
0.01058;0.587725;
0.010584;0.684592;
0.010588;-0.844302;
0.010592;-0.368156;
0.010596;0.982283;
0.0106;7.15312e-06;
0.010604;-0.982286;
0.010608;0.368143;
0.010612;0.84431;
0.010616;-0.684581;
0.01062;-0.587737;
0.010624;0.904858;
0.010628;0.248606;
0.010632;-0.998033;
0.010636;0.125446;
0.01064;0.951017;
0.010644;-0.481877;
0.010648;-0.770415;
0.010652;0.77062;
0.010656;0.481595;
0.01066;-0.951117;
0.010664;-0.125127;
0.010668;0.998013;
0.010672;-0.248917;
0.010676;-0.904721;
0.01068;0.587997;
0.010684;0.684346;
0.010688;-0.844483;
0.010692;-0.367844;
0.010696;0.982346;
0.0107;-0.000328974;
0.010704;-0.9823;
0.010708;0.368075;
0.010712;0.84435;
0.010716;-0.684528;
0.01072;-0.587796;
0.010724;0.904827;
0.010728;0.248677;
0.010732;-0.998028;
0.010736;0.125373;
0.01074;0.95104;
0.010744;-0.481813;
0.010748;-0.770462;
0.010752;0.770573;
0.010756;0.481659;
0.01076;-0.951094;
0.010764;-0.1252;
0.010768;0.998017;
0.010772;-0.248846;
0.010776;-0.904753;
0.01078;0.587938;
0.010784;0.6844;
0.010788;-0.844443;
0.010792;-0.367912;
0.010796;0.982333;
0.0108;-0.000255483;
0.010804;-0.982237;
0.010808;0.368387;
0.010812;0.844169;
0.010816;-0.684772;
0.01082;-0.587524;
0.010824;0.90497;
0.010828;0.248748;
0.010832;-0.998024;
0.010836;0.1253;
0.01084;0.951063;
0.010844;-0.481748;
0.010848;-0.770509;
0.010852;0.770526;
0.010856;0.481724;
0.01086;-0.951071;
0.010864;-0.125273;
0.010868;0.998022;
0.010872;-0.248775;
0.010876;-0.904784;
0.01088;0.587878;
0.010884;0.684454;
0.010888;-0.844404;
0.010892;-0.36798;
0.010896;0.982319;
0.0109;-0.000181993;
0.010904;-0.982251;
0.010908;0.368319;
0.010912;0.844209;
0.010916;-0.684719;
0.01092;-0.587584;
0.010924;0.904939;
0.010928;0.248422;
0.010932;-0.998045;
0.010936;0.125634;
0.01094;0.950959;
0.010944;-0.482043;
0.010948;-0.770555;
0.010952;0.77048;
0.010956;0.481788;
0.01096;-0.951048;
0.010964;-0.125346;
0.010968;0.998027;
0.010972;-0.248704;
0.010976;-0.904815;
0.01098;0.587819;
0.010984;0.684507;
0.010988;-0.844364;
0.010992;-0.368049;
0.010996;0.982305;
0.011;-0.000108503;
0.011004;-0.982264;
0.011008;0.36825;
0.011012;0.844248;
0.011016;-0.684665;
0.01102;-0.587643;
0.011024;0.904908;
0.011028;0.248494;
0.011032;-0.99804;
0.011036;0.125561;
0.01104;0.950981;
0.011044;-0.481978;
0.011048;-0.770341;
0.011052;0.770694;
0.011056;0.481494;
0.01106;-0.951152;
0.011064;-0.125012;
0.011068;0.998006;
0.011072;-0.248633;
0.011076;-0.904846;
0.01108;0.587759;
0.011084;0.684561;
0.011088;-0.844325;
0.011092;-0.368117;
0.011096;0.982291;
0.0111;-3.50128e-05;
0.011104;-0.982278;
0.011108;0.368182;
0.011112;0.844288;
0.011116;-0.684612;
0.01112;-0.587703;
0.011124;0.904876;
0.011128;0.248565;
0.011132;-0.998036;
0.011136;0.125488;
0.01114;0.951004;
0.011144;-0.481914;
0.011148;-0.770388;
0.011152;0.770647;
0.011156;0.481558;
0.01116;-0.95113;
0.011164;-0.125085;
0.011168;0.99801;
0.011172;-0.248958;
0.011176;-0.904703;
0.01118;0.588031;
0.011184;0.684316;
0.011188;-0.844505;
0.011192;-0.368185;
0.011196;0.982278;
0.0112;3.84775e-05;
0.011204;-0.982292;
0.011208;0.368114;
0.011212;0.844327;
0.011216;-0.684558;
0.01122;-0.587762;
0.011224;0.904845;
0.011228;0.248636;
0.011232;-0.998031;
0.011236;0.125415;
0.01124;0.951027;
0.011244;-0.48185;
0.011248;-0.770435;
0.011252;0.7706;
0.011256;0.481622;
0.01126;-0.951107;
0.011264;-0.125158;
0.011268;0.998015;
0.011272;-0.248887;
0.011276;-0.904735;
0.01128;0.587972;
0.011284;0.684369;
0.011288;-0.844466;
0.011292;-0.367873;
0.011296;0.98234;
0.0113;-0.000297649;
0.011304;-0.982229;
0.011308;0.368426;
0.011312;0.844147;
0.011316;-0.684505;
0.01132;-0.587821;
0.011324;0.904814;
0.011328;0.248707;
0.011332;-0.998026;
0.011336;0.125342;
0.01134;0.95105;
0.011344;-0.481785;
0.011348;-0.770482;
0.011352;0.770553;
0.011356;0.481687;
0.01136;-0.951084;
0.011364;-0.125231;
0.011368;0.998019;
0.011372;-0.248816;
0.011376;-0.904766;
0.01138;0.587912;
0.011384;0.684423;
0.011388;-0.844426;
0.011392;-0.367941;
0.011396;0.982327;
0.0114;-0.000224159;
0.011404;-0.982243;
0.011408;0.368358;
0.011412;0.844186;
0.011416;-0.68475;
0.01142;-0.58755;
0.011424;0.904957;
0.011428;0.248382;
0.011432;-0.998048;
0.011436;0.125269;
0.01144;0.951072;
0.011444;-0.481721;
0.011448;-0.770529;
0.011452;-0.770506;
0.011456;-0.481751;
0.01146;0.951061;
0.011464;0.125304;
0.011468;-0.998024;
0.011472;0.248745;
0.011476;0.904797;
0.01148;-0.587853;
0.011484;-0.684477;
0.011488;0.844387;
0.011492;0.36801;
0.011496;-0.982313;
0.0115;0.000150581;
0.011504;0.982257;
0.011508;-0.36829;
0.011512;-0.844226;
0.011516;0.684696;
0.01152;0.587609;
0.011524;-0.904925;
0.011528;-0.248453;
0.011532;0.998043;
0.011536;-0.125603;
0.01154;-0.950968;
0.011544;0.482015;
0.011548;0.770314;
0.011552;-0.770721;
0.011556;-0.481457;
0.01156;0.951039;
0.011564;0.125377;
0.011568;-0.998029;
0.011572;0.248673;
0.011576;0.904829;
0.01158;-0.587793;
0.011584;-0.68453;
0.011588;0.844348;
0.011592;0.368078;
0.011596;-0.982299;
0.0116;7.70913e-05;
0.011604;0.98227;
0.011608;-0.368221;
0.011612;-0.844265;
0.011616;0.684642;
0.01162;0.587668;
0.011624;-0.904894;
0.011628;-0.248524;
0.011632;0.998038;
0.011636;-0.12553;
0.01164;-0.950991;
0.011644;0.481951;
0.011648;0.770361;
0.011652;-0.770674;
0.011656;-0.481521;
0.01166;0.951143;
0.011664;0.125043;
0.011668;-0.998007;
0.011672;0.248999;
0.011676;0.904685;
0.01168;-0.588065;
0.011684;-0.684584;
0.011688;0.844308;
0.011692;0.368146;
0.011696;-0.982285;
0.0117;3.60101e-06;
0.011704;0.982284;
0.011708;-0.368153;
0.011712;-0.844304;
0.011716;0.684589;
0.01172;0.587728;
0.011724;-0.904863;
0.011728;-0.248595;
0.011732;0.998034;
0.011736;-0.125457;
0.01174;-0.951014;
0.011744;0.481886;
0.011748;0.770408;
0.011752;-0.770627;
0.011756;-0.481586;
0.01176;0.95112;
0.011764;0.125116;
0.011768;-0.998012;
0.011772;0.248928;
0.011776;0.904717;
0.01178;-0.588006;
0.011784;-0.684339;
0.011788;0.844488;
0.011792;0.367834;
0.011796;-0.982348;
0.0118;0.000339728;
0.011804;0.982298;
0.011808;-0.368085;
0.011812;-0.844344;
0.011816;0.684535;
0.01182;0.587787;
0.011824;-0.904832;
0.011828;-0.248666;
0.011832;0.998029;
0.011836;-0.125384;
0.01184;-0.951037;
0.011844;0.481822;
0.011848;0.770455;
0.011852;-0.77058;
0.011856;-0.48165;
0.01186;0.951097;
0.011864;0.125189;
0.011868;-0.998017;
0.011872;0.248857;
0.011876;0.904748;
0.01188;-0.587946;
0.011884;-0.684392;
0.011888;0.844449;
0.011892;0.367902;
0.011896;-0.982335;
0.0119;0.000266238;
0.011904;0.982235;
0.011908;-0.368397;
0.011912;-0.844164;
0.011916;0.68478;
0.01192;0.587515;
0.011924;-0.904975;
0.011928;-0.248738;
0.011932;0.998024;
0.011936;-0.125311;
0.01194;-0.951059;
0.011944;0.481758;
0.011948;0.770502;
0.011952;-0.770533;
0.011956;-0.481714;
0.01196;0.951075;
0.011964;0.125262;
0.011968;-0.998021;
0.011972;0.248785;
0.011976;0.904779;
0.01198;-0.587887;
0.011984;-0.684446;
0.011988;0.84441;
0.011992;0.36797;
0.011996;-0.982321;
0.012;0.000192747;
0.012004;0.982249;
0.012008;-0.368329;
0.012012;-0.844203;
0.012016;0.684727;
0.01202;0.587575;
0.012024;-0.904943;
0.012028;-0.248412;
0.012032;0.998046;
0.012036;-0.125645;
0.01204;-0.950955;
0.012044;0.482052;
0.012048;0.770549;
0.012052;-0.770486;
0.012056;-0.481779;
0.01206;0.951052;
0.012064;0.125335;
0.012068;-0.998026;
0.012072;0.248714;
0.012076;0.904811;
0.01208;-0.587827;
0.012084;-0.684499;
0.012088;0.84437;
0.012092;0.368039;
0.012096;-0.982307;
0.0121;0.000119257;
0.012104;0.982262;
0.012108;-0.36826;
0.012112;-0.844242;
0.012116;0.684673;
0.01212;0.587634;
0.012124;-0.904912;
0.012128;-0.248483;
0.012132;0.998041;
0.012136;-0.125572;
0.01214;-0.950978;
0.012144;0.481988;
0.012148;0.770334;
0.012152;-0.770701;
0.012156;-0.481484;
0.01216;0.951156;
0.012164;0.125001;
0.012168;-0.998005;
0.012172;0.248643;
0.012176;0.904842;
0.01218;-0.587768;
0.012184;-0.684553;
0.012188;0.844331;
0.012192;0.368107;
0.012196;-0.982293;
0.0122;4.57669e-05;
0.012204;0.982276;
0.012208;-0.368192;
0.012212;-0.844282;
0.012216;0.68462;
0.01222;0.587694;
0.012224;-0.904881;
0.012228;-0.248554;
0.012232;0.998036;
0.012236;-0.125499;
0.01224;-0.951001;
0.012244;0.481923;
0.012248;0.770381;
0.012252;-0.770654;
0.012256;-0.481549;
0.01226;0.951133;
0.012264;0.125074;
0.012268;-0.998009;
0.012272;0.248969;
0.012276;0.904699;
0.01228;-0.58804;
0.012284;-0.684308;
0.012288;0.844511;
0.012292;0.367794;
0.012296;-0.98228;
0.0123;-2.77233e-05;
0.012304;0.98229;
0.012308;-0.368124;
0.012312;-0.844321;
0.012316;0.684566;
0.01232;0.587753;
0.012324;-0.90485;
0.012328;-0.248626;
0.012332;0.998032;
0.012336;-0.125426;
0.01234;-0.951024;
0.012344;0.481859;
0.012348;0.770428;
0.012352;-0.770607;
0.012356;-0.481613;
0.01236;0.95111;
0.012364;0.125147;
0.012368;-0.998014;
0.012372;0.248897;
0.012376;0.90473;
0.01238;-0.58798;
0.012384;-0.684361;
0.012388;0.844472;
0.012392;0.367863;
0.012396;-0.982342;
0.0124;0.000308404;
0.012404;0.982227;
0.012408;-0.368436;
0.012412;-0.844141;
0.012416;0.684513;
0.01242;0.587813;
0.012424;-0.904818;
0.012428;-0.248697;
0.012432;0.998027;
0.012436;-0.125353;
0.01244;-0.951046;
0.012444;0.481795;
0.012448;0.770475;
0.012452;-0.77056;
0.012456;-0.481677;
0.01246;0.951088;
0.012464;0.12522;
0.012468;-0.998019;
0.012472;0.248826;
0.012476;0.904761;
0.01248;-0.587921;
0.012484;-0.684415;
0.012488;0.844432;
0.012492;0.367931;
0.012496;-0.982329;
0.0125;0.000234913;
0.012504;0.982241;
0.012508;-0.368368;
0.012512;-0.84418;
0.012516;0.684758;
0.01252;0.587541;
0.012524;-0.904961;
0.012528;-0.248371;
0.012532;0.998048;
0.012536;-0.125686;
0.01254;-0.951069;
0.012544;0.48173;
0.012548;0.770522;
0.012552;-0.770513;
0.012556;-0.481742;
0.01256;0.951065;
0.012564;0.125293;
0.012568;-0.998023;
0.012572;0.248755;
0.012576;0.904793;
0.01258;-0.587861;
0.012584;-0.684469;
0.012588;0.844393;
0.012592;0.367999;
0.012596;-0.982315;
0.0126;0.000161423;
0.012604;0.982254;
0.012608;-0.3683;
0.012612;-0.84422;
0.012616;0.684704;
0.01262;0.5876;
0.012624;-0.90493;
0.012628;-0.248442;
0.012632;0.998044;
0.012636;-0.125613;
0.01264;-0.950965;
0.012644;0.482025;
0.012648;0.770307;
0.012652;-0.770728;
0.012656;-0.481447;
0.01266;0.951042;
0.012664;0.125366;
0.012668;-0.998028;
0.012672;0.248684;
0.012676;0.904824;
0.01268;-0.587802;
0.012684;-0.684522;
0.012688;0.844353;
0.012692;0.368068;
0.012696;-0.982301;
0.0127;8.79328e-05;
0.012704;0.982268;
0.012708;-0.368231;
0.012712;-0.844259;
0.012716;0.68465;
0.01272;0.58766;
0.012724;-0.904899;
0.012728;-0.248514;
0.012732;0.998039;
0.012736;-0.125541;
0.01274;-0.950988;
0.012744;0.48196;
0.012748;0.770354;
0.012752;-0.770681;
0.012756;-0.481512;
0.01276;0.951146;
0.012764;0.125033;
0.012768;-0.998007;
0.012772;0.249009;
0.012776;0.904681;
0.01278;-0.588074;
0.012784;-0.684576;
0.012788;0.844314;
0.012792;0.368136;
0.012796;-0.982287;
0.0128;1.44426e-05;
0.012804;0.982282;
0.012808;-0.368163;
0.012812;-0.844299;
0.012816;0.684597;
0.01282;0.587719;
0.012824;-0.904868;
0.012828;-0.248585;
0.012832;0.998034;
0.012836;-0.125468;
0.01284;-0.95101;
0.012844;0.481896;
0.012848;0.770401;
0.012852;-0.770634;
0.012856;-0.481576;
0.01286;0.951123;
0.012864;0.125105;
0.012868;-0.998011;
0.012872;0.248938;
0.012876;0.904712;
0.01288;-0.588014;
0.012884;-0.684331;
0.012888;0.844494;
0.012892;0.367824;
0.012896;-0.98235;
0.0129;0.000350569;
0.012904;0.982296;
0.012908;-0.368095;
0.012912;-0.844338;
0.012916;0.684543;
0.01292;0.587779;
0.012924;-0.904836;
0.012928;-0.248656;
0.012932;0.99803;
0.012936;-0.125395;
0.01294;-0.951033;
0.012944;0.481832;
0.012948;0.770448;
0.012952;-0.770587;
0.012956;-0.48164;
0.01296;0.951101;
0.012964;0.125178;
0.012968;-0.998016;
0.012972;0.248867;
0.012976;0.904743;
0.01298;-0.587955;
0.012984;-0.684384;
0.012988;0.844455;
0.012992;0.367892;
0.012996;-0.982337;
0.013;0.000277079;
0.013004;0.982233;
0.013008;-0.368407;
0.013012;-0.844158;
0.013016;0.684788;
0.01302;0.587507;
0.013024;-0.904979;
0.013028;-0.248727;
0.013032;0.998025;
0.013036;-0.125322;
0.01304;-0.951056;
0.013044;0.481767;
0.013048;0.770495;
0.013052;-0.77054;
0.013056;-0.481705;
0.01306;0.951078;
0.013064;0.125251;
0.013068;-0.998021;
0.013072;0.248796;
0.013076;0.904775;
0.01308;-0.587896;
0.013084;-0.684438;
0.013088;0.844415;
0.013092;0.36796;
0.013096;-0.982323;
0.0131;0.000203589;
0.013104;0.982247;
0.013108;-0.368339;
0.013112;-0.844197;
0.013116;0.684735;
0.01312;0.587566;
0.013124;-0.904948;
0.013128;-0.248402;
0.013132;0.998046;
0.013136;-0.125655;
0.01314;-0.950952;
0.013144;0.482062;
0.013148;0.770281;
0.013152;-0.770493;
0.013156;-0.481769;
0.01316;0.951055;
0.013164;0.125324;
0.013168;-0.998025;
0.013172;0.248725;
0.013176;0.904806;
0.01318;-0.587836;
0.013184;-0.684491;
0.013188;0.844376;
0.013192;0.368029;
0.013196;-0.982309;
0.0132;0.000130099;
0.013204;0.98226;
0.013208;-0.368271;
0.013212;-0.844237;
0.013216;0.684681;
0.01322;0.587626;
0.013224;-0.904917;
0.013228;-0.248473;
0.013232;0.998042;
0.013236;-0.125582;
0.01324;-0.950975;
0.013244;0.481997;
0.013248;0.770327;
0.013252;-0.770708;
0.013256;-0.481475;
0.01326;0.951159;
0.013264;0.124991;
0.013268;-0.998004;
0.013272;0.248654;
0.013276;0.904837;
0.01328;-0.587777;
0.013284;-0.684545;
0.013288;0.844337;
0.013292;0.368097;
0.013296;-0.982295;
0.0133;5.66085e-05;
0.013304;0.982274;
0.013308;-0.368202;
0.013312;-0.844276;
0.013316;0.684628;
0.01332;0.587685;
0.013324;-0.904885;
0.013328;-0.248544;
0.013332;0.998037;
0.013336;-0.125509;
0.01334;-0.950997;
0.013344;0.481933;
0.013348;0.770374;
0.013352;-0.770661;
0.013356;-0.481539;
0.01336;0.951136;
0.013364;0.125064;
0.013368;-0.998009;
0.013372;0.248979;
0.013376;0.904694;
0.01338;-0.588049;
0.013384;-0.6843;
0.013388;0.844517;
0.013392;0.367784;
0.013396;-0.982282;
0.0134;-1.68818e-05;
0.013404;0.982288;
0.013408;-0.368134;
0.013412;-0.844315;
0.013416;0.684574;
0.01342;0.587745;
0.013424;-0.904854;
0.013428;-0.248615;
0.013432;0.998032;
0.013436;-0.125437;
0.01344;-0.95102;
0.013444;0.481868;
0.013448;0.770421;
0.013452;-0.770614;
0.013456;-0.481604;
0.01346;0.951114;
0.013464;0.125137;
0.013468;-0.998013;
0.013472;0.248908;
0.013476;0.904725;
0.01348;-0.587989;
0.013484;-0.684354;
0.013488;0.844477;
0.013492;0.367853;
0.013496;-0.982345;
0.0135;0.000319245;
0.013504;0.982225;
0.013508;-0.368446;
0.013512;-0.844135;
0.013516;0.68452;
0.01352;0.587804;
0.013524;-0.904823;
0.013528;-0.248686;
0.013532;0.998028;
0.013536;-0.125364;
0.01354;-0.951043;
0.013544;0.481804;
0.013548;0.770468;
0.013552;-0.770567;
0.013556;-0.481668;
0.01356;0.951091;
0.013564;0.125209;
0.013568;-0.998018;
0.013572;0.248837;
0.013576;0.904757;
0.01358;-0.58793;
0.013584;-0.684407;
0.013588;0.844438;
0.013592;0.367921;
0.013596;-0.982331;
0.0136;0.000245755;
0.013604;0.982239;
0.013608;-0.368378;
0.013612;-0.844175;
0.013616;0.684765;
0.01362;0.587532;
0.013624;-0.904966;
0.013628;-0.248361;
0.013632;0.998049;
0.013636;-0.125697;
0.01364;-0.951066;
0.013644;0.48174;
0.013648;0.770515;
0.013652;-0.77052;
0.013656;-0.481732;
0.01366;0.951068;
0.013664;0.125282;
0.013668;-0.998023;
0.013672;0.248766;
0.013676;0.904788;
0.01368;-0.58787;
0.013684;-0.684461;
0.013688;0.844399;
0.013692;0.367989;
0.013696;-0.982317;
0.0137;0.000172265;
0.013704;0.982252;
0.013708;-0.36831;
0.013712;-0.844214;
0.013716;0.684712;
0.01372;0.587591;
0.013724;-0.904935;
0.013728;-0.248432;
0.013732;0.998044;
0.013736;-0.125624;
0.01374;-0.950962;
0.013744;0.482034;
0.013748;0.770301;
0.013752;-0.770734;
0.013756;-0.481438;
0.01376;0.951046;
0.013764;0.125355;
0.013768;-0.998027;
0.013772;0.248694;
0.013776;0.904819;
0.01378;-0.587811;
0.013784;-0.684514;
0.013788;0.844359;
0.013792;0.368058;
0.013796;-0.982303;
0.0138;9.87744e-05;
0.013804;0.982266;
0.013808;-0.368241;
0.013812;-0.844253;
0.013816;0.684658;
0.01382;0.587651;
0.013824;-0.904903;
0.013828;-0.248503;
0.013832;0.99804;
0.013836;-0.125551;
0.01384;-0.950984;
0.013844;0.48197;
0.013848;0.770347;
0.013852;-0.770688;
0.013856;-0.481502;
0.01386;0.951149;
0.013864;0.125022;
0.013868;-0.998006;
0.013872;0.24902;
0.013876;0.904676;
0.01388;-0.588083;
0.013884;-0.684568;
0.013888;0.84432;
0.013892;0.368126;
0.013896;-0.982289;
0.0139;2.52841e-05;
0.013904;0.98228;
0.013908;-0.368173;
0.013912;-0.844293;
0.013916;0.684605;
0.01392;0.58771;
0.013924;-0.904872;
0.013928;-0.248574;
0.013932;0.998035;
0.013936;-0.125478;
0.01394;-0.951007;
0.013944;0.481905;
0.013948;0.770394;
0.013952;-0.770641;
0.013956;-0.481567;
0.01396;0.951127;
0.013964;0.125095;
0.013968;-0.998011;
0.013972;0.248949;
0.013976;0.904707;
0.01398;-0.588023;
0.013984;-0.684323;
0.013988;0.8445;
0.013992;0.367813;
0.013996;-0.982352;
0.014;0.000361411;
0.014004;0.982217;
0.014008;-0.368105;
0.014012;-0.844332;
0.014016;0.684551;
0.01402;0.58777;
0.014024;-0.904841;
0.014028;-0.248645;
0.014032;0.99803;
0.014036;-0.125405;
0.01404;-0.95103;
0.014044;0.481841;
0.014048;0.770441;
0.014052;-0.770594;
0.014056;-0.481631;
0.01406;0.951104;
0.014064;0.125168;
0.014068;-0.998015;
0.014072;0.248878;
0.014076;0.904739;
0.01408;-0.587964;
0.014084;-0.684376;
0.014088;0.844461;
0.014092;0.367882;
0.014096;-0.982339;
0.0141;0.000287921;
0.014104;0.982231;
0.014108;-0.368417;
0.014112;-0.844152;
0.014116;0.684796;
0.01412;0.587498;
0.014124;-0.904984;
0.014128;-0.248717;
0.014132;0.998026;
0.014136;-0.125333;
0.01414;-0.951053;
0.014144;0.481777;
0.014148;0.770488;
0.014152;-0.770547;
0.014156;-0.481695;
0.01416;0.951081;
0.014164;0.125241;
0.014168;-0.99802;
0.014172;0.248806;
0.014176;0.90477;
0.01418;-0.587904;
0.014184;-0.68443;
0.014188;0.844421;
0.014192;0.36795;
0.014196;-0.982325;
0.0142;0.000214431;
0.014204;0.982245;
0.014208;-0.368349;
0.014212;-0.844191;
0.014216;0.684743;
0.01422;0.587557;
0.014224;-0.904953;
0.014228;-0.248391;
0.014232;0.998047;
0.014236;-0.125666;
0.01424;-0.950949;
0.014244;0.482071;
0.014248;0.770274;
0.014252;-0.7705;
0.014256;-0.48176;
0.01426;0.951059;
0.014264;0.125313;
0.014268;-0.998025;
0.014272;0.248735;
0.014276;0.904801;
0.01428;-0.587845;
0.014284;-0.684484;
0.014288;0.844382;
0.014292;0.368019;
0.014296;-0.982311;
0.0143;0.00014094;
0.014304;0.982258;
0.014308;-0.368281;
0.014312;-0.844231;
0.014316;0.684689;
0.01432;0.587617;
0.014324;-0.904921;
0.014328;-0.248462;
0.014332;0.998042;
0.014336;-0.125593;
0.01434;-0.950971;
0.014344;0.482007;
0.014348;0.770321;
0.014352;-0.770714;
0.014356;-0.481465;
0.01436;0.951162;
0.014364;0.12498;
0.014368;-0.998003;
0.014372;0.248664;
0.014376;0.904833;
0.01438;-0.587785;
0.014384;-0.684537;
0.014388;0.844342;
0.014392;0.368087;
0.014396;-0.982297;
0.0144;6.745e-05;
0.014404;0.982272;
0.014408;-0.368212;
0.014412;-0.84427;
0.014416;0.684635;
0.01442;0.587676;
0.014424;-0.90489;
0.014428;-0.248533;
0.014432;0.998038;
0.014436;-0.12552;
0.01444;-0.950994;
0.014444;0.481942;
0.014448;0.770367;
0.014452;-0.770668;
0.014456;-0.48153;
0.01446;0.95114;
0.014464;0.125053;
0.014468;-0.998008;
0.014472;0.24899;
0.014476;0.904689;
0.01448;-0.588057;
0.014484;-0.684292;
0.014488;0.844522;
0.014492;0.367774;
0.014496;-0.982284;
0.0145;-6.04021e-06;
0.014504;0.982286;
0.014508;-0.368144;
0.014512;-0.84431;
0.014516;0.684582;
0.01452;0.587736;
0.014524;-0.904859;
0.014528;-0.248605;
0.014532;0.998033;
0.014536;-0.125447;
0.01454;-0.951017;
0.014544;0.481878;
0.014548;0.770414;
0.014552;-0.770621;
0.014556;-0.481594;
0.01456;0.951117;
0.014564;0.125126;
0.014568;-0.998013;
0.014572;0.248918;
0.014576;0.904721;
0.01458;-0.587998;
0.014584;-0.684346;
0.014588;0.844483;
0.014592;0.367843;
0.014596;-0.982347;
0.0146;0.000330087;
0.014604;0.982223;
0.014608;-0.368456;
0.014612;-0.844129;
0.014616;0.684528;
0.01462;0.587795;
0.014624;-0.904828;
0.014628;-0.248676;
0.014632;0.998029;
0.014636;-0.125374;
0.01464;-0.95104;
0.014644;0.481814;
0.014648;0.770461;
0.014652;-0.770574;
0.014656;-0.481658;
0.01466;0.951094;
0.014664;0.125199;
0.014668;-0.998017;
0.014672;0.248847;
0.014676;0.904752;
0.01468;-0.587938;
0.014684;-0.684399;
0.014688;0.844444;
0.014692;0.367911;
0.014696;-0.982333;
0.0147;0.000256596;
0.014704;0.982237;
0.014708;-0.368388;
0.014712;-0.844169;
0.014716;0.684773;
0.01472;0.587523;
0.014724;-0.904971;
0.014728;-0.24835;
0.014732;0.99805;
0.014736;-0.125708;
0.01474;-0.951062;
0.014744;0.481749;
0.014748;0.770508;
0.014752;-0.770527;
0.014756;-0.481723;
0.01476;0.951072;
0.014764;0.125272;
0.014768;-0.998022;
0.014772;0.248776;
0.014776;0.904783;
0.01478;-0.587879;
0.014784;-0.684453;
0.014788;0.844404;
0.014792;0.367979;
0.014796;-0.982319;
0.0148;0.000183106;
0.014804;0.98225;
0.014808;-0.36832;
0.014812;-0.844208;
0.014816;0.68472;
0.01482;0.587583;
0.014824;-0.904939;
0.014828;-0.248421;
0.014832;0.998045;
0.014836;-0.125635;
0.01484;-0.950958;
0.014844;0.482044;
0.014848;0.770294;
0.014852;-0.770741;
0.014856;-0.481428;
0.01486;0.951175;
0.014864;0.125345;
0.014868;-0.998027;
0.014872;0.248705;
0.014876;0.904815;
0.01488;-0.58782;
0.014884;-0.684506;
0.014888;0.844365;
0.014892;0.368048;
0.014896;-0.982305;
0.0149;0.000109616;
0.014904;0.982264;
0.014908;-0.368251;
0.014912;-0.844248;
0.014916;0.684666;
0.01492;0.587642;
0.014924;-0.904908;
0.014928;-0.248493;
0.014932;0.99804;
0.014936;-0.125562;
0.01494;-0.950981;
0.014944;0.481979;
0.014948;0.770341;
0.014952;-0.770694;
0.014956;-0.481493;
0.01496;0.951153;
0.014964;0.125011;
0.014968;-0.998005;
0.014972;0.24903;
0.014976;0.904672;
0.01498;-0.588091;
0.014984;-0.68456;
0.014988;0.844326;
0.014992;0.368116;
0.014996;-0.982292;
0.015;3.61257e-05;
0.015004;0.982278;
0.015008;-0.368183;
0.015012;-0.844287;
0.015016;0.684613;
0.01502;0.587702;
0.015024;-0.904877;
0.015028;-0.248564;
0.015032;0.998036;
0.015036;-0.125489;
0.01504;-0.951004;
0.015044;0.481915;
0.015048;0.770387;
0.015052;-0.770648;
0.015056;-0.481557;
0.01506;0.95113;
0.015064;0.125084;
0.015068;-0.99801;
0.015072;0.248959;
0.015076;0.904703;
0.01508;-0.588032;
0.015084;-0.684315;
0.015088;0.844506;
0.015092;0.367803;
0.015096;-0.982354;
0.0151;0.000372253;
0.015104;0.982215;
0.015108;-0.368115;
0.015112;-0.844326;
0.015116;0.684559;
0.01512;0.587761;
0.015124;-0.904845;
0.015128;-0.248635;
0.015132;0.998031;
0.015136;-0.125416;
0.01514;-0.951026;
0.015144;0.481851;
0.015148;0.770434;
0.015152;-0.770601;
0.015156;-0.481621;
0.01516;0.951107;
0.015164;0.125157;
0.015168;-0.998015;
0.015172;0.248888;
0.015176;0.904734;
0.01518;-0.587973;
0.015184;-0.684368;
0.015188;0.844466;
0.015192;0.367872;
0.015196;-0.982341;
0.0152;0.000298762;
0.015204;0.982229;
0.015208;-0.368427;
0.015212;-0.844146;
0.015216;0.684804;
0.01522;0.587489;
0.015224;-0.904989;
0.015228;-0.248706;
0.015232;0.998027;
0.015236;-0.125343;
0.01524;-0.951049;
0.015244;0.481786;
0.015248;0.770481;
0.015252;-0.770554;
0.015256;-0.481686;
0.01526;0.951085;
0.015264;0.12523;
0.015268;-0.998019;
0.015272;0.248817;
0.015276;0.904765;
0.01528;-0.587913;
0.015284;-0.684422;
0.015288;0.844427;
0.015292;0.36794;
0.015296;-0.982327;
0.0153;0.000225272;
0.015304;0.982242;
0.015308;-0.368359;
0.015312;-0.844186;
0.015316;0.68475;
0.01532;0.587549;
0.015324;-0.904957;
0.015328;-0.248381;
0.015332;0.998048;
0.015336;-0.125677;
0.01534;-0.950945;
0.015344;0.482081;
0.015348;0.770267;
0.015352;-0.770507;
0.015356;-0.48175;
0.01536;0.951062;
0.015364;0.125303;
0.015368;-0.998024;
0.015372;0.248746;
0.015376;0.904797;
0.01538;-0.587854;
0.015384;-0.684476;
0.015388;0.844388;
0.015392;0.368008;
0.015396;-0.982313;
0.0154;0.000151782;
0.015404;0.982256;
0.015408;-0.368291;
0.015412;-0.844225;
0.015416;0.684697;
0.01542;0.587608;
0.015424;-0.904926;
0.015428;-0.248452;
0.015432;0.998043;
0.015436;-0.125604;
0.01544;-0.950968;
0.015444;0.482016;
0.015448;0.770314;
0.015452;-0.770721;
0.015456;-0.481456;
0.01546;0.951166;
0.015464;0.124969;
0.015468;-0.998003;
0.015472;0.249071;
0.015476;0.904828;
0.01548;-0.587794;
0.015484;-0.684529;
0.015488;0.844348;
0.015492;0.368077;
0.015496;-0.982299;
0.0155;7.82916e-05;
0.015504;0.98227;
0.015508;-0.368222;
0.015512;-0.844264;
0.015516;0.684643;
0.01552;0.587668;
0.015524;-0.904895;
0.015528;-0.248523;
0.015532;0.998038;
0.015536;-0.125531;
0.01554;-0.950991;
0.015544;0.481952;
0.015548;0.77036;
0.015552;-0.770675;
0.015556;-0.48152;
0.01556;0.951143;
0.015564;0.125042;
0.015568;-0.998007;
0.015572;0.249;
0.015576;0.904685;
0.01558;-0.588066;
0.015584;-0.684284;
0.015588;0.844528;
0.015592;0.367764;
0.015596;-0.982286;
0.0156;4.80135e-06;
0.015604;0.982284;
0.015608;-0.368154;
0.015612;-0.844304;
0.015616;0.68459;
0.01562;0.587727;
0.015624;-0.904863;
0.015628;-0.248197;
0.015632;0.998034;
0.015636;-0.125864;
0.01564;-0.951014;
0.015644;0.482246;
0.015648;0.770407;
0.015652;-0.770889;
0.015656;-0.481585;
0.01566;0.950994;
0.015664;0.125115;
0.015668;-0.998038;
0.015672;0.248929;
0.015676;0.904891;
0.01568;-0.588007;
0.015684;-0.684636;
0.015688;0.844489;
0.015692;0.368213;
0.015696;-0.982349;
0.0157;-6.86889e-05;
0.015704;0.982221;
0.015708;-0.368086;
0.015712;-0.844124;
0.015716;0.684536;
0.01572;0.587455;
0.015724;-0.904832;
0.015728;-0.248268;
0.015732;0.998029;
0.015736;-0.125792;
0.01574;-0.951036;
0.015744;0.482182;
0.015748;0.770454;
0.015752;-0.770842;
0.015756;-0.481649;
0.01576;0.951224;
0.015764;0.125188;
0.015768;-0.997991;
0.015772;0.248858;
0.015776;0.904573;
0.01578;-0.587947;
0.015784;-0.68469;
0.015788;0.84445;
0.015792;0.368282;
0.015796;-0.982335;
0.0158;-0.000142179;
0.015804;0.982235;
0.015808;-0.368017;
0.015812;-0.844163;
0.015816;0.684483;
0.01582;0.587514;
0.015824;-0.904801;
0.015828;-0.24834;
0.015832;0.998025;
0.015836;-0.125719;
0.01584;-0.951059;
0.015844;0.482118;
0.015848;0.770501;
0.015852;-0.770795;
0.015856;-0.481713;
0.01586;0.951201;
0.015864;0.125261;
0.015868;-0.997995;
0.015872;0.248787;
0.015876;0.904604;
0.01588;-0.587888;
0.015884;-0.684146;
0.015888;0.84441;
0.015892;0.367588;
0.015896;-0.982321;
0.0159;0.000603565;
0.015904;0.982248;
0.015908;-0.367949;
0.015912;-0.844202;
0.015916;0.684429;
0.01592;0.587574;
0.015924;-0.90477;
0.015928;-0.248411;
0.015932;0.99802;
0.015936;-0.125646;
0.01594;-0.951082;
0.015944;0.482053;
0.015948;0.770548;
0.015952;-0.770748;
0.015956;-0.481778;
0.01596;0.951179;
0.015964;0.125334;
0.015968;-0.998;
0.015972;0.248715;
0.015976;0.904636;
0.01598;-0.587828;
0.015984;-0.6842;
0.015988;0.844371;
0.015992;0.367657;
0.015996;-0.982307;
0.016;0.000530075;
0.016004;0.982262;
0.016008;-0.368642;
0.016012;-0.844242;
0.016016;0.684973;
0.01602;0.587633;
0.016024;-0.904738;
0.016028;-0.248482;
0.016032;0.998015;
0.016036;-0.125573;
0.01604;-0.951104;
0.016044;0.481989;
0.016048;0.770595;
0.016052;-0.770701;
0.016056;-0.481842;
0.01606;0.951156;
0.016064;0.125407;
0.016068;-0.998005;
0.016072;0.248644;
0.016076;0.904667;
0.01608;-0.587769;
0.016084;-0.684253;
0.016088;0.844332;
0.016092;0.367725;
0.016096;-0.982294;
0.0161;0.000456584;
0.016104;0.982276;
0.016108;-0.368574;
0.016112;-0.844281;
0.016116;0.684919;
0.01612;0.587693;
0.016124;-0.905056;
0.016128;-0.248553;
0.016132;0.998062;
0.016136;-0.1255;
0.01614;-0.950874;
0.016144;0.481924;
0.016148;0.770642;
0.016152;-0.770655;
0.016156;-0.481907;
0.01616;0.951133;
0.016164;0.12548;
0.016168;-0.998009;
0.016172;0.248573;
0.016176;0.904698;
0.01618;-0.587709;
0.016184;-0.684307;
0.016188;0.844292;
0.016192;0.367793;
0.016196;-0.98228;
0.0162;0.000383094;
0.016204;0.98229;
0.016208;-0.368506;
0.016212;-0.844321;
0.016216;0.684866;
0.01622;0.587752;
0.016224;-0.905024;
0.016228;-0.248624;
0.016232;0.998057;
0.016236;-0.125427;
0.01624;-0.950896;
0.016244;0.48186;
0.016248;0.770166;
0.016252;-0.770608;
0.016256;-0.481253;
0.01626;0.951111;
0.016264;0.12474;
0.016268;-0.998014;
0.016272;0.248502;
0.016276;0.90473;
0.01628;-0.58765;
0.016284;-0.684361;
0.016288;0.844253;
0.016292;0.367862;
0.016296;-0.982266;
0.0163;0.000309604;
0.016304;0.982303;
0.016308;-0.368437;
0.016312;-0.84436;
0.016316;0.684812;
0.01632;0.587812;
0.016324;-0.904993;
0.016328;-0.248696;
0.016332;0.998053;
0.016336;-0.125354;
0.01634;-0.950919;
0.016344;0.481796;
0.016348;0.770213;
0.016352;-0.770561;
0.016356;-0.481317;
0.01636;0.951088;
0.016364;0.124813;
0.016368;-0.998019;
0.016372;0.249224;
0.016376;0.904761;
0.01638;-0.588253;
0.016384;-0.684414;
0.016388;0.844652;
0.016392;0.36793;
0.016396;-0.982252;
0.0164;0.000236114;
0.016404;0.982317;
0.016408;-0.368369;
0.016412;-0.844399;
0.016416;0.684758;
0.01642;0.587871;
0.016424;-0.904962;
0.016428;-0.248767;
0.016432;0.998048;
0.016436;-0.125281;
0.01644;-0.950942;
0.016444;0.481731;
0.016448;0.77026;
0.016452;-0.770514;
0.016456;-0.481382;
0.01646;0.951065;
0.016464;0.124886;
0.016468;-0.998023;
0.016472;0.249153;
0.016476;0.904792;
0.01648;-0.588194;
0.016484;-0.684468;
0.016488;0.844613;
0.016492;0.367998;
0.016496;-0.982392;
0.0165;0.000162623;
0.016504;0.982177;
0.016508;-0.368301;
0.016512;-0.844439;
0.016516;0.684705;
0.01652;0.587931;
0.016524;-0.904931;
0.016528;-0.248838;
0.016532;0.998044;
0.016536;-0.125208;
0.01654;-0.950965;
0.016544;0.481667;
0.016548;0.770307;
0.016552;-0.770467;
0.016556;-0.481446;
0.01656;0.951043;
0.016564;0.124958;
0.016568;-0.998028;
0.016572;0.249082;
0.016576;0.904823;
0.01658;-0.588134;
0.016584;-0.684521;
0.016588;0.844573;
0.016592;0.368067;
0.016596;-0.982378;
0.0166;8.91331e-05;
0.016604;0.982191;
0.016608;-0.368232;
0.016612;-0.844039;
0.016616;0.684651;
0.01662;0.587327;
0.016624;-0.904899;
0.016628;-0.248116;
0.016632;0.998039;
0.016636;-0.125135;
0.01664;-0.950987;
0.016644;0.481602;
0.016648;0.770354;
0.016652;-0.77042;
0.016656;-0.481511;
0.01666;0.95102;
0.016664;0.125031;
0.016668;-0.998033;
0.016672;0.249011;
0.016676;0.904855;
0.01668;-0.588075;
0.016684;-0.684575;
0.016688;0.844534;
0.016692;0.368135;
0.016696;-0.982364;
0.0167;1.56429e-05;
0.016704;0.982205;
0.016708;-0.368164;
0.016712;-0.844078;
0.016716;0.684598;
0.01672;0.587387;
0.016724;-0.904868;
0.016728;-0.248187;
0.016732;0.998034;
0.016736;-0.125875;
0.01674;-0.95101;
0.016744;0.482256;
0.016748;0.7704;
0.016752;-0.770896;
0.016756;-0.481575;
0.01676;0.950997;
0.016764;0.125104;
0.016768;-0.998037;
0.016772;0.248939;
0.016776;0.904886;
0.01678;-0.588015;
0.016784;-0.684628;
0.016788;0.844495;
0.016792;0.368203;
0.016796;-0.982351;
0.0168;-5.78473e-05;
0.016804;0.982219;
0.016808;-0.368096;
0.016812;-0.844118;
0.016816;0.684544;
0.01682;0.587446;
0.016824;-0.904837;
0.016828;-0.248258;
0.016832;0.99803;
0.016836;-0.125802;
0.01684;-0.951033;
0.016844;0.482191;
0.016848;0.770447;
0.016852;-0.770849;
0.016856;-0.481639;
0.01686;0.951227;
0.016864;0.125177;
0.016868;-0.99799;
0.016872;0.248868;
0.016876;0.904568;
0.01688;-0.587956;
0.016884;-0.684682;
0.016888;0.844455;
0.016892;0.368272;
0.016896;-0.982337;
0.0169;-0.000131338;
0.016904;0.982233;
0.016908;-0.368027;
0.016912;-0.844157;
0.016916;0.684491;
0.01692;0.587506;
0.016924;-0.904805;
0.016928;-0.248329;
0.016932;0.998025;
0.016936;-0.125729;
0.01694;-0.951056;
0.016944;0.482127;
0.016948;0.770494;
0.016952;-0.770802;
0.016956;-0.481704;
0.01696;0.951205;
0.016964;0.12525;
0.016968;-0.997995;
0.016972;0.248797;
0.016976;0.9046;
0.01698;-0.587897;
0.016984;-0.684138;
0.016988;0.844416;
0.016992;0.367578;
0.016996;-0.982323;
0.017;0.000614406;
0.017004;0.982246;
0.017008;-0.367959;
0.017012;-0.844197;
0.017016;0.684437;
0.01702;0.587565;
0.017024;-0.904774;
0.017028;-0.2484;
0.017032;0.998021;
0.017036;-0.125656;
0.01704;-0.951078;
0.017044;0.482063;
0.017048;0.770541;
0.017052;-0.770755;
0.017056;-0.481768;
0.01706;0.951182;
0.017064;0.125323;
0.017068;-0.997999;
0.017072;0.248726;
0.017076;0.904631;
0.01708;-0.587837;
0.017084;-0.684192;
0.017088;0.844377;
0.017092;0.367647;
0.017096;-0.982309;
0.0171;0.000540916;
0.017104;0.98226;
0.017108;-0.368652;
0.017112;-0.844236;
0.017116;0.684981;
0.01712;0.587625;
0.017124;-0.904743;
0.017128;-0.248472;
0.017132;0.998016;
0.017136;-0.125584;
0.01714;-0.951101;
0.017144;0.481998;
0.017148;0.770588;
0.017152;-0.770708;
0.017156;-0.481833;
0.01716;0.951159;
0.017164;0.125396;
0.017168;-0.998004;
0.017172;0.248655;
0.017176;0.904662;
0.01718;0.587778;
0.017184;0.684245;
0.017188;-0.844337;
0.017192;-0.367715;
0.017196;0.982296;
0.0172;-0.000467513;
0.017204;-0.982274;
0.017208;0.368584;
0.017212;0.844275;
0.017216;-0.684927;
0.01722;-0.587684;
0.017224;0.90506;
0.017228;0.248543;
0.017232;-0.998063;
0.017236;0.125511;
0.01724;0.95087;
0.017244;-0.481934;
0.017248;-0.770635;
0.017252;0.770662;
0.017256;0.481897;
0.01726;-0.951137;
0.017264;-0.125469;
0.017268;0.998009;
0.017272;-0.248584;
0.017276;-0.904694;
0.01728;0.587718;
0.017284;0.684299;
0.017288;-0.844298;
0.017292;-0.367783;
0.017296;0.982282;
0.0173;-0.000394023;
0.017304;-0.982288;
0.017308;0.368516;
0.017312;0.844315;
0.017316;-0.684873;
0.01732;-0.587743;
0.017324;0.905029;
0.017328;0.248614;
0.017332;-0.998058;
0.017336;0.125438;
0.01734;0.950893;
0.017344;-0.48187;
0.017348;-0.770159;
0.017352;0.770615;
0.017356;0.481243;
0.01736;-0.951114;
0.017364;-0.124729;
0.017368;0.998013;
0.017372;-0.248512;
0.017376;-0.904725;
0.01738;0.587659;
0.017384;0.684353;
0.017388;-0.844259;
0.017392;-0.367852;
0.017396;0.982268;
0.0174;-0.000320533;
0.017404;-0.982301;
0.017408;0.368448;
0.017412;0.844354;
0.017416;-0.68482;
0.01742;-0.587803;
0.017424;0.904998;
0.017428;0.248685;
0.017432;-0.998053;
0.017436;0.125365;
0.01744;0.950916;
0.017444;-0.481805;
0.017448;-0.770206;
0.017452;0.770568;
0.017456;0.481308;
0.01746;-0.951091;
0.017464;-0.124802;
0.017468;0.998018;
0.017472;-0.249235;
0.017476;-0.904756;
0.01748;0.588262;
0.017484;0.684406;
0.017488;-0.844658;
0.017492;-0.36792;
0.017496;0.982254;
0.0175;-0.000247043;
0.017504;-0.982315;
0.017508;0.368379;
0.017512;0.844393;
0.017516;-0.684766;
0.01752;-0.587862;
0.017524;0.904967;
0.017528;0.248756;
0.017532;-0.998049;
0.017536;0.125292;
0.01754;0.950939;
0.017544;-0.481741;
0.017548;-0.770253;
0.017552;0.770521;
0.017556;0.481372;
0.01756;-0.951069;
0.017564;-0.124875;
0.017568;0.998023;
0.017572;-0.249164;
0.017576;-0.904787;
0.01758;0.588203;
0.017584;0.68446;
0.017588;-0.844619;
0.017592;-0.367988;
0.017596;0.982394;
0.0176;-0.000173552;
0.017604;-0.982175;
0.017608;0.368311;
0.017612;0.843994;
0.017616;-0.684713;
0.01762;-0.587922;
0.017624;0.904935;
0.017628;0.248827;
0.017632;-0.998044;
0.017636;0.125219;
0.01764;0.950961;
0.017644;-0.481676;
0.017648;-0.7703;
0.017652;0.770474;
0.017656;0.481437;
0.01766;-0.951046;
0.017664;-0.124948;
0.017668;0.998027;
0.017672;-0.249092;
0.017676;-0.904819;
0.01768;0.588143;
0.017684;0.684513;
0.017688;-0.844579;
0.017692;-0.368057;
0.017696;0.98238;
0.0177;-0.000100062;
0.017704;-0.982189;
0.017708;0.368243;
0.017712;0.844033;
0.017716;-0.684659;
0.01772;-0.587318;
0.017724;0.904904;
0.017728;0.248105;
0.017732;-0.99804;
0.017736;0.125146;
0.01774;0.950984;
0.017744;-0.481612;
0.017748;-0.770347;
0.017752;0.770427;
0.017756;0.481501;
0.01776;-0.951023;
0.017764;-0.125021;
0.017768;0.998032;
0.017772;-0.249021;
0.017776;-0.90485;
0.01778;0.588084;
0.017784;0.684567;
0.017788;-0.84454;
0.017792;-0.368125;
0.017796;0.982366;
0.0178;-2.65719e-05;
0.017804;-0.982203;
0.017808;0.368174;
0.017812;0.844073;
0.017816;-0.684606;
0.01782;-0.587378;
0.017824;0.904873;
0.017828;0.248176;
0.017832;-0.998035;
0.017836;0.125886;
0.01784;0.951007;
0.017844;-0.482265;
0.017848;-0.770393;
0.017852;0.770903;
0.017856;0.481565;
0.01786;-0.951;
0.017864;-0.125093;
0.017868;0.998036;
0.017872;-0.24895;
0.017876;-0.904881;
0.01788;0.588024;
0.017884;0.68462;
0.017888;-0.844501;
0.017892;-0.368193;
0.017896;0.982353;
0.0179;4.69183e-05;
0.017904;-0.982217;
0.017908;0.368106;
0.017912;0.844112;
0.017916;-0.684552;
0.01792;-0.587437;
0.017924;0.904841;
0.017928;0.248247;
0.017932;-0.998031;
0.017936;0.125813;
0.01794;0.951029;
0.017944;-0.482201;
0.017948;-0.77044;
0.017952;0.770856;
0.017956;0.48163;
0.01796;-0.951231;
0.017964;-0.125166;
0.017968;0.997989;
0.017972;-0.248879;
0.017976;-0.904564;
0.01798;0.587965;
0.017984;0.684674;
0.017988;-0.844461;
0.017992;-0.368262;
0.017996;0.982339;
0.018;0.000120409;
0.018004;-0.98223;
0.018008;0.368038;
0.018012;0.844151;
0.018016;-0.684499;
0.01802;-0.587497;
0.018024;0.90481;
0.018028;0.248319;
0.018032;-0.998026;
0.018036;0.12574;
0.01804;0.951052;
0.018044;-0.482137;
0.018048;-0.770487;
0.018052;0.770809;
0.018056;0.481694;
0.01806;-0.951208;
0.018064;-0.125239;
0.018068;0.997994;
0.018072;-0.248808;
0.018076;-0.904595;
0.01808;0.587905;
0.018084;0.68413;
0.018088;-0.844422;
0.018092;-0.367568;
0.018096;0.982325;
0.0181;-0.000625335;
0.018104;-0.982244;
0.018108;0.367969;
0.018112;0.844191;
0.018116;-0.684445;
0.01812;-0.587556;
0.018124;0.904779;
0.018128;0.24839;
0.018132;-0.998021;
0.018136;0.125667;
0.01814;0.951075;
0.018144;-0.482072;
0.018148;-0.770534;
0.018152;0.770762;
0.018156;0.481759;
0.01816;-0.951185;
0.018164;-0.125312;
0.018168;0.997999;
0.018172;-0.248736;
0.018176;-0.904626;
0.01818;0.587846;
0.018184;0.684184;
0.018188;-0.844383;
0.018192;-0.367636;
0.018196;0.982311;
0.0182;-0.000551845;
0.018204;-0.982258;
0.018208;0.368663;
0.018212;0.84423;
0.018216;-0.684988;
0.01822;-0.587616;
0.018224;0.905096;
0.018228;0.248461;
0.018232;-0.998017;
0.018236;0.125594;
0.01824;0.951098;
0.018244;-0.482008;
0.018248;-0.770581;
0.018252;0.770715;
0.018256;0.481823;
0.01826;-0.951163;
0.018264;-0.125385;
0.018268;0.998003;
0.018272;-0.248665;
0.018276;-0.904658;
0.01828;0.587786;
0.018284;0.684238;
0.018288;-0.844343;
0.018292;-0.367705;
0.018296;0.982298;
0.0183;-0.000478355;
0.018304;-0.982272;
0.018308;0.368594;
0.018312;0.844269;
0.018316;-0.684935;
0.01832;-0.587675;
0.018324;0.905065;
0.018328;0.248532;
0.018332;-0.998063;
0.018336;0.125521;
0.01834;0.950867;
0.018344;-0.481943;
0.018348;-0.770628;
0.018352;0.770668;
0.018356;0.481887;
0.01836;-0.95114;
0.018364;-0.125458;
0.018368;0.998008;
0.018372;-0.248594;
0.018376;-0.904689;
0.01838;0.587727;
0.018384;0.684291;
0.018388;-0.844304;
0.018392;-0.367773;
0.018396;0.982284;
0.0184;-0.000404865;
0.018404;-0.982286;
0.018408;0.368526;
0.018412;0.844309;
0.018416;-0.684881;
0.01842;-0.587735;
0.018424;0.905034;
0.018428;0.248603;
0.018432;-0.998059;
0.018436;0.125449;
0.01844;0.95089;
0.018444;-0.481879;
0.018448;-0.770152;
0.018452;0.770622;
0.018456;0.481234;
0.01846;-0.951117;
0.018464;-0.124718;
0.018468;0.998013;
0.018472;-0.248523;
0.018476;-0.90472;
0.01848;0.587668;
0.018484;0.684345;
0.018488;-0.844264;
0.018492;-0.367841;
0.018496;0.98227;
0.0185;-0.000331374;
0.018504;-0.982299;
0.018508;0.368458;
0.018512;0.844348;
0.018516;-0.684828;
0.01852;-0.587794;
0.018524;0.905002;
0.018528;0.248675;
0.018532;-0.998054;
0.018536;0.125376;
0.01854;0.950912;
0.018544;-0.481815;
0.018548;-0.770199;
0.018552;0.770575;
0.018556;0.481298;
0.01856;-0.951095;
0.018564;-0.124791;
0.018568;0.998017;
0.018572;-0.249245;
0.018576;-0.904752;
0.01858;0.588271;
0.018584;0.684398;
0.018588;-0.844664;
0.018592;-0.36791;
0.018596;0.982256;
0.0186;-0.000257884;
0.018604;-0.982313;
0.018608;0.368389;
0.018612;-0.844388;
0.018616;0.684774;
0.01862;0.587854;
0.018624;-0.904971;
0.018628;-0.248746;
0.018632;0.99805;
0.018636;-0.125303;
0.01864;-0.950935;
0.018644;0.48175;
0.018648;0.770246;
0.018652;-0.770528;
0.018656;-0.481363;
0.01866;0.951072;
0.018664;0.124864;
0.018668;-0.998022;
0.018672;0.249174;
0.018676;0.904783;
0.01868;-0.588211;
0.018684;-0.684452;
0.018688;0.844624;
0.018692;0.367978;
0.018696;-0.982396;
0.0187;0.000184306;
0.018704;0.982173;
0.018708;-0.368321;
0.018712;-0.843988;
0.018716;0.684721;
0.01872;0.587913;
0.018724;-0.90494;
0.018728;-0.248817;
0.018732;0.998045;
0.018736;-0.12523;
0.01874;-0.950958;
0.018744;0.481686;
0.018748;0.770293;
0.018752;-0.770481;
0.018756;-0.481427;
0.01876;0.951049;
0.018764;0.124937;
0.018768;-0.998027;
0.018772;0.249103;
0.018776;0.904814;
0.01878;-0.588152;
0.018784;-0.684506;
0.018788;0.844585;
0.018792;0.368047;
0.018796;-0.982382;
0.0188;0.000110816;
0.018804;0.982187;
0.018808;-0.368253;
0.018812;-0.844027;
0.018816;0.684667;
0.01882;0.58731;
0.018824;-0.904909;
0.018828;-0.248095;
0.018832;0.99804;
0.018836;-0.125157;
0.01884;-0.950981;
0.018844;0.481621;
0.018848;0.77034;
0.018852;-0.770434;
0.018856;-0.481492;
0.01886;0.951026;
0.018864;0.12501;
0.018868;-0.998031;
0.018872;0.249032;
0.018876;0.904846;
0.01888;-0.588092;
0.018884;-0.684559;
0.018888;0.844546;
0.018892;0.368115;
0.018896;-0.982368;
0.0189;3.7326e-05;
0.018904;0.982201;
0.018908;-0.368184;
0.018912;-0.844067;
0.018916;0.684614;
0.01892;0.587369;
0.018924;-0.904877;
0.018928;-0.248166;
0.018932;0.998036;
0.018936;-0.125897;
0.01894;-0.951003;
0.018944;0.482275;
0.018948;0.770387;
0.018952;-0.770909;
0.018956;-0.481556;
0.01896;0.951004;
0.018964;0.125083;
0.018968;-0.998036;
0.018972;0.24896;
0.018976;0.904877;
0.01898;-0.588033;
0.018984;-0.684613;
0.018988;0.844506;
0.018992;0.368183;
0.018996;-0.982355;
0.019;-3.61642e-05;
0.019004;0.982215;
0.019008;-0.368116;
0.019012;-0.844106;
0.019016;0.68456;
0.01902;0.587429;
0.019024;-0.904846;
0.019028;-0.248237;
0.019032;0.998031;
0.019036;-0.125824;
0.01904;-0.951026;
0.019044;0.48221;
0.019048;0.770433;
0.019052;-0.770863;
0.019056;-0.48162;
0.01906;0.951234;
0.019064;0.125156;
0.019068;-0.997989;
0.019072;0.248889;
0.019076;0.904559;
0.01908;-0.587974;
0.019084;-0.684666;
0.019088;0.844467;
0.019092;0.368252;
0.019096;-0.982341;
0.0191;-0.000109654;
0.019104;0.982228;
0.019108;-0.368048;
0.019112;-0.844146;
0.019116;0.684506;
0.01912;0.587488;
0.019124;-0.904815;
0.019128;-0.248308;
0.019132;0.998027;
0.019136;-0.125751;
0.01914;-0.951049;
0.019144;0.482146;
0.019148;0.77048;
0.019152;-0.770816;
0.019156;-0.481685;
0.01916;0.951211;
0.019164;0.125229;
0.019168;-0.997993;
0.019172;0.248818;
0.019176;0.90459;
0.01918;-0.587914;
0.019184;-0.684123;
0.019188;0.844428;
0.019192;0.367558;
0.019196;-0.982327;
0.0192;0.000636089;
0.019204;0.982242;
0.019208;-0.367979;
0.019212;-0.844185;
0.019216;0.684453;
0.01922;0.587548;
0.019224;-0.904783;
0.019228;-0.248379;
0.019232;0.998022;
0.019236;-0.125678;
0.01924;-0.951072;
0.019244;0.482082;
0.019248;0.770527;
0.019252;-0.770769;
0.019256;-0.481749;
0.01926;0.951189;
0.019264;0.125302;
0.019268;-0.997998;
0.019272;0.248747;
0.019276;0.904622;
0.01928;-0.587855;
0.019284;-0.684176;
0.019288;0.844388;
0.019292;0.367626;
0.019296;-0.982313;
0.0193;0.000562599;
0.019304;0.982256;
0.019308;-0.368673;
0.019312;-0.844224;
0.019316;0.684996;
0.01932;0.587607;
0.019324;-0.905101;
0.019328;-0.248451;
0.019332;0.998017;
0.019336;-0.125605;
0.01934;-0.951094;
0.019344;0.482017;
0.019348;0.770574;
0.019352;-0.770722;
0.019356;-0.481814;
0.01936;0.951166;
0.019364;0.125374;
0.019368;-0.998003;
0.019372;0.248676;
0.019376;0.904653;
0.01938;-0.587795;
0.019384;-0.68423;
0.019388;0.844349;
0.019392;0.367695;
0.019396;-0.9823;
0.0194;0.000489109;
0.019404;0.98227;
0.019408;-0.368604;
0.019412;-0.844264;
0.019416;0.684943;
0.01942;0.587667;
0.019424;-0.90507;
0.019428;-0.248522;
0.019432;0.998064;
0.019436;-0.125532;
0.01944;-0.950864;
0.019444;0.481953;
0.019448;0.770621;
0.019452;-0.770675;
0.019456;-0.481878;
0.01946;0.951143;
0.019464;0.125447;
0.019468;-0.998007;
0.019472;0.248605;
0.019476;0.904684;
0.01948;-0.587736;
0.019484;-0.684283;
0.019488;0.84431;
0.019492;0.367763;
0.019496;-0.982286;
0.0195;0.000415619;
0.019504;0.982284;
0.019508;-0.368536;
0.019512;-0.844303;
0.019516;0.684889;
0.01952;0.587726;
0.019524;-0.905038;
0.019528;-0.248593;
0.019532;0.998059;
0.019536;-0.125459;
0.01954;-0.950886;
0.019544;0.481889;
0.019548;0.770145;
0.019552;-0.770628;
0.019556;-0.481224;
0.01956;0.951121;
0.019564;0.124707;
0.019568;-0.998012;
0.019572;0.248533;
0.019576;0.904716;
0.01958;-0.587676;
0.019584;-0.684337;
0.019588;0.84427;
0.019592;0.367831;
0.019596;-0.982272;
0.0196;0.000342129;
0.019604;0.982297;
0.019608;-0.368468;
0.019612;-0.844342;
0.019616;0.684836;
0.01962;0.587785;
0.019624;-0.905007;
0.019628;-0.248664;
0.019632;0.998055;
0.019636;-0.125386;
0.01964;-0.950909;
0.019644;0.481824;
0.019648;0.770192;
0.019652;-0.770582;
0.019656;-0.481289;
0.01966;0.951098;
0.019664;0.12478;
0.019668;-0.998017;
0.019672;0.249256;
0.019676;0.904747;
0.01968;-0.588279;
0.019684;-0.68439;
0.019688;0.84467;
0.019692;0.3679;
0.019696;-0.982258;
0.0197;0.000268638;
0.019704;0.982311;
0.019708;-0.368399;
0.019712;-0.844382;
0.019716;0.684782;
0.01972;0.587845;
0.019724;-0.904976;
0.019728;-0.248735;
0.019732;0.99805;
0.019736;-0.125313;
0.01974;-0.950932;
0.019744;0.48176;
0.019748;0.770239;
0.019752;-0.770535;
0.019756;-0.481353;
0.01976;0.951075;
0.019764;0.124853;
0.019768;-0.998021;
0.019772;0.249184;
0.019776;0.904778;
0.01978;-0.58822;
0.019784;-0.684444;
0.019788;0.84463;
0.019792;0.367968;
0.019796;-0.982398;
0.0198;0.000195148;
0.019804;0.982171;
0.019808;-0.368331;
0.019812;-0.843982;
0.019816;0.684729;
0.01982;0.587904;
0.019824;-0.904944;
0.019828;-0.248806;
0.019832;0.998046;
0.019836;-0.125241;
0.01984;-0.950955;
0.019844;0.481695;
0.019848;0.770286;
0.019852;-0.770488;
0.019856;-0.481418;
0.01986;0.951053;
0.019864;0.124926;
0.019868;-0.998026;
0.019872;0.249113;
0.019876;0.90481;
0.01988;-0.588161;
0.019884;-0.684498;
0.019888;0.844591;
0.019892;0.368036;
0.019896;-0.982384;
0.0199;0.000121658;
0.019904;0.982185;
0.019908;-0.368263;
0.019912;-0.844021;
0.019916;0.684675;
0.01992;0.587301;
0.019924;-0.904913;
0.019928;-0.248084;
0.019932;0.998041;
0.019936;-0.12598;
0.01994;-0.950977;
0.019944;0.481631;
0.019948;0.770333;
0.019952;-0.770441;
0.019956;-0.481482;
0.01996;0.95103;
0.019964;0.124999;
0.019968;-0.99803;
0.019972;0.249042;
0.019976;0.904841;
0.01998;-0.588101;
0.019984;-0.684551;
0.019988;0.844552;
0.019992;0.368105;
0.019996;-0.98237;
