0;0;
4e-06;1.96457;
8e-06;-0.736249;
1.2e-05;-1.68866;
1.6e-05;1.36909;
2e-05;1.17557;
2.4e-05;-1.80965;
2.8e-05;-0.497379;
3.2e-05;1.99605;
3.6e-05;-0.250668;
4e-05;-1.90211;
4.4e-05;0.963509;
4.8e-05;1.54102;
5.2e-05;-1.54103;
5.6e-05;-0.963506;
6e-05;1.90211;
6.4e-05;0.250665;
6.8e-05;-1.99605;
7.2e-05;0.497384;
7.6e-05;1.80965;
8e-05;-1.17557;
8.4e-05;-1.36909;
8.8e-05;1.68866;
9.2e-05;0.736245;
9.6e-05;-1.96458;
0.0001;2.25665e-07;
0.000104;1.96457;
0.000108;-0.736252;
0.000112;-1.68865;
0.000116;1.3691;
0.00012;1.17557;
0.000124;-1.80965;
0.000128;-0.497377;
0.000132;1.99605;
0.000136;-0.250672;
0.00014;-1.90211;
0.000144;0.963514;
0.000148;1.54102;
0.000152;-1.54103;
0.000156;-0.963508;
0.00016;1.90211;
0.000164;0.250665;
0.000168;-1.99605;
0.000172;0.497384;
0.000176;1.80965;
0.00018;-1.17558;
0.000184;-1.36909;
0.000188;1.68866;
0.000192;0.736239;
0.000196;-1.96457;
0.0002;4.5133e-07;
0.000204;1.96457;
0.000208;-0.736252;
0.000212;-1.68865;
0.000216;1.3691;
0.00022;1.17556;
0.000224;-1.80966;
0.000228;-0.497371;
0.000232;1.99605;
0.000236;-0.250678;
0.00024;-1.90211;
0.000244;0.963509;
0.000248;1.54102;
0.000252;-1.54103;
0.000256;-0.963502;
0.00026;1.90212;
0.000264;0.250658;
0.000268;-1.99605;
0.000272;0.49739;
0.000276;1.80965;
0.00028;-1.17558;
0.000284;-1.36908;
0.000288;1.68866;
0.000292;0.736233;
0.000296;-1.96458;
0.0003;1.98778e-05;
0.000304;1.96458;
0.000308;-0.736246;
0.000312;-1.68866;
0.000316;1.36909;
0.00032;1.17557;
0.000324;-1.80965;
0.000328;-0.497377;
0.000332;1.99605;
0.000336;-0.250672;
0.00034;-1.90211;
0.000344;0.963515;
0.000348;1.54102;
0.000352;-1.54103;
0.000356;-0.963497;
0.00036;1.90212;
0.000364;0.250652;
0.000368;-1.99605;
0.000372;0.497397;
0.000376;1.80965;
0.00038;-1.17559;
0.000384;-1.36908;
0.000388;1.68865;
0.000392;0.736251;
0.000396;-1.96457;
0.0004;9.02661e-07;
0.000404;1.96457;
0.000408;-0.736252;
0.000412;-1.68865;
0.000416;1.3691;
0.00042;1.17556;
0.000424;-1.80966;
0.000428;-0.49737;
0.000432;1.99605;
0.000436;-0.250679;
0.00044;-1.90211;
0.000444;0.963521;
0.000448;1.54102;
0.000452;-1.54104;
0.000456;-0.963491;
0.00046;1.90212;
0.000464;0.250645;
0.000468;-1.99605;
0.000472;0.497403;
0.000476;1.80965;
0.00048;-1.17557;
0.000484;-1.36909;
0.000488;1.68866;
0.000492;0.736221;
0.000496;-1.96458;
0.0005;3.31297e-05;
0.000504;1.96457;
0.000508;-0.736282;
0.000512;-1.68865;
0.000516;1.36908;
0.00052;1.17556;
0.000524;-1.80965;
0.000528;-0.497364;
0.000532;1.99605;
0.000536;-0.250685;
0.00054;-1.90211;
0.000544;0.963526;
0.000548;1.54103;
0.000552;-1.54104;
0.000556;-0.963507;
0.00056;1.90212;
0.000564;0.250664;
0.000568;-1.99605;
0.000572;0.497385;
0.000576;1.80964;
0.00058;-1.17558;
0.000584;-1.36907;
0.000588;1.68866;
0.000592;0.736215;
0.000596;-1.96458;
0.0006;3.97556e-05;
0.000604;1.96457;
0.000608;-0.736241;
0.000612;-1.68865;
0.000616;1.36909;
0.00062;1.17555;
0.000624;-1.80965;
0.000628;-0.497357;
0.000632;1.99605;
0.000636;-0.250692;
0.00064;-1.90211;
0.000644;0.963532;
0.000648;1.54102;
0.000652;-1.54105;
0.000656;-0.963502;
0.00066;1.90212;
0.000664;0.250657;
0.000668;-1.99605;
0.000672;0.497391;
0.000676;1.80964;
0.00068;-1.17558;
0.000684;-1.36906;
0.000688;1.68866;
0.000692;0.736256;
0.000696;-1.96458;
0.0007;-4.82061e-06;
0.000704;1.96457;
0.000708;-0.736247;
0.000712;-1.68864;
0.000716;1.36909;
0.00072;1.17555;
0.000724;-1.80966;
0.000728;-0.497351;
0.000732;1.99605;
0.000736;-0.250699;
0.00074;-1.90211;
0.000744;0.963538;
0.000748;1.54102;
0.000752;-1.54105;
0.000756;-0.963496;
0.00076;1.90213;
0.000764;0.250651;
0.000768;-1.99605;
0.000772;0.497398;
0.000776;1.80966;
0.00078;-1.17559;
0.000784;-1.3691;
0.000788;1.68867;
0.000792;0.73625;
0.000796;-1.96458;
0.0008;1.80532e-06;
0.000804;1.96457;
0.000808;-0.736253;
0.000812;-1.68864;
0.000816;1.3691;
0.00082;1.17554;
0.000824;-1.80966;
0.000828;-0.497344;
0.000832;1.99605;
0.000836;-0.250705;
0.00084;-1.90211;
0.000844;0.963544;
0.000848;1.54102;
0.000852;-1.54105;
0.000856;-0.96349;
0.00086;1.90211;
0.000864;0.250644;
0.000868;-1.99605;
0.000872;0.497404;
0.000876;1.80965;
0.00088;-1.17559;
0.000884;-1.36909;
0.000888;1.68867;
0.000892;0.736244;
0.000896;-1.96458;
0.0009;8.43125e-06;
0.000904;1.96457;
0.000908;-0.736259;
0.000912;-1.68864;
0.000916;1.3691;
0.00092;1.17554;
0.000924;-1.80966;
0.000928;-0.497338;
0.000932;1.99605;
0.000936;-0.250712;
0.00094;-1.90211;
0.000944;0.96355;
0.000948;1.54101;
0.000952;-1.54103;
0.000956;-0.963484;
0.00096;1.90211;
0.000964;0.250638;
0.000968;-1.99605;
0.000972;0.49741;
0.000976;1.80965;
0.00098;-1.1756;
0.000984;-1.36905;
0.000988;1.68865;
0.000992;0.736238;
0.000996;-1.96458;
0.001;6.62593e-05;
0.001004;1.96458;
0.001008;-0.736265;
0.001012;-1.68863;
0.001016;1.36915;
0.00102;1.17557;
0.001024;-1.80966;
0.001028;-0.497332;
0.001032;1.99605;
0.001036;-0.250668;
0.00104;-1.9021;
0.001044;0.963555;
0.001048;1.54104;
0.001052;-1.54103;
0.001056;-0.963478;
0.00106;1.90213;
0.001064;0.250682;
0.001068;-1.99605;
0.001072;0.497417;
0.001076;1.80963;
0.00108;-1.17556;
0.001084;-1.36908;
0.001088;1.68868;
0.001092;0.736184;
0.001096;-1.96457;
0.0011;2.16831e-05;
0.001104;1.96457;
0.001108;-0.736319;
0.001112;-1.68866;
0.001116;1.36911;
0.00112;1.17553;
0.001124;-1.80964;
0.001128;-0.497375;
0.001132;1.99606;
0.001136;-0.250725;
0.00114;-1.90212;
0.001144;0.963516;
0.001148;1.541;
0.001152;-1.54107;
0.001156;-0.963517;
0.00116;1.90212;
0.001164;0.250624;
0.001168;-1.99605;
0.001172;0.497374;
0.001176;1.80965;
0.00118;-1.17561;
0.001184;-1.36904;
0.001188;1.68866;
0.001192;0.736225;
0.001196;-1.96458;
0.0012;7.95112e-05;
0.001204;1.96457;
0.001208;-0.736278;
0.001212;-1.68862;
0.001216;1.36908;
0.00122;1.17556;
0.001224;-1.80967;
0.001228;-0.497319;
0.001232;1.99605;
0.001236;-0.250681;
0.00124;-1.9021;
0.001244;0.963567;
0.001248;1.54103;
0.001252;-1.54104;
0.001256;-0.963467;
0.00126;1.90214;
0.001264;0.250669;
0.001268;-1.99605;
0.001272;0.49743;
0.001276;1.80962;
0.00128;-1.17557;
0.001284;-1.36907;
0.001288;1.68869;
0.001292;0.736267;
0.001296;-1.96458;
0.0013;3.4935e-05;
0.001304;1.96456;
0.001308;-0.736236;
0.001312;-1.68865;
0.001316;1.36912;
0.00132;1.17552;
0.001324;-1.80965;
0.001328;-0.497362;
0.001332;1.99606;
0.001336;-0.250738;
0.00134;-1.90211;
0.001344;0.963528;
0.001348;1.54099;
0.001352;-1.54108;
0.001356;-0.963506;
0.00136;1.90212;
0.001364;0.250611;
0.001368;-1.99605;
0.001372;0.497386;
0.001376;1.80964;
0.00138;-1.17562;
0.001384;-1.3691;
0.001388;1.68866;
0.001392;0.736213;
0.001396;-1.96459;
0.0014;-9.64122e-06;
0.001404;1.96457;
0.001408;-0.73629;
0.001412;-1.68862;
0.001416;1.36909;
0.00142;1.17555;
0.001424;-1.80968;
0.001428;-0.372979;
0.001432;1.49704;
0.001436;-0.18802;
0.00144;-1.42657;
0.001444;0.722684;
0.001448;1.15577;
0.001452;-1.15579;
0.001456;-0.722591;
0.00146;1.4266;
0.001464;0.187992;
0.001468;-1.49704;
0.001472;0.373082;
0.001476;1.35724;
0.00148;-0.881688;
0.001484;-1.0268;
0.001488;1.26652;
0.001492;0.552191;
0.001496;-1.47343;
0.0015;3.61401e-05;
0.001504;1.47342;
0.001508;-0.552187;
0.001512;-1.26648;
0.001516;1.02685;
0.00152;0.881629;
0.001524;-1.35724;
0.001528;-0.373012;
0.001532;1.49704;
0.001536;-0.188063;
0.00154;-1.42658;
0.001544;0.722655;
0.001548;1.15574;
0.001552;-1.15576;
0.001556;-0.722621;
0.00156;1.42659;
0.001564;0.187949;
0.001568;-1.49704;
0.001572;0.373049;
0.001576;1.35723;
0.00158;-0.881723;
0.001584;-1.02682;
0.001588;1.2665;
0.001592;0.55215;
0.001596;-1.47344;
0.0016;2.70798e-06;
0.001604;1.47343;
0.001608;-0.552227;
0.001612;-1.26646;
0.001616;1.02683;
0.00162;0.881656;
0.001624;-1.35726;
0.001628;-0.37297;
0.001632;1.49704;
0.001636;-0.18803;
0.00164;-1.42657;
0.001644;0.722625;
0.001648;1.15576;
0.001652;-1.15579;
0.001656;-0.722583;
0.00166;1.42658;
0.001664;0.187982;
0.001668;-1.49704;
0.001672;0.373092;
0.001676;1.35724;
0.00168;-0.881696;
0.001684;-1.02679;
0.001688;1.26653;
0.001692;0.552181;
0.001696;-1.47344;
0.0017;4.6079e-05;
0.001704;1.47342;
0.001708;-0.552196;
0.001712;-1.26648;
0.001716;1.02686;
0.00172;0.881683;
0.001724;-1.35725;
0.001728;-0.373002;
0.001732;1.49704;
0.001736;-0.187997;
0.00174;-1.42658;
0.001744;0.722663;
0.001748;1.15573;
0.001752;-1.15577;
0.001756;-0.722612;
0.00176;1.4266;
0.001764;0.187939;
0.001768;-1.49704;
0.001772;0.373059;
0.001776;1.35722;
0.00178;-0.881731;
0.001784;-1.02681;
0.001788;1.26651;
0.001792;0.552141;
0.001796;-1.47344;
0.0018;1.26469e-05;
0.001804;1.47342;
0.001808;-0.552236;
0.001812;-1.26649;
0.001816;1.02683;
0.00182;0.881648;
0.001824;-1.35726;
0.001828;-0.373035;
0.001832;1.49704;
0.001836;-0.18804;
0.00184;-1.42657;
0.001844;0.722634;
0.001848;1.15575;
0.001852;-1.1558;
0.001856;-0.722574;
0.00186;1.42659;
0.001864;0.187972;
0.001868;-1.49704;
0.001872;0.373101;
0.001876;1.35724;
0.00188;-0.881704;
0.001884;-1.02678;
0.001888;1.26653;
0.001892;0.552172;
0.001896;-1.47344;
0.0019;5.60179e-05;
0.001904;1.47343;
0.001908;-0.552205;
0.001912;-1.26647;
0.001916;1.02686;
0.00192;0.881675;
0.001924;-1.35725;
0.001928;-0.372993;
0.001932;1.49704;
0.001936;-0.188007;
0.00194;-1.42658;
0.001944;0.722672;
0.001948;1.15573;
0.001952;-1.15578;
0.001956;-0.722603;
0.00196;1.4266;
0.001964;0.187929;
0.001968;-1.49703;
0.001972;0.373143;
0.001976;1.35725;
0.00198;-0.881677;
0.001984;-1.02681;
0.001988;1.26651;
0.001992;0.552132;
0.001996;-1.47345;
0.002;9.9389e-05;
0.002004;1.47344;
0.002008;-0.552174;
0.002012;-1.26649;
0.002016;1.02684;
0.00202;0.88164;
0.002024;-1.35727;
0.002028;-0.372951;
0.002032;1.49705;
0.002036;-0.187974;
0.00204;-1.42659;
0.002044;0.722643;
0.002048;1.15575;
0.002052;-1.1558;
0.002056;-0.722565;
0.00206;1.42661;
0.002064;0.188038;
0.002068;-1.49704;
0.002072;0.373036;
0.002076;1.35723;
0.00208;-0.881712;
0.002084;-1.02678;
0.002088;1.26654;
0.002092;0.552092;
0.002096;-1.47343;
0.0021;-1.08464e-05;
0.002104;1.47343;
0.002108;-0.552214;
0.002112;-1.26647;
0.002116;1.02687;
0.00212;0.881605;
0.002124;-1.35729;
0.002128;-0.373057;
0.002132;1.49704;
0.002136;-0.188017;
0.00214;-1.42657;
0.002144;0.722681;
0.002148;1.15572;
0.002152;-1.15583;
0.002156;-0.722662;
0.00216;1.42658;
0.002164;0.187995;
0.002168;-1.49704;
0.002172;0.373078;
0.002176;1.35721;
0.00218;-0.881747;
0.002184;-1.02674;
0.002188;1.26648;
0.002192;0.552194;
0.002196;-1.47343;
0.0022;3.25247e-05;
0.002204;1.47342;
0.002208;-0.552255;
0.002212;-1.26644;
0.002216;1.0269;
0.00222;0.881694;
0.002224;-1.35724;
0.002228;-0.373015;
0.002232;1.49704;
0.002236;-0.18806;
0.00224;-1.42656;
0.002244;0.722719;
0.002248;1.15579;
0.002252;-1.15576;
0.002256;-0.722624;
0.00226;1.42659;
0.002264;0.187952;
0.002268;-1.49704;
0.002272;0.37312;
0.002276;1.35719;
0.00228;-0.881658;
0.002284;-1.02682;
0.002288;1.2665;
0.002292;0.552154;
0.002296;-1.47344;
0.0023;7.58957e-05;
0.002304;1.47341;
0.002308;-0.552295;
0.002312;-1.2665;
0.002316;1.02682;
0.00232;0.881659;
0.002324;-1.35726;
0.002328;-0.372973;
0.002332;1.49705;
0.002336;-0.188103;
0.00234;-1.42659;
0.002344;0.722622;
0.002348;1.15576;
0.002352;-1.15579;
0.002356;-0.722586;
0.00236;1.42661;
0.002364;0.187909;
0.002368;-1.49703;
0.002372;0.373014;
0.002376;1.35724;
0.00238;-0.881693;
0.002384;-1.02679;
0.002388;1.26652;
0.002392;0.552113;
0.002396;-1.47345;
0.0024;0.000119267;
0.002404;1.47343;
0.002408;-0.552192;
0.002412;-1.26648;
0.002416;1.02685;
0.00242;0.881624;
0.002424;-1.35728;
0.002428;-0.372931;
0.002432;1.49704;
0.002436;-0.187993;
0.00244;-1.42658;
0.002444;0.72266;
0.002448;1.15574;
0.002452;-1.15582;
0.002456;-0.722548;
0.00246;1.42662;
0.002464;0.188019;
0.002468;-1.49704;
0.002472;0.373056;
0.002476;1.35722;
0.00248;-0.881728;
0.002484;-1.02676;
0.002488;1.26655;
0.002492;0.552073;
0.002496;-1.47343;
0.0025;9.03142e-06;
0.002504;1.47343;
0.002508;-0.552233;
0.002512;-1.26645;
0.002516;1.02689;
0.00252;0.881589;
0.002524;-1.35723;
0.002528;-0.373038;
0.002532;1.49704;
0.002536;-0.188036;
0.00254;-1.42657;
0.002544;0.722698;
0.002548;1.15571;
0.002552;-1.15584;
0.002556;-0.722644;
0.00256;1.42659;
0.002564;0.187976;
0.002568;-1.49704;
0.002572;0.373098;
0.002576;1.3572;
0.00258;-0.881763;
0.002584;-1.02684;
0.002588;1.26649;
0.002592;0.552176;
0.002596;-1.47344;
0.0026;5.24025e-05;
0.002604;1.47342;
0.002608;-0.552273;
0.002612;-1.26643;
0.002616;1.02681;
0.00262;0.881678;
0.002624;-1.35725;
0.002628;-0.372996;
0.002632;1.49704;
0.002636;-0.18808;
0.00264;-1.42655;
0.002644;0.722736;
0.002648;1.15578;
0.002652;-1.15577;
0.002656;-0.722606;
0.00266;1.4266;
0.002664;0.187933;
0.002668;-1.49703;
0.002672;0.37314;
0.002676;1.35725;
0.00268;-0.881674;
0.002684;-1.02681;
0.002688;1.26651;
0.002692;0.552135;
0.002696;-1.47345;
0.0027;9.57735e-05;
0.002704;1.47341;
0.002708;-0.552171;
0.002712;-1.26649;
0.002716;1.02684;
0.00272;0.881643;
0.002724;-1.35727;
0.002728;-0.372954;
0.002732;1.49705;
0.002736;-0.188123;
0.00274;-1.42659;
0.002744;0.72264;
0.002748;1.15575;
0.002752;-1.1558;
0.002756;-0.722568;
0.00276;1.42661;
0.002764;0.187889;
0.002768;-1.49704;
0.002772;0.373033;
0.002776;1.35723;
0.00278;-0.881709;
0.002784;-1.02678;
0.002788;1.26653;
0.002792;0.552095;
0.002796;-1.47345;
0.0028;-1.44618e-05;
0.002804;1.47343;
0.002808;-0.552211;
0.002812;-1.26647;
0.002816;1.02687;
0.00282;0.881608;
0.002824;-1.35729;
0.002828;-0.372912;
0.002832;1.49704;
0.002836;-0.188013;
0.00284;-1.42657;
0.002844;0.722678;
0.002848;1.15572;
0.002852;-1.15583;
0.002856;-0.72253;
0.00286;1.42658;
0.002864;0.187999;
0.002868;-1.49704;
0.002872;0.373075;
0.002876;1.35721;
0.00288;-0.881744;
0.002884;-1.02675;
0.002888;1.26656;
0.002892;0.552197;
0.002896;-1.47343;
0.0029;2.89092e-05;
0.002904;1.47342;
0.002908;-0.552251;
0.002912;-1.26644;
0.002916;1.0269;
0.00292;0.881573;
0.002924;-1.35724;
0.002928;-0.373019;
0.002932;1.49704;
0.002936;-0.188056;
0.00294;-1.42656;
0.002944;0.722716;
0.002948;1.1557;
0.002952;-1.15576;
0.002956;-0.722627;
0.00296;1.42659;
0.002964;0.187956;
0.002968;-1.49704;
0.002972;0.373117;
0.002976;1.3572;
0.00298;-0.881779;
0.002984;-1.02683;
0.002988;1.2665;
0.002992;0.552157;
0.002996;-1.47344;
0.003;7.22803e-05;
0.003004;1.47341;
0.003008;-0.552292;
0.003012;-1.2665;
0.003016;1.02682;
0.00302;0.881662;
0.003024;-1.35726;
0.003028;-0.372977;
0.003032;1.49705;
0.003036;-0.188099;
0.00304;-1.42655;
0.003044;0.722619;
0.003048;1.15577;
0.003052;-1.15579;
0.003056;-0.722589;
0.00306;1.42661;
0.003064;0.187913;
0.003068;-1.49703;
0.003072;0.373159;
0.003076;1.35724;
0.00308;-0.88169;
0.003084;-1.0268;
0.003088;1.26652;
0.003092;0.552117;
0.003096;-1.47345;
0.0031;0.000115651;
0.003104;1.47343;
0.003108;-0.552189;
0.003112;-1.26648;
0.003116;1.02685;
0.00312;0.881627;
0.003124;-1.35728;
0.003128;-0.372935;
0.003132;1.49705;
0.003136;-0.18799;
0.00314;-1.42658;
0.003144;0.722657;
0.003148;1.15574;
0.003152;-1.15581;
0.003156;-0.722551;
0.00316;1.42662;
0.003164;0.18787;
0.003168;-1.49704;
0.003172;0.373052;
0.003176;1.35722;
0.00318;-0.881725;
0.003184;-1.02676;
0.003188;1.26654;
0.003192;0.552076;
0.003196;-1.47343;
0.0032;5.41597e-06;
0.003204;1.47343;
0.003208;-0.552229;
0.003212;-1.26646;
0.003216;1.02688;
0.00322;0.881592;
0.003224;-1.35729;
0.003228;-0.373042;
0.003232;1.49704;
0.003236;-0.188033;
0.00324;-1.42657;
0.003244;0.722695;
0.003248;1.15571;
0.003252;-1.15584;
0.003256;-0.722513;
0.00326;1.42658;
0.003264;0.187979;
0.003268;-1.49704;
0.003272;0.373094;
0.003276;1.35721;
0.00328;-0.88176;
0.003284;-1.02673;
0.003288;1.26649;
0.003292;0.552179;
0.003296;-1.47344;
0.0033;4.8787e-05;
0.003304;1.47342;
0.003308;-0.55227;
0.003312;-1.26643;
0.003316;1.02692;
0.00332;0.881681;
0.003324;-1.35725;
0.003328;-0.373;
0.003332;1.49704;
0.003336;-0.188076;
0.00334;-1.42655;
0.003344;0.722733;
0.003348;1.15568;
0.003352;-1.15577;
0.003356;-0.72261;
0.00336;1.4266;
0.003364;0.187936;
0.003368;-1.49703;
0.003372;0.373136;
0.003376;1.35719;
0.00338;-0.881671;
0.003384;-1.02681;
0.003388;1.26651;
0.003392;0.552139;
0.003396;-1.47344;
0.0034;9.21581e-05;
0.003404;1.47341;
0.003408;-0.55231;
0.003412;-1.26649;
0.003416;1.02683;
0.00342;0.881646;
0.003424;-1.35727;
0.003428;-0.372958;
0.003432;1.49705;
0.003436;-0.188119;
0.00344;-1.42659;
0.003444;0.722636;
0.003448;1.15575;
0.003452;-1.1558;
0.003456;-0.722572;
0.00346;1.42661;
0.003464;0.187893;
0.003468;-1.49703;
0.003472;0.373029;
0.003476;1.35723;
0.00348;-0.881706;
0.003484;-1.02678;
0.003488;1.26653;
0.003492;0.552098;
0.003496;-1.47345;
0.0035;0.000135529;
0.003504;1.47343;
0.003508;-0.552208;
0.003512;-1.26647;
0.003516;1.02687;
0.00352;0.881611;
0.003524;-1.35728;
0.003528;-0.372916;
0.003532;1.49704;
0.003536;-0.18801;
0.00354;-1.42658;
0.003544;0.722674;
0.003548;1.15573;
0.003552;-1.15583;
0.003556;-0.722534;
0.00356;1.42663;
0.003564;0.188002;
0.003568;-1.49704;
0.003572;0.373071;
0.003576;1.35722;
0.00358;-0.881741;
0.003584;-1.02675;
0.003588;1.26656;
0.003592;0.552058;
0.003596;-1.47343;
0.0036;2.52938e-05;
0.003604;1.47342;
0.003608;-0.552248;
0.003612;-1.26645;
0.003616;1.0269;
0.00362;0.881576;
0.003624;-1.35724;
0.003628;-0.373022;
0.003632;1.49704;
0.003636;-0.188053;
0.00364;-1.42656;
0.003644;0.722712;
0.003648;1.1557;
0.003652;-1.15586;
0.003656;-0.72263;
0.00366;1.42659;
0.003664;0.187959;
0.003668;-1.49704;
0.003672;0.373113;
0.003676;1.3572;
0.00368;-0.881776;
0.003684;-1.02672;
0.003688;1.2665;
0.003692;0.552161;
0.003696;-1.47344;
0.0037;6.86648e-05;
0.003704;1.47341;
0.003708;-0.552288;
0.003712;-1.26642;
0.003716;1.02682;
0.00372;0.881665;
0.003724;-1.35726;
0.003728;-0.37298;
0.003732;1.49704;
0.003736;-0.188096;
0.00374;-1.42655;
0.003744;0.72275;
0.003748;1.15577;
0.003752;-1.15578;
0.003756;-0.722592;
0.00376;1.4266;
0.003764;0.187916;
0.003768;-1.49703;
0.003772;0.373155;
0.003776;1.35718;
0.00378;-0.881687;
0.003784;-1.0268;
0.003788;1.26652;
0.003792;0.55212;
0.003796;-1.47345;
0.0038;0.000112036;
0.003804;1.47341;
0.003808;-0.552186;
0.003812;-1.26648;
0.003816;1.02685;
0.00382;0.88163;
0.003824;-1.35727;
0.003828;-0.372938;
0.003832;1.49705;
0.003836;-0.188139;
0.00384;-1.42658;
0.003844;0.722654;
0.003848;1.15574;
0.003852;-1.15581;
0.003856;-0.722554;
0.00386;1.42662;
0.003864;0.187873;
0.003868;-1.49703;
0.003872;0.373049;
0.003876;1.35723;
0.00388;-0.881722;
0.003884;-1.02677;
0.003888;1.26654;
0.003892;0.55208;
0.003896;-1.47346;
0.0039;1.80051e-06;
0.003904;1.47343;
0.003908;-0.552226;
0.003912;-1.26646;
0.003916;1.02688;
0.00392;0.881595;
0.003924;-1.35729;
0.003928;-0.372896;
0.003932;1.49705;
0.003936;-0.188182;
0.00394;-1.42652;
0.003944;0.722826;
0.003948;1.15581;
0.003952;-1.15574;
0.003956;-0.722651;
0.00396;1.42658;
0.003964;0.187983;
0.003968;-1.49704;
0.003972;0.373091;
0.003976;1.35721;
0.00398;-0.881757;
0.003984;-1.02673;
0.003988;1.26657;
0.003992;0.55204;
0.003996;-1.47346;
0.004;0.000198778;
0.004004;1.47339;
0.004008;-0.552123;
0.004012;-1.26652;
0.004016;1.0268;
0.00402;0.881684;
0.004024;-1.35725;
0.004028;-0.373003;
0.004032;1.49704;
0.004036;-0.188072;
0.00404;-1.42656;
0.004044;0.72273;
0.004048;1.15568;
0.004052;-1.15587;
0.004056;-0.722478;
0.00406;1.42664;
0.004064;0.187787;
0.004068;-1.49704;
0.004072;0.372984;
0.004076;1.35725;
0.00408;-0.881668;
0.004084;-1.02681;
0.004088;1.26651;
0.004092;0.552142;
0.004096;-1.47344;
0.0041;8.85426e-05;
0.004104;1.47341;
0.004108;-0.552307;
0.004112;-1.26641;
0.004116;1.02694;
0.00412;0.881525;
0.004124;-1.35733;
0.004128;-0.37311;
0.004132;1.49704;
0.004136;-0.187963;
0.00414;-1.42659;
0.004144;0.722633;
0.004148;1.15576;
0.004152;-1.1558;
0.004156;-0.722575;
0.00416;1.42661;
0.004164;0.187897;
0.004168;-1.49703;
0.004172;0.373175;
0.004176;1.35717;
0.00418;-0.881827;
0.004184;-1.02667;
0.004188;1.26661;
0.004192;0.552244;
0.004196;-1.47342;
0.0042;-2.16927e-05;
0.004204;1.47343;
0.004208;-0.552204;
0.004212;-1.26647;
0.004216;1.02686;
0.00422;0.881614;
0.004224;-1.35728;
0.004228;-0.372919;
0.004232;1.49705;
0.004236;-0.188158;
0.00424;-1.42653;
0.004244;0.722806;
0.004248;1.15563;
0.004252;-1.15573;
0.004256;-0.722671;
0.00426;1.42658;
0.004264;0.188006;
0.004268;-1.49704;
0.004272;0.373068;
0.004276;1.35722;
0.00428;-0.881738;
0.004284;-1.02675;
0.004288;1.26655;
0.004292;0.552061;
0.004296;-1.47346;
0.0043;0.000175285;
0.004304;1.47339;
0.004308;-0.552387;
0.004312;-1.26653;
0.004316;1.02678;
0.00432;0.881703;
0.004324;-1.35724;
0.004328;-0.373026;
0.004332;1.49704;
0.004336;-0.188049;
0.00434;-1.42656;
0.004344;0.722709;
0.004348;1.1557;
0.004352;-1.15585;
0.004356;-0.722499;
0.00436;1.42664;
0.004364;0.187811;
0.004368;-1.49703;
0.004372;0.373259;
0.004376;1.35726;
0.00438;-0.881649;
0.004384;-1.02683;
0.004388;1.26649;
0.004392;0.552164;
0.004396;-1.47344;
0.0044;6.50494e-05;
0.004404;1.47341;
0.004408;-0.552285;
0.004412;-1.26642;
0.004416;1.02693;
0.00442;0.881544;
0.004424;-1.35732;
0.004428;-0.372835;
0.004432;1.49705;
0.004436;-0.18794;
0.00444;-1.4266;
0.004444;0.722613;
0.004448;1.15577;
0.004452;-1.15578;
0.004456;-0.722595;
0.00446;1.4266;
0.004464;0.18792;
0.004468;-1.49703;
0.004472;0.373152;
0.004476;1.35718;
0.00448;-0.881808;
0.004484;-1.02669;
0.004488;1.2666;
0.004492;0.551981;
0.004496;-1.47342;
0.0045;-4.5186e-05;
0.004504;1.47344;
0.004508;-0.552182;
0.004512;-1.26648;
0.004516;1.02685;
0.00452;0.881633;
0.004524;-1.35727;
0.004528;-0.372942;
0.004532;1.49705;
0.004536;-0.188135;
0.00454;-1.42654;
0.004544;0.722785;
0.004548;1.15564;
0.004552;-1.15591;
0.004556;-0.722423;
0.00456;1.42657;
0.004564;0.188029;
0.004568;-1.49704;
0.004572;0.373045;
0.004576;1.35723;
0.00458;-0.881719;
0.004584;-1.02677;
0.004588;1.26654;
0.004592;0.552083;
0.004596;-1.47346;
0.0046;0.000151791;
0.004604;1.4734;
0.004608;-0.552365;
0.004612;-1.26638;
0.004616;1.02699;
0.00462;0.881722;
0.004624;-1.35723;
0.004628;-0.373049;
0.004632;1.49704;
0.004636;-0.188026;
0.00464;-1.42657;
0.004644;0.722689;
0.004648;1.15571;
0.004652;-1.15584;
0.004656;-0.722519;
0.00466;1.42663;
0.004664;0.187834;
0.004668;-1.49703;
0.004672;0.373236;
0.004676;1.35714;
0.00468;-0.88163;
0.004684;-1.02685;
0.004688;1.26648;
0.004692;0.552186;
0.004696;-1.47343;
0.0047;4.15561e-05;
0.004704;1.47342;
0.004708;-0.552263;
0.004712;-1.26644;
0.004716;1.02691;
0.00472;0.881563;
0.004724;-1.35731;
0.004728;-0.372858;
0.004732;1.49705;
0.004736;-0.188221;
0.00474;-1.4266;
0.004744;0.722592;
0.004748;1.15578;
0.004752;-1.15577;
0.004756;-0.722616;
0.00476;1.4266;
0.004764;0.187943;
0.004768;-1.49704;
0.004772;0.373129;
0.004776;1.35719;
0.00478;-0.881789;
0.004784;-1.02671;
0.004788;1.26659;
0.004792;0.552003;
0.004796;-1.47347;
0.0048;0.000238534;
0.004804;1.47344;
0.004808;-0.552161;
0.004812;-1.2665;
0.004816;1.02683;
0.00482;0.881652;
0.004824;-1.35726;
0.004828;-0.372965;
0.004832;1.49705;
0.004836;-0.188112;
0.00484;-1.42654;
0.004844;0.722765;
0.004848;1.15566;
0.004852;-1.15589;
0.004856;-0.722443;
0.00486;1.42666;
0.004864;0.188053;
0.004868;-1.49704;
0.004872;0.373022;
0.004876;1.35724;
0.00488;-0.8817;
0.004884;-1.02679;
0.004888;1.26653;
0.004892;0.552105;
0.004896;-1.47345;
0.0049;0.000128298;
0.004904;1.4734;
0.004908;-0.552344;
0.004912;-1.26639;
0.004916;1.02697;
0.00492;0.881492;
0.004924;-1.35722;
0.004928;-0.373071;
0.004932;1.49704;
0.004936;-0.188002;
0.00494;-1.42658;
0.004944;0.722668;
0.004948;1.15573;
0.004952;-1.15582;
0.004956;-0.72254;
0.00496;1.42662;
0.004964;0.187857;
0.004968;-1.49703;
0.004972;0.373213;
0.004976;1.35715;
0.00498;-0.881859;
0.004984;-1.02664;
0.004988;1.26647;
0.004992;0.552208;
0.004996;-1.47343;
0.005;1.80628e-05;
0.005004;1.47342;
0.005008;-0.552241;
0.005012;-1.26645;
0.005016;1.02689;
0.00502;0.881582;
0.005024;-1.3573;
0.005028;-0.372881;
0.005032;1.49705;
0.005036;-0.188198;
0.00504;-1.42652;
0.005044;0.722841;
0.005048;1.1558;
0.005052;-1.15575;
0.005056;-0.722636;
0.00506;1.42659;
0.005064;0.187967;
0.005068;-1.49704;
0.005072;0.373106;
0.005076;1.3572;
0.00508;-0.88177;
0.005084;-1.02672;
0.005088;1.26657;
0.005092;0.552024;
0.005096;-1.47347;
0.0051;0.00021504;
0.005104;1.47339;
0.005108;-0.552139;
0.005112;-1.26651;
0.005116;1.02681;
0.00512;0.881671;
0.005124;-1.35725;
0.005128;-0.372987;
0.005132;1.49704;
0.005136;-0.188088;
0.00514;-1.42655;
0.005144;0.722744;
0.005148;1.15567;
0.005152;-1.15588;
0.005156;-0.722464;
0.00516;1.42665;
0.005164;0.187771;
0.005168;-1.49704;
0.005172;0.373;
0.005176;1.35725;
0.00518;-0.881681;
0.005184;-1.0268;
0.005188;1.26652;
0.005192;0.552127;
0.005196;-1.47345;
0.0052;0.000104805;
0.005204;1.47341;
0.005208;-0.552322;
0.005212;-1.2664;
0.005216;1.02696;
0.00522;0.881512;
0.005224;-1.35734;
0.005228;-0.372797;
0.005232;1.49704;
0.005236;-0.187979;
0.00524;-1.42658;
0.005244;0.722648;
0.005248;1.15574;
0.005252;-1.15581;
0.005256;-0.72256;
0.00526;1.42662;
0.005264;0.187881;
0.005268;-1.49703;
0.005272;0.37319;
0.005276;1.35716;
0.00528;-0.88184;
0.005284;-1.02666;
0.005288;1.26662;
0.005292;0.552229;
0.005296;-1.47343;
0.0053;-5.43041e-06;
0.005304;1.47343;
0.005308;-0.552219;
0.005312;-1.26646;
0.005316;1.02688;
0.00532;0.881601;
0.005324;-1.35729;
0.005328;-0.372903;
0.005332;1.49705;
0.005336;-0.188175;
0.00534;-1.42652;
0.005344;0.72282;
0.005348;1.15562;
0.005352;-1.15574;
0.005356;-0.722657;
0.00536;1.42658;
0.005364;0.18799;
0.005368;-1.49704;
0.005372;0.373084;
0.005376;1.35721;
0.00538;-0.881751;
0.005384;-1.02674;
0.005388;1.26656;
0.005392;0.552046;
0.005396;-1.47346;
0.0054;0.000191547;
0.005404;1.47339;
0.005408;-0.552402;
0.005412;-1.26636;
0.005416;1.0268;
0.00542;0.88169;
0.005424;-1.35724;
0.005428;-0.37301;
0.005432;1.49704;
0.005436;-0.188065;
0.00544;-1.42656;
0.005444;0.722724;
0.005448;1.15569;
0.005452;-1.15586;
0.005456;-0.722484;
0.00546;1.42664;
0.005464;0.187794;
0.005468;-1.49703;
0.005472;0.373274;
0.005476;1.35726;
0.00548;-0.881662;
0.005484;-1.02682;
0.005488;1.2665;
0.005492;0.552149;
0.005496;-1.47344;
0.0055;8.13117e-05;
0.005504;1.47341;
0.005508;-0.5523;
0.005512;-1.26642;
0.005516;1.02694;
0.00552;0.881531;
0.005524;-1.35733;
0.005528;-0.372819;
0.005532;1.49706;
0.005536;-0.187956;
0.00554;-1.42659;
0.005544;0.722627;
0.005548;1.15576;
0.005552;-1.15579;
0.005556;-0.722581;
0.00556;1.42661;
0.005564;0.187904;
0.005568;-1.49703;
0.005572;0.373168;
0.005576;1.35717;
0.00558;-0.881821;
0.005584;-1.02668;
0.005588;1.26661;
0.005592;0.551966;
0.005596;-1.47342;
0.0056;-2.89237e-05;
0.005604;1.47343;
0.005608;-0.552197;
0.005612;-1.26647;
0.005616;1.02686;
0.00562;0.88162;
0.005624;-1.35728;
0.005628;-0.372926;
0.005632;1.49705;
0.005636;-0.188151;
0.00564;-1.42653;
0.005644;0.7228;
0.005648;1.15563;
0.005652;-1.15592;
0.005656;-0.722408;
0.00566;1.42657;
0.005664;0.188013;
0.005668;-1.49704;
0.005672;0.373061;
0.005676;1.35722;
0.00568;-0.881732;
0.005684;-1.02676;
0.005688;1.26655;
0.005692;0.552068;
0.005696;-1.47346;
0.0057;0.000168054;
0.005704;1.4734;
0.005708;-0.552381;
0.005712;-1.26637;
0.005716;1.027;
0.00572;0.881709;
0.005724;-1.35723;
0.005728;-0.373033;
0.005732;1.49704;
0.005736;-0.188042;
0.00574;-1.42657;
0.005744;0.722703;
0.005748;1.1557;
0.005752;-1.15585;
0.005756;-0.722505;
0.00576;1.42664;
0.005764;0.187818;
0.005768;-1.49703;
0.005772;0.373252;
0.005776;1.35714;
0.00578;-0.881643;
0.005784;-1.02684;
0.005788;1.26649;
0.005792;0.552171;
0.005796;-1.47344;
0.0058;5.78184e-05;
0.005804;1.47342;
0.005808;-0.552278;
0.005812;-1.26643;
0.005816;1.02692;
0.00582;0.88155;
0.005824;-1.35732;
0.005828;-0.372842;
0.005832;1.49705;
0.005836;-0.188237;
0.00584;-1.4265;
0.005844;0.722606;
0.005848;1.15577;
0.005852;-1.15578;
0.005856;-0.722602;
0.00586;1.4266;
0.005864;0.187927;
0.005868;-1.49703;
0.005872;0.373145;
0.005876;1.35718;
0.00588;-0.881802;
0.005884;-1.02669;
0.005888;1.2666;
0.005892;0.551987;
0.005896;-1.47347;
0.0059;0.000254796;
0.005904;1.47344;
0.005908;-0.552176;
0.005912;-1.26649;
0.005916;1.02684;
0.00592;0.881639;
0.005924;-1.35727;
0.005928;-0.372949;
0.005932;1.49705;
0.005936;-0.188128;
0.00594;-1.42654;
0.005944;0.722779;
0.005948;1.15565;
0.005952;-1.1559;
0.005956;-0.722429;
0.00596;1.42666;
0.005964;0.188037;
0.005968;-1.49704;
0.005972;0.373038;
0.005976;1.35723;
0.00598;-0.881713;
0.005984;-1.02677;
0.005988;1.26654;
0.005992;0.55209;
0.005996;-1.47345;
0.006;0.000144561;
0.006004;1.4734;
0.006008;-0.552359;
0.006012;-1.26638;
0.006016;1.02698;
0.00602;0.881479;
0.006024;-1.35722;
0.006028;-0.373056;
0.006032;1.49704;
0.006036;-0.188019;
0.00604;-1.42657;
0.006044;0.722682;
0.006048;1.15572;
0.006052;-1.15583;
0.006056;-0.722526;
0.00606;1.42663;
0.006064;0.187841;
0.006068;-1.49703;
0.006072;0.373229;
0.006076;1.35715;
0.00608;-0.881873;
0.006084;-1.02663;
0.006088;1.26648;
0.006092;0.552192;
0.006096;-1.47343;
0.0061;3.43252e-05;
0.006104;1.47342;
0.006108;-0.552256;
0.006112;-1.26644;
0.006116;1.0269;
0.00612;0.881569;
0.006124;-1.35731;
0.006128;-0.372865;
0.006132;1.49705;
0.006136;-0.188214;
0.00614;-1.42651;
0.006144;0.722855;
0.006148;1.15579;
0.006152;-1.15576;
0.006156;-0.722622;
0.00616;1.42659;
0.006164;0.18795;
0.006168;-1.49704;
0.006172;0.373122;
0.006176;1.35719;
0.00618;-0.881783;
0.006184;-1.02671;
0.006188;1.26658;
0.006192;0.552009;
0.006196;-1.47347;
0.0062;0.000231303;
0.006204;1.47338;
0.006208;-0.552154;
0.006212;-1.2665;
0.006216;1.02682;
0.00622;0.881658;
0.006224;-1.35726;
0.006228;-0.372972;
0.006232;1.49705;
0.006236;-0.188105;
0.00624;-1.42655;
0.006244;0.722758;
0.006248;1.15566;
0.006252;-1.15589;
0.006256;-0.72245;
0.00626;1.42665;
0.006264;0.187755;
0.006268;-1.49702;
0.006272;0.373015;
0.006276;1.35724;
0.00628;-0.881694;
0.006284;-1.02679;
0.006288;1.26652;
0.006292;0.552112;
0.006296;-1.47345;
0.0063;0.000121067;
0.006304;1.4734;
0.006308;-0.552337;
0.006312;-1.26639;
0.006316;1.02697;
0.00632;0.881498;
0.006324;-1.35734;
0.006328;-0.372781;
0.006332;1.49704;
0.006336;-0.187995;
0.00634;-1.42658;
0.006344;0.722662;
0.006348;1.15573;
0.006352;-1.15582;
0.006356;-0.722546;
0.00636;1.42662;
0.006364;0.187864;
0.006368;-1.49703;
0.006372;0.373206;
0.006376;1.35716;
0.00638;-0.881854;
0.006384;-1.02665;
0.006388;1.26663;
0.006392;0.552214;
0.006396;-1.47343;
0.0064;1.08319e-05;
0.006404;1.47343;
0.006408;-0.552234;
0.006412;-1.26645;
0.006416;1.02689;
0.00642;0.881588;
0.006424;-1.3573;
0.006428;-0.372888;
0.006432;1.49705;
0.006436;-0.188191;
0.00644;-1.42652;
0.006444;0.722834;
0.006448;1.15561;
0.006452;-1.15575;
0.006456;-0.722643;
0.00646;1.42659;
0.006464;0.187974;
0.006468;-1.49704;
0.006472;0.373099;
0.006476;1.3572;
0.00648;-0.881764;
0.006484;-1.02673;
0.006488;1.26657;
0.006492;0.552031;
0.006496;-1.47347;
0.0065;0.000207809;
0.006504;1.47339;
0.006508;-0.552418;
0.006512;-1.26635;
0.006516;1.02681;
0.00652;0.881677;
0.006524;-1.35725;
0.006528;-0.372994;
0.006532;1.49704;
0.006536;-0.188081;
0.00654;-1.42655;
0.006544;0.722738;
0.006548;1.15568;
0.006552;-1.15587;
0.006556;-0.72247;
0.00656;1.42665;
0.006564;0.187778;
0.006568;-1.49702;
0.006572;0.37329;
0.006576;1.35725;
0.00658;-0.881675;
0.006584;-1.02681;
0.006588;1.26651;
0.006592;0.552134;
0.006596;-1.47345;
0.0066;9.7574e-05;
0.006604;1.47341;
0.006608;-0.552315;
0.006612;-1.26641;
0.006616;1.02695;
0.00662;0.881517;
0.006624;-1.35733;
0.006628;-0.372804;
0.006632;1.49706;
0.006636;-0.187972;
0.00664;-1.42659;
0.006644;0.722641;
0.006648;1.15575;
0.006652;-1.1558;
0.006656;-0.722567;
0.00666;1.42661;
0.006664;0.187888;
0.006668;-1.49703;
0.006672;0.373183;
0.006676;1.35717;
0.00668;-0.881835;
0.006684;-1.02666;
0.006688;1.26662;
0.006692;0.55195;
0.006696;-1.47348;
0.0067;-1.26613e-05;
0.006704;1.47343;
0.006708;-0.552213;
0.006712;-1.26647;
0.006716;1.02687;
0.00672;0.881607;
0.006724;-1.35729;
0.006728;-0.37291;
0.006732;1.49705;
0.006736;-0.188167;
0.00674;-1.42653;
0.006744;0.722814;
0.006748;1.15562;
0.006752;-1.15593;
0.006756;-0.722394;
0.00676;1.42658;
0.006764;0.187997;
0.006768;-1.49704;
0.006772;0.373077;
0.006776;1.35721;
0.00678;-0.881745;
0.006784;-1.02675;
0.006788;1.26656;
0.006792;0.552053;
0.006796;-1.47346;
0.0068;0.000184316;
0.006804;1.47339;
0.006808;-0.552396;
0.006812;-1.26636;
0.006816;1.02701;
0.00682;0.881696;
0.006824;-1.35724;
0.006828;-0.373017;
0.006832;1.49704;
0.006836;-0.188058;
0.00684;-1.42656;
0.006844;0.722717;
0.006848;1.15569;
0.006852;-1.15586;
0.006856;-0.722491;
0.00686;1.42664;
0.006864;0.187802;
0.006868;-1.49703;
0.006872;0.373267;
0.006876;1.35713;
0.00688;-0.881656;
0.006884;-1.02683;
0.006888;1.2665;
0.006892;0.552155;
0.006896;-1.47344;
0.0069;7.40808e-05;
0.006904;1.47341;
0.006908;-0.552293;
0.006912;-1.26642;
0.006916;1.02693;
0.00692;0.881536;
0.006924;-1.35732;
0.006928;-0.372826;
0.006932;1.49705;
0.006936;-0.188253;
0.00694;-1.4265;
0.006944;0.722621;
0.006948;1.15576;
0.006952;-1.15579;
0.006956;-0.722587;
0.00696;1.42661;
0.006964;0.187911;
0.006968;-1.49703;
0.006972;0.373161;
0.006976;1.35718;
0.00698;-0.881816;
0.006984;-1.02668;
0.006988;1.2666;
0.006992;0.551972;
0.006996;-1.47348;
0.007;0.000271058;
0.007004;1.47343;
0.007008;-0.552191;
0.007012;-1.26648;
0.007016;1.02685;
0.00702;0.881626;
0.007024;-1.35728;
0.007028;-0.372933;
0.007032;1.49705;
0.007036;-0.188144;
0.00704;-1.42653;
0.007044;0.722793;
0.007048;1.15564;
0.007052;-1.15591;
0.007056;-0.722415;
0.00706;1.42667;
0.007064;0.18802;
0.007068;-1.49704;
0.007072;0.373054;
0.007076;1.35722;
0.00708;-0.881726;
0.007084;-1.02676;
0.007088;1.26655;
0.007092;0.552075;
0.007096;-1.47346;
0.0071;0.000160823;
0.007104;1.4734;
0.007108;-0.552374;
0.007112;-1.26637;
0.007116;1.027;
0.00712;0.881466;
0.007124;-1.35736;
0.007128;-0.37304;
0.007132;1.49704;
0.007136;-0.188035;
0.00714;-1.42657;
0.007144;0.722697;
0.007148;1.15571;
0.007152;-1.15584;
0.007156;-0.722511;
0.00716;1.42663;
0.007164;0.187825;
0.007168;-1.49703;
0.007172;0.373245;
0.007176;1.35714;
0.00718;-0.881886;
0.007184;-1.02662;
0.007188;1.26649;
0.007192;0.552177;
0.007196;-1.47344;
0.0072;5.05875e-05;
0.007204;1.47342;
0.007208;-0.552271;
0.007212;-1.26643;
0.007216;1.02692;
0.00722;0.881555;
0.007224;-1.35731;
0.007228;-0.372849;
0.007232;1.49705;
0.007236;-0.18823;
0.00724;-1.42651;
0.007244;0.722869;
0.007248;1.15578;
0.007252;-1.15577;
0.007256;-0.722608;
0.00726;1.4266;
0.007264;0.187934;
0.007268;-1.49703;
0.007272;0.373138;
0.007276;1.35719;
0.00728;-0.881797;
0.007284;-1.0267;
0.007288;1.26659;
0.007292;0.551994;
0.007296;-1.47347;
0.0073;0.000247565;
0.007304;1.47338;
0.007308;-0.552169;
0.007312;-1.26649;
0.007316;1.02684;
0.00732;0.881645;
0.007324;-1.35727;
0.007328;-0.372956;
0.007332;1.49705;
0.007336;-0.188121;
0.00734;-1.42654;
0.007344;0.722773;
0.007348;1.15565;
0.007352;-1.1559;
0.007356;-0.722435;
0.00736;1.42666;
0.007364;0.187739;
0.007368;-1.49702;
0.007372;0.373031;
0.007376;1.35723;
0.00738;-0.881707;
0.007384;-1.02678;
0.007388;1.26653;
0.007392;0.552097;
0.007396;-1.47345;
0.0074;0.00013733;
0.007404;1.4734;
0.007408;-0.552352;
0.007412;-1.26639;
0.007416;1.02698;
0.00742;0.881485;
0.007424;-1.35735;
0.007428;-0.372765;
0.007432;1.49704;
0.007436;-0.188011;
0.00744;-1.42657;
0.007444;0.722676;
0.007448;1.15572;
0.007452;-1.15583;
0.007456;-0.722532;
0.00746;1.42663;
0.007464;0.187848;
0.007468;-1.49703;
0.007472;0.373222;
0.007476;1.35715;
0.00748;-0.881867;
0.007484;-1.02664;
0.007488;1.26664;
0.007492;0.552199;
0.007496;-1.47343;
0.0075;2.70943e-05;
0.007504;1.47342;
0.007508;-0.55225;
0.007512;-1.26644;
0.007516;1.0269;
0.00752;0.881574;
0.007524;-1.3573;
0.007528;-0.372872;
0.007532;1.49705;
0.007536;-0.188207;
0.00754;-1.42651;
0.007544;0.722849;
0.007548;1.1556;
0.007552;-1.15595;
0.007556;-0.722629;
0.00756;1.42659;
0.007564;0.187958;
0.007568;-1.49704;
0.007572;0.373115;
0.007576;1.3572;
0.00758;-0.881778;
0.007584;-1.02672;
0.007588;1.26658;
0.007592;0.552016;
0.007596;-1.47347;
0.0076;0.000224072;
0.007604;1.47339;
0.007608;-0.552433;
0.007612;-1.26634;
0.007616;1.02682;
0.00762;0.881664;
0.007624;-1.35726;
0.007628;-0.372979;
0.007632;1.49705;
0.007636;-0.188097;
0.00764;-1.42655;
0.007644;0.722752;
0.007648;1.15567;
0.007652;-1.15588;
0.007656;-0.722456;
0.00766;1.42665;
0.007664;0.187762;
0.007668;-1.49702;
0.007672;0.373306;
0.007676;1.35724;
0.00768;-0.881688;
0.007684;-1.0268;
0.007688;1.26652;
0.007692;0.552118;
0.007696;-1.47345;
0.0077;0.000113836;
0.007704;1.47341;
0.007708;-0.55233;
0.007712;-1.2664;
0.007716;1.02696;
0.00772;0.881504;
0.007724;-1.35734;
0.007728;-0.372788;
0.007732;1.49706;
0.007736;-0.188293;
0.00774;-1.42658;
0.007744;0.722655;
0.007748;1.15574;
0.007752;-1.15581;
0.007756;-0.722553;
0.00776;1.42662;
0.007764;0.187872;
0.007768;-1.49703;
0.007772;0.373199;
0.007776;1.35716;
0.00778;-0.881848;
0.007784;-1.02665;
0.007788;1.26663;
0.007792;0.551935;
0.007796;-1.47349;
0.0078;3.60102e-06;
0.007804;1.47343;
0.007808;-0.552228;
0.007812;-1.26646;
0.007816;1.02688;
0.00782;0.881593;
0.007824;-1.35729;
0.007828;-0.372895;
0.007832;1.49705;
0.007836;-0.188184;
0.00784;-1.42652;
0.007844;0.722828;
0.007848;1.15561;
0.007852;-1.15594;
0.007856;-0.72238;
0.00786;1.42668;
0.007864;0.187676;
0.007868;-1.49702;
0.007872;0.37339;
0.007876;1.35708;
0.00788;-0.882007;
0.007884;-1.02651;
0.007888;1.26673;
0.007892;0.552323;
0.007896;-1.47341;
0.0079;-0.000106634;
0.007904;1.47345;
0.007908;-0.552125;
0.007912;-1.26652;
0.007916;1.0268;
0.00792;0.881683;
0.007924;-1.35725;
0.007928;-0.373001;
0.007932;1.49704;
0.007936;-0.188074;
0.00794;-1.42656;
0.007944;0.722731;
0.007948;1.15568;
0.007952;-1.15587;
0.007956;-0.722477;
0.00796;1.42665;
0.007964;0.187786;
0.007968;-1.49703;
0.007972;0.373283;
0.007976;1.35712;
0.00798;-0.881918;
0.007984;-1.02659;
0.007988;1.26667;
0.007992;0.551855;
0.007996;-1.4735;
0.008;0.000397556;
0.008004;1.47335;
0.008008;-0.552594;
0.008012;-1.26658;
0.008016;1.02672;
0.00802;0.881772;
0.008024;-1.3572;
0.008028;-0.373108;
0.008032;1.49704;
0.008036;-0.187965;
0.00804;-1.42659;
0.008044;0.722635;
0.008048;1.15575;
0.008052;-1.1558;
0.008056;-0.722573;
0.00806;1.42661;
0.008064;0.187895;
0.008068;-1.49703;
0.008072;0.373176;
0.008076;1.35717;
0.00808;-0.881829;
0.008084;-1.02667;
0.008088;1.26661;
0.008092;0.551957;
0.008096;-1.47348;
0.0081;0.000287321;
0.008104;1.47337;
0.008108;-0.552491;
0.008112;-1.26631;
0.008116;1.02709;
0.00812;0.881364;
0.008124;-1.35741;
0.008128;-0.37262;
0.008132;1.49707;
0.008136;-0.187855;
0.00814;-1.42662;
0.008144;0.722538;
0.008148;1.15582;
0.008152;-1.15573;
0.008156;-0.72267;
0.00816;1.42658;
0.008164;0.188004;
0.008168;-1.49704;
0.008172;0.37307;
0.008176;1.35722;
0.00818;-0.88174;
0.008184;-1.02675;
0.008188;1.26655;
0.008192;0.55206;
0.008196;-1.47346;
0.0082;0.000177085;
0.008204;1.47339;
0.008208;-0.552389;
0.008212;-1.26636;
0.008216;1.02701;
0.00822;0.881453;
0.008224;-1.35737;
0.008228;-0.372727;
0.008232;1.49706;
0.008236;-0.188356;
0.00824;-1.42647;
0.008244;0.72298;
0.008248;1.1555;
0.008252;-1.15605;
0.008256;-0.722766;
0.00826;1.42654;
0.008264;0.188114;
0.008268;-1.49705;
0.008272;0.372963;
0.008276;1.35726;
0.00828;-0.88165;
0.008284;-1.02683;
0.008288;1.2665;
0.008292;0.552162;
0.008296;-1.47344;
0.0083;6.68499e-05;
0.008304;1.47341;
0.008308;-0.552287;
0.008312;-1.26642;
0.008316;1.02693;
0.00832;0.881542;
0.008324;-1.35732;
0.008328;-0.372833;
0.008332;1.49705;
0.008336;-0.188246;
0.00834;-1.4265;
0.008344;0.722883;
0.008348;1.15557;
0.008352;-1.15598;
0.008356;-0.722324;
0.00836;1.4267;
0.008364;0.187613;
0.008368;-1.49701;
0.008372;0.373451;
0.008376;1.35705;
0.00838;-0.881561;
0.008384;-1.02691;
0.008388;1.26644;
0.008392;0.552265;
0.008396;-1.47342;
0.0084;-4.33855e-05;
0.008404;1.47344;
0.008408;-0.552184;
0.008412;-1.26648;
0.008416;1.02685;
0.00842;0.881631;
0.008424;-1.35727;
0.008428;-0.37294;
0.008432;1.49705;
0.008436;-0.188137;
0.00844;-1.42654;
0.008444;0.722787;
0.008448;1.15564;
0.008452;-1.15591;
0.008456;-0.722421;
0.00846;1.42666;
0.008464;0.187723;
0.008468;-1.49702;
0.008472;0.373344;
0.008476;1.3571;
0.00848;-0.881969;
0.008484;-1.02654;
0.008488;1.26671;
0.008492;0.551796;
0.008496;-1.47351;
0.0085;0.000460805;
0.008504;1.47346;
0.008508;-0.552082;
0.008512;-1.26654;
0.008516;1.02677;
0.00852;0.881721;
0.008524;-1.35723;
0.008528;-0.373047;
0.008532;1.49704;
0.008536;-0.188028;
0.00854;-1.42657;
0.008544;0.72269;
0.008548;1.15571;
0.008552;-1.15584;
0.008556;-0.722518;
0.00856;1.42663;
0.008564;0.187832;
0.008568;-1.49703;
0.008572;0.373238;
0.008576;1.35714;
0.00858;-0.88188;
0.008584;-1.02662;
0.008588;1.68886;
0.008592;0.735865;
0.008596;-1.96466;
0.0086;0.000467426;
0.008604;1.96448;
0.008608;-0.736734;
0.008612;-1.68836;
0.008616;1.36951;
0.00862;1.17508;
0.008624;-1.80957;
0.008628;-0.497538;
0.008632;1.99604;
0.008636;-0.250558;
0.00864;-1.90214;
0.008644;0.963458;
0.008648;1.54105;
0.008652;-1.54103;
0.008656;-0.963486;
0.00866;1.90213;
0.008664;0.250589;
0.008668;-1.99605;
0.008672;0.497508;
0.008676;1.80959;
0.00868;-1.17572;
0.008684;-1.36894;
0.008688;1.68878;
0.008692;0.736001;
0.008696;-1.96463;
0.0087;0.000320445;
0.008704;1.96451;
0.008708;-0.736597;
0.008712;-1.68844;
0.008716;1.36941;
0.00872;1.1752;
0.008724;-1.80986;
0.008728;-0.496887;
0.008732;1.99609;
0.008736;-0.251224;
0.00874;-1.90193;
0.008744;0.964047;
0.008748;1.54114;
0.008752;-1.54093;
0.008756;-0.963615;
0.00876;1.90208;
0.008764;0.250734;
0.008768;-1.99606;
0.008772;0.497365;
0.008776;1.80965;
0.00878;-1.1756;
0.008784;-1.36905;
0.008788;1.68871;
0.008792;0.736138;
0.008796;-1.9646;
0.0088;0.000173465;
0.008804;1.96454;
0.008808;-0.73646;
0.008812;-1.68852;
0.008816;1.3693;
0.00882;1.17532;
0.008824;-1.8098;
0.008828;-0.497029;
0.008832;1.99608;
0.008836;-0.251079;
0.00884;-1.90198;
0.008844;0.963919;
0.008848;1.54071;
0.008852;-1.54136;
0.008856;-0.963025;
0.00886;1.90229;
0.008864;0.250068;
0.008868;-1.99607;
0.008872;0.497223;
0.008876;1.80971;
0.00888;-1.17548;
0.008884;-1.36915;
0.008888;1.68863;
0.008892;0.736274;
0.008896;-1.96457;
0.0089;2.64845e-05;
0.008904;1.96456;
0.008908;-0.736324;
0.008912;-1.6886;
0.008916;1.36919;
0.00892;1.17544;
0.008924;-1.80973;
0.008928;-0.497172;
0.008932;1.99607;
0.008936;-0.250933;
0.00894;-1.90202;
0.008944;0.96379;
0.008948;1.5408;
0.008952;-1.54127;
0.008956;-0.963154;
0.00896;1.90225;
0.008964;0.250213;
0.008968;-1.99602;
0.008972;0.497874;
0.008976;1.80943;
0.00898;-1.17603;
0.008984;-1.36866;
0.008988;1.68899;
0.008992;0.736411;
0.008996;-1.96455;
0.009;-0.000120496;
0.009004;1.96459;
0.009008;-0.736187;
0.009012;-1.68868;
0.009016;1.36908;
0.00902;1.17556;
0.009024;-1.80967;
0.009028;-0.497314;
0.009032;1.99606;
0.009036;-0.250787;
0.00904;-1.90207;
0.009044;0.963661;
0.009048;1.5409;
0.009052;-1.54117;
0.009056;-0.963283;
0.00906;1.9022;
0.009064;0.250359;
0.009068;-1.99603;
0.009072;0.497732;
0.009076;1.80949;
0.00908;-1.17591;
0.009084;-1.36877;
0.009088;1.68891;
0.009092;0.735786;
0.009096;-1.96467;
0.0091;0.000551758;
0.009104;1.96447;
0.009108;-0.736812;
0.009112;-1.68832;
0.009116;1.36898;
0.00912;1.17568;
0.009124;-1.80961;
0.009128;-0.497457;
0.009132;1.99605;
0.009136;-0.250641;
0.00914;-1.90211;
0.009144;0.963532;
0.009148;1.54099;
0.009152;-1.54108;
0.009156;-0.963412;
0.00916;1.90216;
0.009164;0.250505;
0.009168;-1.99604;
0.009172;0.49759;
0.009176;1.80955;
0.00918;-1.17579;
0.009184;-1.36888;
0.009188;1.68883;
0.009192;0.735923;
0.009196;-1.96465;
0.0092;0.000404777;
0.009204;1.96449;
0.009208;-0.736675;
0.009212;-1.6884;
0.009216;1.36947;
0.00922;1.17513;
0.009224;-1.8099;
0.009228;-0.496805;
0.009232;1.99609;
0.009236;-0.250495;
0.00924;-1.90216;
0.009244;0.963403;
0.009248;1.54109;
0.009252;-1.54099;
0.009256;-0.963541;
0.00926;1.90211;
0.009264;0.250651;
0.009268;-1.99605;
0.009272;0.497447;
0.009276;1.80961;
0.00928;-1.17567;
0.009284;-1.36898;
0.009288;1.68875;
0.009292;0.736059;
0.009296;-1.96462;
0.0093;0.000257797;
0.009304;1.96452;
0.009308;-0.736539;
0.009312;-1.68847;
0.009316;1.36936;
0.00932;1.17525;
0.009324;-1.80983;
0.009328;-0.496948;
0.009332;1.99608;
0.009336;-0.251162;
0.00934;-1.90195;
0.009344;0.963992;
0.009348;1.54066;
0.009352;-1.54141;
0.009356;-0.962951;
0.00936;1.90206;
0.009364;0.250797;
0.009368;-1.99606;
0.009372;0.497305;
0.009376;1.80968;
0.00938;-1.17555;
0.009384;-1.36909;
0.009388;1.68867;
0.009392;0.736196;
0.009396;-1.96459;
0.0094;0.000110816;
0.009404;1.96455;
0.009408;-0.736402;
0.009412;-1.68855;
0.009416;1.36925;
0.00942;1.17537;
0.009424;-1.80977;
0.009428;-0.49709;
0.009432;1.99607;
0.009436;-0.251016;
0.00944;-1.902;
0.009444;0.963864;
0.009448;1.54075;
0.009452;-1.54132;
0.009456;-0.96308;
0.00946;1.90227;
0.009464;0.25013;
0.009468;-1.99602;
0.009472;0.497956;
0.009476;1.80939;
0.00948;-1.17543;
0.009484;-1.3692;
0.009488;1.68859;
0.009492;0.736333;
0.009496;-1.96456;
0.0095;-3.61642e-05;
0.009504;1.96458;
0.009508;-0.736265;
0.009512;-1.68863;
0.009516;1.36915;
0.00952;1.17549;
0.009524;-1.80971;
0.009528;-0.497232;
0.009532;1.99606;
0.009536;-0.250871;
0.00954;-1.90204;
0.009544;0.963735;
0.009548;1.54084;
0.009552;-1.54123;
0.009556;-0.963209;
0.00956;1.90223;
0.009564;0.250275;
0.009568;-1.99603;
0.009572;0.497814;
0.009576;1.80945;
0.00958;-1.17598;
0.009584;-1.36871;
0.009588;1.68895;
0.009592;0.735708;
0.009596;-1.96469;
0.0096;0.000636089;
0.009604;1.9646;
0.009608;-0.736129;
0.009612;-1.68871;
0.009616;1.36904;
0.00962;1.17561;
0.009624;-1.80964;
0.009628;-0.497375;
0.009632;1.99606;
0.009636;-0.250725;
0.00964;-1.90209;
0.009644;0.963606;
0.009648;1.54094;
0.009652;-1.54113;
0.009656;-0.963338;
0.00966;1.90218;
0.009664;0.250421;
0.009668;-1.99604;
0.009672;0.497671;
0.009676;1.80951;
0.00968;-1.17586;
0.009684;-1.36882;
0.009688;1.68887;
0.009692;0.735844;
0.009696;-1.96466;
0.0097;0.000489109;
0.009704;1.96448;
0.009708;-0.736754;
0.009712;-1.68835;
0.009716;1.36953;
0.00972;1.17507;
0.009724;-1.80958;
0.009728;-0.497517;
0.009732;1.99605;
0.009736;-0.250579;
0.00974;-1.90213;
0.009744;0.963477;
0.009748;1.54103;
0.009752;-1.54104;
0.009756;-0.963467;
0.00976;1.90214;
0.009764;0.250567;
0.009768;-1.99605;
0.009772;0.497529;
0.009776;1.80958;
0.00978;-1.17574;
0.009784;-1.36892;
0.009788;1.6888;
0.009792;0.735981;
0.009796;-1.96463;
0.0098;0.000342129;
0.009804;1.96451;
0.009808;-0.736617;
0.009812;-1.68843;
0.009816;1.36942;
0.00982;1.17518;
0.009824;-1.80987;
0.009828;-0.496866;
0.009832;1.99609;
0.009836;-0.251246;
0.00984;-1.90192;
0.009844;0.964066;
0.009848;1.54112;
0.009852;-1.54095;
0.009856;-0.963596;
0.00986;1.90209;
0.009864;0.250713;
0.009868;-1.99605;
0.009872;0.497386;
0.009876;1.80964;
0.00988;-1.17562;
0.009884;-1.36903;
0.009888;1.68872;
0.009892;0.736118;
0.009896;-1.96461;
0.0099;0.000195148;
0.009904;1.96453;
0.009908;-0.736481;
0.009912;-1.68851;
0.009916;1.36931;
0.00992;1.1753;
0.009924;-1.80981;
0.009928;-0.497008;
0.009932;1.99608;
0.009936;-0.2511;
0.00994;-1.90197;
0.009944;0.963938;
0.009948;1.5407;
0.009952;-1.54137;
0.009956;-0.963006;
0.00996;1.9023;
0.009964;0.250046;
0.009968;-1.99601;
0.009972;0.497244;
0.009976;1.8097;
0.00998;-1.1755;
0.009984;-1.36914;
0.009988;1.68864;
0.009992;0.736254;
0.009996;-1.96458;
0.01;4.81676e-05;
0.010004;1.96456;
0.010008;-0.736344;
0.010012;-1.68859;
0.010016;1.36921;
0.01002;1.17542;
0.010024;-1.80974;
0.010028;-0.497151;
0.010032;1.99607;
0.010036;-0.250954;
0.01004;-1.90201;
0.010044;0.963809;
0.010048;1.54079;
0.010052;-1.54128;
0.010056;-0.963135;
0.01006;1.90225;
0.010064;0.250192;
0.010068;-1.99602;
0.010072;0.497895;
0.010076;1.80942;
0.01008;-1.17604;
0.010084;-1.36865;
0.010088;1.689;
0.010092;0.736391;
0.010096;-1.96455;
0.0101;-9.88129e-05;
0.010104;1.96459;
0.010108;-0.736207;
0.010112;-1.68867;
0.010116;1.3691;
0.01012;1.17554;
0.010124;-1.80968;
0.010128;-0.497293;
0.010132;1.99606;
0.010136;-0.250809;
0.01014;-1.90206;
0.010144;0.96368;
0.010148;1.54088;
0.010152;-1.54119;
0.010156;-0.963264;
0.01016;1.90221;
0.010164;0.250338;
0.010168;-1.99603;
0.010172;0.497753;
0.010176;1.80948;
0.01018;-1.17593;
0.010184;-1.36875;
0.010188;1.68892;
0.010192;0.735766;
0.010196;-1.96468;
0.0102;0.000573441;
0.010204;1.96446;
0.010208;-0.736832;
0.010212;-1.68831;
0.010216;1.36899;
0.01022;1.17566;
0.010224;-1.80962;
0.010228;-0.497436;
0.010232;1.99605;
0.010236;-0.250663;
0.01024;-1.90211;
0.010244;0.963551;
0.010248;1.54098;
0.010252;-1.54109;
0.010256;-0.963393;
0.01026;1.90216;
0.010264;0.250483;
0.010268;-1.99604;
0.010272;0.497611;
0.010276;1.80954;
0.01028;-1.17581;
0.010284;-1.36886;
0.010288;1.68884;
0.010292;0.735903;
0.010296;-1.96465;
0.0103;0.00042646;
0.010304;1.96449;
0.010308;-0.736696;
0.010312;-1.68838;
0.010316;1.36948;
0.01032;1.17512;
0.010324;-1.8099;
0.010328;-0.496784;
0.010332;1.99609;
0.010336;-0.250517;
0.01034;-1.90215;
0.010344;0.963422;
0.010348;1.54107;
0.010352;-1.541;
0.010356;-0.963522;
0.01036;1.90212;
0.010364;0.250629;
0.010368;-1.99605;
0.010372;0.497468;
0.010376;1.8096;
0.01038;-1.17569;
0.010384;-1.36897;
0.010388;1.68876;
0.010392;0.736039;
0.010396;-1.96462;
0.0104;0.00027948;
0.010404;1.96452;
0.010408;-0.736559;
0.010412;-1.68846;
0.010416;1.36938;
0.01042;1.17524;
0.010424;-1.80984;
0.010428;-0.496927;
0.010432;1.99608;
0.010436;-0.251184;
0.01044;-1.90194;
0.010444;0.964011;
0.010448;1.54064;
0.010452;-1.54143;
0.010456;-0.962932;
0.01046;1.90207;
0.010464;0.250775;
0.010468;-1.99606;
0.010472;0.497326;
0.010476;1.80967;
0.01048;-1.17557;
0.010484;-1.36908;
0.010488;1.68868;
0.010492;0.736176;
0.010496;-1.96459;
0.0105;0.000132499;
0.010504;1.96454;
0.010508;-0.736422;
0.010512;-1.68854;
0.010516;1.36927;
0.01052;1.17535;
0.010524;-1.80978;
0.010528;-0.497069;
0.010532;1.99608;
0.010536;-0.251038;
0.01054;-1.90199;
0.010544;0.963883;
0.010548;1.54074;
0.010552;-1.54133;
0.010556;-0.963061;
0.01056;1.90228;
0.010564;0.250108;
0.010568;-1.99602;
0.010572;0.497977;
0.010576;1.80938;
0.01058;-1.17545;
0.010584;-1.36918;
0.010588;1.6886;
0.010592;0.736313;
0.010596;-1.96457;
0.0106;-1.44811e-05;
0.010604;1.96457;
0.010608;-0.736286;
0.010612;-1.68862;
0.010616;1.36916;
0.01062;1.17547;
0.010624;-1.80972;
0.010628;-0.497211;
0.010632;1.99607;
0.010636;-0.250892;
0.01064;-1.90203;
0.010644;0.963754;
0.010648;1.54083;
0.010652;-1.54124;
0.010656;-0.96319;
0.01066;1.90223;
0.010664;0.250254;
0.010668;-1.99603;
0.010672;0.497835;
0.010676;1.80944;
0.01068;-1.17599;
0.010684;-1.36869;
0.010688;1.68896;
0.010692;0.735687;
0.010696;-1.96469;
0.0107;0.000657773;
0.010704;1.9646;
0.010708;-0.736149;
0.010712;-1.6887;
0.010716;1.36905;
0.01072;1.17559;
0.010724;-1.80965;
0.010728;-0.497354;
0.010732;1.99606;
0.010736;-0.250746;
0.01074;-1.90208;
0.010744;0.963625;
0.010748;1.54092;
0.010752;-1.54115;
0.010756;-0.963319;
0.01076;1.90219;
0.010764;0.2504;
0.010768;-1.99603;
0.010772;0.497692;
0.010776;1.80951;
0.01078;-1.17587;
0.010784;-1.3688;
0.010788;1.68889;
0.010792;0.735824;
0.010796;-1.96467;
0.0108;0.000510792;
0.010804;1.96447;
0.010808;-0.736774;
0.010812;-1.68834;
0.010816;1.36954;
0.01082;1.17505;
0.010824;-1.80994;
0.010828;-0.497496;
0.010832;1.99605;
0.010836;-0.250601;
0.01084;-1.90213;
0.010844;0.963496;
0.010848;1.54102;
0.010852;-1.54105;
0.010856;-0.963448;
0.01086;1.90214;
0.010864;0.250546;
0.010868;-1.99604;
0.010872;0.49755;
0.010876;1.80957;
0.01088;-1.17576;
0.010884;-1.36891;
0.010888;1.68881;
0.010892;0.735961;
0.010896;-1.96464;
0.0109;0.000363812;
0.010904;1.9645;
0.010908;-0.736637;
0.010912;-1.68842;
0.010916;1.36944;
0.01092;1.17517;
0.010924;-1.80988;
0.010928;-0.496845;
0.010932;1.99609;
0.010936;-0.251267;
0.01094;-1.90192;
0.010944;0.964085;
0.010948;1.54111;
0.010952;-1.54096;
0.010956;-0.963577;
0.01096;1.9021;
0.010964;0.250691;
0.010968;-1.99605;
0.010972;0.497407;
0.010976;1.80963;
0.01098;-1.17564;
0.010984;-1.36901;
0.010988;1.68873;
0.010992;0.736098;
0.010996;-1.96461;
0.011;0.000216831;
0.011004;1.96453;
0.011008;-0.736501;
0.011012;-1.6885;
0.011016;1.36933;
0.01102;1.17529;
0.011024;-1.80982;
0.011028;-0.496987;
0.011032;1.99608;
0.011036;-0.251122;
0.01104;-1.90196;
0.011044;0.963957;
0.011048;1.54068;
0.011052;-1.54139;
0.011056;-0.962987;
0.01106;1.9023;
0.011064;0.250024;
0.011068;-1.99601;
0.011072;0.497265;
0.011076;1.80969;
0.01108;-1.17552;
0.011084;-1.36912;
0.011088;1.68865;
0.011092;0.736234;
0.011096;-1.96458;
0.0111;6.98507e-05;
0.011104;1.96456;
0.011108;-0.736364;
0.011112;-1.68858;
0.011116;1.36922;
0.01112;1.17541;
0.011124;-1.80975;
0.011128;-0.49713;
0.011132;1.99607;
0.011136;-0.250976;
0.01114;-1.90201;
0.011144;0.963828;
0.011148;1.54078;
0.011152;-1.54129;
0.011156;-0.963116;
0.01116;1.90226;
0.011164;0.25017;
0.011168;-1.99602;
0.011172;0.497916;
0.011176;1.80941;
0.01118;-1.17606;
0.011184;-1.36863;
0.011188;1.68901;
0.011192;0.736371;
0.011196;-1.96456;
0.0112;-7.71298e-05;
0.011204;1.96458;
0.011208;-0.736227;
0.011212;-1.68865;
0.011216;1.36912;
0.01122;1.17552;
0.011224;-1.80969;
0.011228;-0.497272;
0.011232;1.99606;
0.011236;-0.25083;
0.01124;-1.90205;
0.011244;0.963699;
0.011248;1.54087;
0.011252;-1.5412;
0.011256;-0.963245;
0.01126;1.90221;
0.011264;0.250316;
0.011268;-1.99603;
0.011272;0.497774;
0.011276;1.80947;
0.01128;-1.17594;
0.011284;-1.36874;
0.011288;1.68893;
0.011292;0.735746;
0.011296;-1.96468;
0.0113;0.000595124;
0.011304;1.96446;
0.011308;-0.736852;
0.011312;-1.68829;
0.011316;1.36901;
0.01132;1.17564;
0.011324;-1.80963;
0.011328;-0.497415;
0.011332;1.99605;
0.011336;-0.250684;
0.01134;-1.9021;
0.011344;0.96357;
0.011348;1.54096;
0.011352;-1.54111;
0.011356;-0.963374;
0.01136;1.90217;
0.011364;0.250462;
0.011368;-1.99604;
0.011372;0.497632;
0.011376;1.80953;
0.01138;-1.17582;
0.011384;-1.36885;
0.011388;1.68885;
0.011392;0.735882;
0.011396;-1.96465;
0.0114;0.000448143;
0.011404;1.96449;
0.011408;-0.736716;
0.011412;-1.68837;
0.011416;1.3695;
0.01142;1.1751;
0.011424;-1.80991;
0.011428;-0.496763;
0.011432;1.99609;
0.011436;-0.250538;
0.01144;-1.90214;
0.011444;0.963441;
0.011448;1.54106;
0.011452;-1.15576;
0.011456;-0.722627;
0.01146;1.42659;
0.011464;0.187956;
0.011468;-1.49704;
0.011472;0.373117;
0.011476;1.3572;
0.01148;-0.881779;
0.011484;-1.02671;
0.011488;1.26658;
0.011492;0.552014;
0.011496;-1.47347;
0.0115;0.000225872;
0.011504;1.47338;
0.011508;-0.552434;
0.011512;-1.26634;
0.011516;1.02704;
0.01152;0.881414;
0.011524;-1.35739;
0.011528;-0.372679;
0.011532;1.49706;
0.011536;-0.188404;
0.01154;-1.42645;
0.011544;0.723023;
0.011548;1.15547;
0.011552;-1.15608;
0.011556;-0.722185;
0.01156;1.42656;
0.011564;0.188065;
0.011568;-1.49704;
0.011572;0.37301;
0.011576;1.35724;
0.01158;-0.88169;
0.011584;-1.0268;
0.011588;1.26652;
0.011592;0.552117;
0.011596;-1.47345;
0.0116;0.000115637;
0.011604;1.47341;
0.011608;-0.552332;
0.011612;-1.2664;
0.011616;1.02696;
0.01162;0.881503;
0.011624;-1.35734;
0.011628;-0.372786;
0.011632;1.49706;
0.011636;-0.188295;
0.01164;-1.42649;
0.011644;0.722926;
0.011648;1.15554;
0.011652;-1.15601;
0.011656;-0.722282;
0.01166;1.42671;
0.011664;0.187565;
0.011668;-1.49701;
0.011672;0.373498;
0.011676;1.35703;
0.01168;-0.882098;
0.011684;-1.02688;
0.011688;1.26646;
0.011692;0.552219;
0.011696;-1.47343;
0.0117;5.40152e-06;
0.011704;1.47343;
0.011708;-0.552229;
0.011712;-1.26646;
0.011716;1.02688;
0.01172;0.881592;
0.011724;-1.35729;
0.011728;-0.372893;
0.011732;1.49705;
0.011736;-0.188185;
0.01174;-1.42652;
0.011744;0.72283;
0.011748;1.15561;
0.011752;-1.15594;
0.011756;-0.722378;
0.01176;1.42668;
0.011764;0.187674;
0.011768;-1.49702;
0.011772;0.373392;
0.011776;1.35708;
0.01178;-0.882009;
0.011784;-1.02651;
0.011788;1.26673;
0.011792;0.55175;
0.011796;-1.47352;
0.0118;0.000509592;
0.011804;1.47345;
0.011808;-0.552127;
0.011812;-1.26652;
0.011816;1.0268;
0.01182;0.881681;
0.011824;-1.35725;
0.011828;-0.373;
0.011832;1.49704;
0.011836;-0.188076;
0.01184;-1.42655;
0.011844;0.722733;
0.011848;1.15568;
0.011852;-1.15587;
0.011856;-0.722475;
0.01186;1.42665;
0.011864;0.187784;
0.011868;-1.49703;
0.011872;0.373285;
0.011876;1.35712;
0.01188;-0.881919;
0.011884;-1.02659;
0.011888;1.26667;
0.011892;0.551853;
0.011896;-1.4735;
0.0119;0.000399356;
0.011904;1.47335;
0.011908;-0.552596;
0.011912;-1.26625;
0.011916;1.02717;
0.01192;0.881273;
0.011924;-1.35746;
0.011928;-0.373106;
0.011932;1.49704;
0.011936;-0.187967;
0.01194;-1.42659;
0.011944;0.722636;
0.011948;1.15575;
0.011952;-1.1558;
0.011956;-0.722572;
0.01196;1.42661;
0.011964;0.187893;
0.011968;-1.49703;
0.011972;0.373178;
0.011976;1.35717;
0.01198;-0.88183;
0.011984;-1.02667;
0.011988;1.26661;
0.011992;0.551956;
0.011996;-1.47348;
0.012;0.000289121;
0.012004;1.47337;
0.012008;-0.552493;
0.012012;-1.2663;
0.012016;1.02709;
0.01202;0.881362;
0.012024;-1.35742;
0.012028;-0.372618;
0.012032;1.49707;
0.012036;-0.188467;
0.01204;-1.42643;
0.012044;0.723078;
0.012048;1.15582;
0.012052;-1.15573;
0.012056;-0.722668;
0.01206;1.42658;
0.012064;0.188002;
0.012068;-1.49704;
0.012072;0.373071;
0.012076;1.35722;
0.01208;-0.881741;
0.012084;-1.02675;
0.012088;1.26656;
0.012092;0.552058;
0.012096;-1.47346;
0.0121;0.000178886;
0.012104;1.47339;
0.012108;-0.552391;
0.012112;-1.26636;
0.012116;1.02701;
0.01212;0.881452;
0.012124;-1.35737;
0.012128;-0.372725;
0.012132;1.49706;
0.012136;-0.188357;
0.01214;-1.42647;
0.012144;0.722982;
0.012148;1.1555;
0.012152;-1.15605;
0.012156;-0.722226;
0.01216;1.42673;
0.012164;0.187502;
0.012168;-1.49701;
0.012172;0.372965;
0.012176;1.35726;
0.01218;-0.881652;
0.012184;-1.02683;
0.012188;1.2665;
0.012192;0.552161;
0.012196;-1.47344;
0.0122;6.86504e-05;
0.012204;1.47341;
0.012208;-0.552288;
0.012212;-1.26642;
0.012216;1.02693;
0.01222;0.881541;
0.012224;-1.35732;
0.012228;-0.372832;
0.012232;1.49705;
0.012236;-0.188248;
0.01224;-1.4265;
0.012244;0.722885;
0.012248;1.15557;
0.012252;-1.15598;
0.012256;-0.722323;
0.01226;1.4267;
0.012264;0.187612;
0.012268;-1.49701;
0.012272;0.373453;
0.012276;1.35705;
0.01228;-0.88206;
0.012284;-1.02646;
0.012288;1.26677;
0.012292;0.551692;
0.012296;-1.47342;
0.0123;-4.1585e-05;
0.012304;1.47343;
0.012308;-0.552186;
0.012312;-1.26648;
0.012316;1.02685;
0.01232;0.88163;
0.012324;-1.35727;
0.012328;-0.372938;
0.012332;1.49705;
0.012336;-0.188139;
0.01234;-1.42654;
0.012344;0.722788;
0.012348;1.15564;
0.012352;-1.15591;
0.012356;-0.72242;
0.01236;1.42667;
0.012364;0.187721;
0.012368;-1.49702;
0.012372;0.373346;
0.012376;1.3571;
0.01238;-0.881971;
0.012384;-1.02654;
0.012388;1.26671;
0.012392;0.551794;
0.012396;-1.47351;
0.0124;0.000462605;
0.012404;1.47334;
0.012408;-0.552654;
0.012412;-1.26621;
0.012416;1.02677;
0.01242;0.881719;
0.012424;-1.35723;
0.012428;-0.373045;
0.012432;1.49704;
0.012436;-0.188029;
0.01244;-1.42657;
0.012444;0.722692;
0.012448;1.15571;
0.012452;-1.15584;
0.012456;-0.722516;
0.01246;1.42663;
0.012464;0.18783;
0.012468;-1.49703;
0.012472;0.373239;
0.012476;1.35714;
0.01248;-0.881881;
0.012484;-1.02662;
0.012488;1.26665;
0.012492;0.551897;
0.012496;-1.47349;
0.0125;0.00035237;
0.012504;1.47336;
0.012508;-0.552552;
0.012512;-1.26627;
0.012516;1.02714;
0.01252;0.881311;
0.012524;-1.35744;
0.012528;-0.372557;
0.012532;1.49707;
0.012536;-0.18853;
0.01254;-1.4266;
0.012544;0.722595;
0.012548;1.15578;
0.012552;-1.15577;
0.012556;-0.722613;
0.01256;1.4266;
0.012564;0.18794;
0.012568;-1.49704;
0.012572;0.373133;
0.012576;1.35719;
0.01258;-0.881792;
0.012584;-1.0267;
0.012588;1.26659;
0.012592;0.551999;
0.012596;-1.47347;
0.0126;0.000242135;
0.012604;1.47338;
0.012608;-0.552449;
0.012612;-1.26633;
0.012616;1.02706;
0.01262;0.8814;
0.012624;-1.3574;
0.012628;-0.372664;
0.012632;1.49707;
0.012636;-0.18842;
0.01264;-1.42645;
0.012644;0.723037;
0.012648;1.15546;
0.012652;-1.15609;
0.012656;-0.722171;
0.01266;1.42656;
0.012664;0.188049;
0.012668;-1.49704;
0.012672;0.373026;
0.012676;1.35724;
0.01268;-0.881703;
0.012684;-1.02678;
0.012688;1.26653;
0.012692;0.552102;
0.012696;-1.47345;
0.0127;0.000131899;
0.012704;1.4734;
0.012708;-0.552347;
0.012712;-1.26639;
0.012716;1.02698;
0.01272;0.88149;
0.012724;-1.35735;
0.012728;-0.37277;
0.012732;1.49706;
0.012736;-0.188311;
0.01274;-1.42648;
0.012744;0.722941;
0.012748;1.15553;
0.012752;-1.15602;
0.012756;-0.722267;
0.01276;1.42672;
0.012764;0.187549;
0.012768;-1.49701;
0.012772;0.373514;
0.012776;1.35702;
0.01278;-0.882111;
0.012784;-1.02686;
0.012788;1.26647;
0.012792;0.552204;
0.012796;-1.47343;
0.0128;2.16639e-05;
0.012804;1.47342;
0.012808;-0.552244;
0.012812;-1.26645;
0.012816;1.0269;
0.01282;0.881579;
0.012824;-1.3573;
0.012828;-0.372877;
0.012832;1.49705;
0.012836;-0.188201;
0.01284;-1.42652;
0.012844;0.722844;
0.012848;1.1556;
0.012852;-1.15595;
0.012856;-0.722364;
0.01286;1.42668;
0.012864;0.187658;
0.012868;-1.49702;
0.012872;0.373407;
0.012876;1.35707;
0.01288;-0.882022;
0.012884;-1.0265;
0.012888;1.26674;
0.012892;0.551735;
0.012896;-1.47353;
0.0129;0.000525854;
0.012904;1.47344;
0.012908;-0.552142;
0.012912;-1.26651;
0.012916;1.02681;
0.01292;0.881668;
0.012924;-1.35725;
0.012928;-0.372984;
0.012932;1.49704;
0.012936;-0.188092;
0.01294;-1.42655;
0.012944;0.722747;
0.012948;1.15567;
0.012952;-1.15588;
0.012956;-0.722461;
0.01296;1.42665;
0.012964;0.187768;
0.012968;-1.49702;
0.012972;0.373301;
0.012976;1.35712;
0.01298;-0.881932;
0.012984;-1.02658;
0.012988;1.26668;
0.012992;0.551838;
0.012996;-1.4735;
0.013;0.000415619;
0.013004;1.47335;
0.013008;-0.552611;
0.013012;-1.26624;
0.013016;1.02718;
0.01302;0.88126;
0.013024;-1.35747;
0.013028;-0.373091;
0.013032;1.49704;
0.013036;-0.187983;
0.01304;-1.42658;
0.013044;0.722651;
0.013048;1.15574;
0.013052;-1.15581;
0.013056;-0.722557;
0.01306;1.42662;
0.013064;0.187877;
0.013068;-1.49703;
0.013072;0.373194;
0.013076;1.35716;
0.01308;-0.881843;
0.013084;-1.02666;
0.013088;1.26662;
0.013092;0.55194;
0.013096;-1.47348;
0.0131;0.000305383;
0.013104;1.47337;
0.013108;-0.552508;
0.013112;-1.2663;
0.013116;1.0271;
0.01312;0.881349;
0.013124;-1.35742;
0.013128;-0.372602;
0.013132;1.49707;
0.013136;-0.188483;
0.01314;-1.42643;
0.013144;0.723092;
0.013148;1.15542;
0.013152;-1.15574;
0.013156;-0.722654;
0.01316;1.42658;
0.013164;0.187986;
0.013168;-1.49704;
0.013172;0.373087;
0.013176;1.35721;
0.01318;-0.881754;
0.013184;-1.02674;
0.013188;1.26656;
0.013192;0.552043;
0.013196;-1.47346;
0.0132;0.000195148;
0.013204;1.47339;
0.013208;-0.552406;
0.013212;-1.26635;
0.013216;1.02702;
0.01322;0.881438;
0.013224;-1.35738;
0.013228;-0.372709;
0.013232;1.49706;
0.013236;-0.188374;
0.01324;-1.42646;
0.013244;0.722996;
0.013248;1.15549;
0.013252;-1.15606;
0.013256;-0.722212;
0.01326;1.42674;
0.013264;0.187486;
0.013268;-1.49701;
0.013272;0.37298;
0.013276;1.35726;
0.01328;-0.881665;
0.013284;-1.02682;
0.013288;1.26651;
0.013292;0.552145;
0.013296;-1.47344;
0.0133;8.49127e-05;
0.013304;1.47341;
0.013308;-0.552303;
0.013312;-1.26641;
0.013316;1.02694;
0.01332;0.881528;
0.013324;-1.35733;
0.013328;-0.372816;
0.013332;1.49706;
0.013336;-0.188264;
0.01334;-1.4265;
0.013344;0.722899;
0.013348;1.15556;
0.013352;-1.15599;
0.013356;-0.722309;
0.01336;1.4267;
0.013364;0.187595;
0.013368;-1.49701;
0.013372;0.373469;
0.013376;1.35704;
0.01338;-0.882073;
0.013384;-1.02645;
0.013388;1.26678;
0.013392;0.551677;
0.013396;-1.47342;
0.0134;-2.53226e-05;
0.013404;1.47343;
0.013408;-0.552201;
0.013412;-1.26647;
0.013416;1.02686;
0.01342;0.881617;
0.013424;-1.35728;
0.013428;-0.372923;
0.013432;1.49705;
0.013436;-0.188155;
0.01344;-1.42653;
0.013444;0.722803;
0.013448;1.15563;
0.013452;-1.15592;
0.013456;-0.722405;
0.01346;1.42667;
0.013464;0.187705;
0.013468;-1.49702;
0.013472;0.373362;
0.013476;1.35709;
0.01348;-0.881984;
0.013484;-1.02653;
0.013488;1.26672;
0.013492;0.551779;
0.013496;-1.47352;
0.0135;0.000478868;
0.013504;1.47334;
0.013508;-0.55267;
0.013512;-1.2662;
0.013516;1.02678;
0.01352;0.881706;
0.013524;-1.35723;
0.013528;-0.373029;
0.013532;1.49704;
0.013536;-0.188045;
0.01354;-1.42656;
0.013544;0.722706;
0.013548;1.1557;
0.013552;-1.15585;
0.013556;-0.722502;
0.01356;1.42664;
0.013564;0.187814;
0.013568;-1.49703;
0.013572;0.373255;
0.013576;1.35714;
0.01358;-0.881895;
0.013584;-1.02661;
0.013588;1.26666;
0.013592;0.551882;
0.013596;-1.4735;
0.0136;0.000368632;
0.013604;1.47336;
0.013608;-0.552567;
0.013612;-1.26626;
0.013616;1.02715;
0.01362;0.881298;
0.013624;-1.35745;
0.013628;-0.372541;
0.013632;1.49707;
0.013636;-0.188546;
0.01364;-1.4266;
0.013644;0.72261;
0.013648;1.15577;
0.013652;-1.15578;
0.013656;-0.722598;
0.01366;1.4266;
0.013664;0.187924;
0.013668;-1.49703;
0.013672;0.373148;
0.013676;1.35718;
0.01368;-0.881805;
0.013684;-1.02669;
0.013688;1.2666;
0.013692;0.551984;
0.013696;-1.47348;
0.0137;0.000258397;
0.013704;1.47338;
0.013708;-0.552465;
0.013712;-1.26632;
0.013716;1.02707;
0.01372;0.881387;
0.013724;-1.3574;
0.013728;-0.372648;
0.013732;1.49707;
0.013736;-0.188436;
0.01374;-1.42644;
0.013744;0.723051;
0.013748;1.15545;
0.013752;-1.1561;
0.013756;-0.722157;
0.01376;1.42657;
0.013764;0.188033;
0.013768;-1.49704;
0.013772;0.373042;
0.013776;1.35723;
0.01378;-0.881716;
0.013784;-1.02677;
0.013788;1.26654;
0.013792;0.552087;
0.013796;-1.47345;
0.0138;0.000148162;
0.013804;1.4734;
0.013808;-0.552362;
0.013812;-1.26638;
0.013816;1.02699;
0.01382;0.881476;
0.013824;-1.35736;
0.013828;-0.372755;
0.013832;1.49706;
0.013836;-0.188327;
0.01384;-1.42648;
0.013844;0.722955;
0.013848;1.15552;
0.013852;-1.15603;
0.013856;-0.722253;
0.01386;1.42672;
0.013864;0.187533;
0.013868;-1.49701;
0.013872;0.37353;
0.013876;1.35701;
0.01388;-0.882124;
0.013884;-1.02685;
0.013888;1.26648;
0.013892;0.552189;
0.013896;-1.47343;
0.0139;3.79262e-05;
0.013904;1.47342;
0.013908;-0.55226;
0.013912;-1.26644;
0.013916;1.02691;
0.01392;0.881566;
0.013924;-1.35731;
0.013928;-0.372861;
0.013932;1.49705;
0.013936;-0.188218;
0.01394;-1.42651;
0.013944;0.722858;
0.013948;1.15559;
0.013952;-1.15596;
0.013956;-0.72235;
0.01396;1.42669;
0.013964;0.187642;
0.013968;-1.49702;
0.013972;0.373423;
0.013976;1.35706;
0.01398;-0.882035;
0.013984;-1.02648;
0.013988;1.26675;
0.013992;0.55172;
0.013996;-1.47353;
0.014;0.000542116;
0.014004;1.47333;
0.014008;-0.552157;
0.014012;-1.2665;
0.014016;1.02683;
0.01402;0.881655;
0.014024;-1.35726;
0.014028;-0.372968;
0.014032;1.49705;
0.014036;-0.188108;
0.01404;-1.42654;
0.014044;0.722762;
0.014048;1.15566;
0.014052;-1.15589;
0.014056;-0.722446;
0.01406;1.42666;
0.014064;0.187751;
0.014068;-1.49702;
0.014072;0.373316;
0.014076;1.35711;
0.01408;-0.881946;
0.014084;-1.02656;
0.014088;1.26669;
0.014092;0.551823;
0.014096;-1.47351;
0.0141;0.000431881;
0.014104;1.47335;
0.014108;-0.552626;
0.014112;-1.26623;
0.014116;1.02719;
0.01412;0.881247;
0.014124;-1.35748;
0.014128;-0.373075;
0.014132;1.49704;
0.014136;-0.187999;
0.01414;-1.42658;
0.014144;0.722665;
0.014148;1.15573;
0.014152;-1.15582;
0.014156;-0.722543;
0.01416;1.42662;
0.014164;0.187861;
0.014168;-1.49703;
0.014172;0.37321;
0.014176;1.35716;
0.01418;-0.881857;
0.014184;-1.02664;
0.014188;1.26663;
0.014192;0.551925;
0.014196;-1.47349;
0.0142;0.000321646;
0.014204;1.47337;
0.014208;-0.552523;
0.014212;-1.26629;
0.014216;1.02711;
0.01422;0.881336;
0.014224;-1.35743;
0.014228;-0.372587;
0.014232;1.49707;
0.014236;-0.188499;
0.01424;-1.42642;
0.014244;0.723107;
0.014248;1.15541;
0.014252;-1.15575;
0.014256;-0.72264;
0.01426;1.42659;
0.014264;0.18797;
0.014268;-1.49704;
0.014272;0.373103;
0.014276;1.3572;
0.01428;-0.881767;
0.014284;-1.02673;
0.014288;1.26657;
0.014292;0.552028;
0.014296;-1.47347;
0.0143;0.00021141;
0.014304;1.47339;
0.014308;-0.552421;
0.014312;-1.26635;
0.014316;1.02703;
0.01432;0.881425;
0.014324;-1.35738;
0.014328;-0.372693;
0.014332;1.49706;
0.014336;-0.18839;
0.01434;-1.42646;
0.014344;0.72301;
0.014348;1.15548;
0.014352;-1.15607;
0.014356;-0.722198;
0.01436;1.42674;
0.014364;0.18747;
0.014368;-1.49701;
0.014372;0.372996;
0.014376;1.35725;
0.01438;-0.881678;
0.014384;-1.02681;
0.014388;1.26651;
0.014392;0.55213;
0.014396;-1.47345;
0.0144;0.000101175;
0.014404;1.47341;
0.014408;-0.552318;
0.014412;-1.26641;
0.014416;1.02695;
0.01442;0.881514;
0.014424;-1.35734;
0.014428;-0.3728;
0.014432;1.49706;
0.014436;-0.18828;
0.01444;-1.42649;
0.014444;0.722914;
0.014448;1.15555;
0.014452;-1.156;
0.014456;-0.722294;
0.01446;1.42671;
0.014464;0.187579;
0.014468;-1.49701;
0.014472;0.373484;
0.014476;1.35703;
0.01448;-0.882086;
0.014484;-1.02644;
0.014488;1.26678;
0.014492;0.551661;
0.014496;-1.47343;
0.0145;-9.06031e-06;
0.014504;1.47343;
0.014508;-0.552216;
0.014512;-1.26646;
0.014516;1.02687;
0.01452;0.881604;
0.014524;-1.35729;
0.014528;-0.372907;
0.014532;1.49705;
0.014536;-0.188171;
0.01454;-1.42653;
0.014544;0.722817;
0.014548;1.15562;
0.014552;-1.15593;
0.014556;-0.722391;
0.01456;1.42668;
0.014564;0.187689;
0.014568;-1.49702;
0.014572;0.373378;
0.014576;1.35708;
0.01458;-0.881997;
0.014584;-1.02652;
0.014588;1.26672;
0.014592;0.551764;
0.014596;-1.47352;
0.0146;0.00049513;
0.014604;1.47333;
0.014608;-0.552685;
0.014612;-1.26619;
0.014616;1.02679;
0.01462;0.881693;
0.014624;-1.35724;
0.014628;-0.373014;
0.014632;1.49704;
0.014636;-0.188062;
0.01464;-1.42656;
0.014644;0.72272;
0.014648;1.15569;
0.014652;-1.15586;
0.014656;-0.722488;
0.01466;1.42664;
0.014664;0.187798;
0.014668;-1.49703;
0.014672;0.373271;
0.014676;1.35713;
0.01468;-0.881908;
0.014684;-1.0266;
0.014688;1.26667;
0.014692;0.551866;
0.014696;-1.4735;
0.0147;0.000384895;
0.014704;1.47335;
0.014708;-0.552582;
0.014712;-1.26625;
0.014716;1.02716;
0.01472;0.881285;
0.014724;-1.35746;
0.014728;-0.372525;
0.014732;1.49707;
0.014736;-0.188562;
0.01474;-1.42659;
0.014744;0.722624;
0.014748;1.15576;
0.014752;-1.15579;
0.014756;-0.722584;
0.01476;1.42661;
0.014764;0.187907;
0.014768;-1.49703;
0.014772;0.373164;
0.014776;1.35718;
0.01478;-0.881818;
0.014784;-1.02668;
0.014788;1.26661;
0.014792;0.551969;
0.014796;-1.47348;
0.0148;0.000274659;
0.014804;1.47338;
0.014808;-0.55248;
0.014812;-1.26631;
0.014816;1.02708;
0.01482;0.881374;
0.014824;-1.35741;
0.014828;-0.372632;
0.014832;1.49707;
0.014836;-0.188452;
0.01484;-1.42644;
0.014844;0.723066;
0.014848;1.15544;
0.014852;-1.15611;
0.014856;-0.722142;
0.01486;1.42676;
0.014864;0.188017;
0.014868;-1.49704;
0.014872;0.373057;
0.014876;1.35722;
0.01488;-0.881729;
0.014884;-1.02676;
0.014888;1.26655;
0.014892;0.552071;
0.014896;-1.47346;
0.0149;0.000164424;
0.014904;1.4734;
0.014908;-0.552377;
0.014912;-1.26637;
0.014916;1.027;
0.01492;0.881463;
0.014924;-1.35736;
0.014928;-0.372739;
0.014932;1.49706;
0.014936;-0.188343;
0.01494;-1.42647;
0.014944;0.722969;
0.014948;1.15551;
0.014952;-1.15604;
0.014956;-0.722239;
0.01496;1.42673;
0.014964;0.187517;
0.014968;-1.49701;
0.014972;0.373546;
0.014976;1.35701;
0.01498;-0.882137;
0.014984;-1.02684;
0.014988;1.26649;
0.014992;0.552174;
0.014996;-1.47344;
0.015;5.41885e-05;
0.015004;1.47342;
0.015008;-0.552275;
0.015012;-1.26643;
0.015016;1.02692;
0.01502;0.881552;
0.015024;-1.35732;
0.015028;-0.372846;
0.015032;1.49705;
0.015036;-0.188234;
0.01504;-1.42651;
0.015044;0.722872;
0.015048;1.15558;
0.015052;-1.15597;
0.015056;-0.722336;
0.01506;1.42669;
0.015064;0.187626;
0.015068;-1.49702;
0.015072;0.373439;
0.015076;1.35705;
0.01508;-0.882048;
0.015084;-1.02647;
0.015088;1.26676;
0.015092;0.551705;
0.015096;-1.47353;
0.0151;0.000558379;
0.015104;1.47332;
0.015108;-0.552172;
0.015112;-1.26649;
0.015116;1.02684;
0.01512;0.881642;
0.015124;-1.35727;
0.015128;-0.372952;
0.015132;1.49705;
0.015136;-0.188124;
0.01514;-1.42654;
0.015144;0.722776;
0.015148;1.15565;
0.015152;-1.1559;
0.015156;-0.722432;
0.01516;1.42666;
0.015164;0.187735;
0.015168;-1.49702;
0.015172;0.373332;
0.015176;1.3571;
0.01518;-0.881959;
0.015184;-1.02655;
0.015188;1.2667;
0.015192;0.551808;
0.015196;-1.47351;
0.0152;0.000448143;
0.015204;1.47334;
0.015208;-0.552641;
0.015212;-1.26622;
0.015216;1.02721;
0.01522;0.881234;
0.015224;-1.35748;
0.015228;-0.373059;
0.015232;1.49704;
0.015236;-0.188015;
0.01524;-1.42657;
0.015244;0.722679;
0.015248;1.15572;
0.015252;-1.15583;
0.015256;-0.722529;
0.01526;1.42663;
0.015264;0.187845;
0.015268;-1.49703;
0.015272;0.373225;
0.015276;1.35715;
0.01528;-0.88187;
0.015284;-1.02663;
0.015288;1.26664;
0.015292;0.55191;
0.015296;-1.47349;
0.0153;0.000337908;
0.015304;1.47336;
0.015308;-0.552539;
0.015312;-1.26628;
0.015316;1.02713;
0.01532;0.881323;
0.015324;-1.35744;
0.015328;-0.372571;
0.015332;1.49707;
0.015336;-0.188515;
0.01534;-1.42642;
0.015344;0.723121;
0.015348;1.1554;
0.015352;-1.15576;
0.015356;-0.722625;
0.01536;1.42659;
0.015364;0.187954;
0.015368;-1.49704;
0.015372;0.373119;
0.015376;1.3572;
0.01538;-0.881781;
0.015384;-1.02671;
0.015388;1.26658;
0.015392;0.552013;
0.015396;-1.47347;
0.0154;0.000227673;
0.015404;1.47338;
0.015408;-0.552436;
0.015412;-1.26634;
0.015416;1.02705;
0.01542;0.881412;
0.015424;-1.35739;
0.015428;-0.372678;
0.015432;1.49706;
0.015436;-0.188406;
0.01544;-1.42645;
0.015444;0.723024;
0.015448;1.15547;
0.015452;-1.15608;
0.015456;-0.722184;
0.01546;1.42675;
0.015464;0.187454;
0.015468;-1.497;
0.015472;0.373607;
0.015476;1.35724;
0.01548;-0.881691;
0.015484;-1.02679;
0.015488;1.26652;
0.015492;0.552115;
0.015496;-1.47345;
0.0155;0.000117437;
0.015504;1.47341;
0.015508;-0.552334;
0.015512;-1.2664;
0.015516;1.02697;
0.01552;0.881501;
0.015524;-1.35734;
0.015528;-0.372784;
0.015532;1.49706;
0.015536;-0.188296;
0.01554;-1.42649;
0.015544;0.722928;
0.015548;1.15554;
0.015552;-1.15601;
0.015556;-0.72228;
0.01556;1.42671;
0.015564;0.187563;
0.015568;-1.49701;
0.015572;0.3735;
0.015576;1.35703;
0.01558;-0.882099;
0.015584;-1.02643;
0.015588;1.26679;
0.015592;0.551646;
0.015596;-1.47343;
0.0156;7.20203e-06;
0.015604;1.47343;
0.015608;-0.552231;
0.015612;-1.26646;
0.015616;1.02688;
0.01562;0.88159;
0.015624;-1.3573;
0.015628;-0.372296;
0.015632;1.49705;
0.015636;-0.188797;
0.01564;-1.42652;
0.015644;0.72337;
0.015648;1.15561;
0.015652;-1.15633;
0.015656;-0.722377;
0.01566;1.42649;
0.015664;0.187673;
0.015668;-1.49706;
0.015672;0.373393;
0.015676;1.35734;
0.01568;-0.88201;
0.015684;-1.02695;
0.015688;1.26673;
0.015692;0.55232;
0.015696;-1.47352;
0.0157;-0.000103033;
0.015704;1.47333;
0.015708;-0.552129;
0.015712;-1.26619;
0.015716;1.0268;
0.01572;0.881182;
0.015724;-1.35725;
0.015728;-0.372403;
0.015732;1.49704;
0.015736;-0.188687;
0.01574;-1.42655;
0.015744;0.723273;
0.015748;1.15568;
0.015752;-1.15626;
0.015756;-0.722473;
0.01576;1.42684;
0.015764;0.187782;
0.015768;-1.49699;
0.015772;0.373287;
0.015776;1.35686;
0.01578;-0.881921;
0.015784;-1.02703;
0.015788;1.26667;
0.015792;0.552423;
0.015796;-1.4735;
0.0158;-0.000213269;
0.015804;1.47335;
0.015808;-0.552026;
0.015812;-1.26624;
0.015816;1.02672;
0.01582;0.881272;
0.015824;-1.3572;
0.015828;-0.37251;
0.015832;1.49704;
0.015836;-0.188578;
0.01584;-1.42659;
0.015844;0.723176;
0.015848;1.15575;
0.015852;-1.15619;
0.015856;-0.72257;
0.01586;1.4268;
0.015864;0.187891;
0.015868;-1.49699;
0.015872;0.37318;
0.015876;1.35691;
0.01588;-0.881832;
0.015884;-1.02622;
0.015888;1.26662;
0.015892;0.551382;
0.015896;-1.47348;
0.0159;0.000905347;
0.015904;1.47337;
0.015908;-0.551924;
0.015912;-1.2663;
0.015916;1.02664;
0.01592;0.881361;
0.015924;-1.35715;
0.015928;-0.372616;
0.015932;1.49703;
0.015936;-0.188469;
0.01594;-1.42662;
0.015944;0.72308;
0.015948;1.15582;
0.015952;-1.15612;
0.015956;-0.722667;
0.01596;1.42677;
0.015964;0.188001;
0.015968;-1.497;
0.015972;0.373073;
0.015976;1.35695;
0.01598;-0.881742;
0.015984;-1.0263;
0.015988;1.26656;
0.015992;0.551485;
0.015996;-1.47346;
0.016;0.000795112;
0.016004;1.47339;
0.016008;-0.552963;
0.016012;-1.26636;
0.016016;1.02746;
0.01602;0.88145;
0.016024;-1.35711;
0.016028;-0.372723;
0.016032;1.49702;
0.016036;-0.188359;
0.01604;-1.42666;
0.016044;0.722983;
0.016048;1.15589;
0.016052;-1.15605;
0.016056;-0.722763;
0.01606;1.42673;
0.016064;0.18811;
0.016068;-1.49701;
0.016072;0.372966;
0.016076;1.357;
0.01608;-0.881653;
0.016084;-1.02638;
0.016088;1.2665;
0.016092;0.551588;
0.016096;-1.47344;
0.0161;0.000684876;
0.016104;1.47341;
0.016108;-0.552861;
0.016112;-1.26642;
0.016116;1.02738;
0.01612;0.881539;
0.016124;-1.35758;
0.016128;-0.37283;
0.016132;1.49709;
0.016136;-0.18825;
0.01614;-1.42631;
0.016144;0.722887;
0.016148;1.15596;
0.016152;-1.15598;
0.016156;-0.72286;
0.01616;1.4267;
0.016164;0.188219;
0.016168;-1.49701;
0.016172;0.37286;
0.016176;1.35705;
0.01618;-0.881564;
0.016184;-1.02646;
0.016188;1.26644;
0.016192;0.55169;
0.016196;-1.47342;
0.0162;0.000574641;
0.016204;1.47343;
0.016208;-0.552759;
0.016212;-1.26648;
0.016216;1.0273;
0.01622;0.881629;
0.016224;-1.35754;
0.016228;-0.372937;
0.016232;1.49709;
0.016236;-0.18814;
0.01624;-1.42634;
0.016244;0.72279;
0.016248;1.15525;
0.016252;-1.15591;
0.016256;-0.721879;
0.01626;1.42667;
0.016264;0.18711;
0.016268;-1.49702;
0.016272;0.372753;
0.016276;1.35709;
0.01628;-0.881475;
0.016284;-1.02654;
0.016288;1.26638;
0.016292;0.551793;
0.016296;-1.4734;
0.0163;0.000464406;
0.016304;1.47346;
0.016308;-0.552656;
0.016312;-1.26654;
0.016316;1.02722;
0.01632;0.881718;
0.016324;-1.35749;
0.016328;-0.373043;
0.016332;1.49708;
0.016336;-0.188031;
0.01634;-1.42638;
0.016344;0.722693;
0.016348;1.15532;
0.016352;-1.15584;
0.016356;-0.721976;
0.01636;1.42663;
0.016364;0.187219;
0.016368;-1.49703;
0.016372;0.373836;
0.016376;1.35714;
0.01638;-0.88238;
0.016384;-1.02662;
0.016388;1.26698;
0.016392;0.551895;
0.016396;-1.47338;
0.0164;0.00035417;
0.016404;1.47348;
0.016408;-0.552554;
0.016412;-1.2666;
0.016416;1.02714;
0.01642;0.881807;
0.016424;-1.35744;
0.016428;-0.37315;
0.016432;1.49707;
0.016436;-0.187922;
0.01644;-1.42641;
0.016444;0.722597;
0.016448;1.15539;
0.016452;-1.15577;
0.016456;-0.722073;
0.01646;1.4266;
0.016464;0.187328;
0.016468;-1.49703;
0.016472;0.373729;
0.016476;1.35719;
0.01648;-0.882291;
0.016484;-1.0267;
0.016488;1.26692;
0.016492;0.551998;
0.016496;-1.47359;
0.0165;0.000243935;
0.016504;1.47327;
0.016508;-0.552451;
0.016512;-1.26666;
0.016516;1.02706;
0.01652;0.881896;
0.016524;-1.3574;
0.016528;-0.373257;
0.016532;1.49707;
0.016536;-0.187812;
0.01654;-1.42645;
0.016544;0.7225;
0.016548;1.15546;
0.016552;-1.1557;
0.016556;-0.722169;
0.01656;1.42656;
0.016564;0.187438;
0.016568;-1.49704;
0.016572;0.373623;
0.016576;1.35724;
0.01658;-0.882201;
0.016584;-1.02678;
0.016588;1.26686;
0.016592;0.5521;
0.016596;-1.47357;
0.0166;0.0001337;
0.016604;1.47329;
0.016608;-0.552349;
0.016612;-1.26606;
0.016616;1.02698;
0.01662;0.880991;
0.016624;-1.35735;
0.016628;-0.372173;
0.016632;1.49706;
0.016636;-0.187703;
0.01664;-1.42648;
0.016644;0.722404;
0.016648;1.15553;
0.016652;-1.15563;
0.016656;-0.722266;
0.01666;1.42653;
0.016664;0.187547;
0.016668;-1.49705;
0.016672;0.373516;
0.016676;1.35728;
0.01668;-0.882112;
0.016684;-1.02686;
0.016688;1.2668;
0.016692;0.552203;
0.016696;-1.47355;
0.0167;2.34644e-05;
0.016704;1.47331;
0.016708;-0.552246;
0.016712;-1.26612;
0.016716;1.0269;
0.01672;0.88108;
0.016724;-1.3573;
0.016728;-0.37228;
0.016732;1.49705;
0.016736;-0.188813;
0.01674;-1.42652;
0.016744;0.723384;
0.016748;1.1556;
0.016752;-1.15634;
0.016756;-0.722363;
0.01676;1.4265;
0.016764;0.187656;
0.016768;-1.49706;
0.016772;0.373409;
0.016776;1.35733;
0.01678;-0.882023;
0.016784;-1.02694;
0.016788;1.26674;
0.016792;0.552305;
0.016796;-1.47353;
0.0168;-8.6771e-05;
0.016804;1.47333;
0.016808;-0.552144;
0.016812;-1.26618;
0.016816;1.02682;
0.01682;0.881169;
0.016824;-1.35726;
0.016828;-0.372387;
0.016832;1.49704;
0.016836;-0.188703;
0.01684;-1.42655;
0.016844;0.723287;
0.016848;1.15567;
0.016852;-1.15627;
0.016856;-0.722459;
0.01686;1.42684;
0.016864;0.187766;
0.016868;-1.49699;
0.016872;0.373302;
0.016876;1.35685;
0.01688;-0.881934;
0.016884;-1.02702;
0.016888;1.26668;
0.016892;0.552408;
0.016896;-1.47351;
0.0169;-0.000197006;
0.016904;1.47335;
0.016908;-0.552041;
0.016912;-1.26624;
0.016916;1.02674;
0.01692;0.881259;
0.016924;-1.35721;
0.016928;-0.372494;
0.016932;1.49704;
0.016936;-0.188594;
0.01694;-1.42658;
0.016944;0.723191;
0.016948;1.15574;
0.016952;-1.1562;
0.016956;-0.722556;
0.01696;1.42681;
0.016964;0.187875;
0.016968;-1.49699;
0.016972;0.373196;
0.016976;1.3569;
0.01698;-0.881845;
0.016984;-1.02621;
0.016988;1.26662;
0.016992;0.551367;
0.016996;-1.47348;
0.017;0.000921609;
0.017004;1.47337;
0.017008;-0.551939;
0.017012;-1.26629;
0.017016;1.02666;
0.01702;0.881348;
0.017024;-1.35716;
0.017028;-0.372601;
0.017032;1.49703;
0.017036;-0.188485;
0.01704;-1.42662;
0.017044;0.723094;
0.017048;1.15581;
0.017052;-1.15613;
0.017056;-0.722652;
0.01706;1.42677;
0.017064;0.187985;
0.017068;-1.497;
0.017072;0.373089;
0.017076;1.35695;
0.01708;-0.881756;
0.017084;-1.02629;
0.017088;1.26656;
0.017092;0.55147;
0.017096;-1.47346;
0.0171;0.000811374;
0.017104;1.47339;
0.017108;-0.552979;
0.017112;-1.26635;
0.017116;1.02747;
0.01712;0.881437;
0.017124;-1.35711;
0.017128;-0.372707;
0.017132;1.49702;
0.017136;-0.188375;
0.01714;-1.42665;
0.017144;0.722997;
0.017148;1.15588;
0.017152;-1.15606;
0.017156;-0.722749;
0.01716;1.42674;
0.017164;0.188094;
0.017168;-1.49701;
0.017172;0.372982;
0.017176;1.35699;
0.01718;-1.17556;
0.017184;-1.36849;
0.017188;1.68867;
0.017192;0.73543;
0.017196;-1.96459;
0.0172;0.000934852;
0.017204;1.96455;
0.017208;-0.737168;
0.017212;-1.68855;
0.017216;1.36985;
0.01722;1.17537;
0.017224;-1.81012;
0.017228;-0.497085;
0.017232;1.99613;
0.017236;-0.251021;
0.01724;-1.90174;
0.017244;0.963868;
0.017248;1.54127;
0.017252;-1.54132;
0.017256;-0.963794;
0.01726;1.90227;
0.017264;0.250938;
0.017268;-1.99602;
0.017272;0.497167;
0.017276;1.80939;
0.01728;-1.17544;
0.017284;-1.3686;
0.017288;1.6886;
0.017292;0.735566;
0.017296;-1.96456;
0.0173;0.000787871;
0.017304;1.96458;
0.017308;-0.737032;
0.017312;-1.68863;
0.017316;1.36975;
0.01732;1.17549;
0.017324;-1.81006;
0.017328;-0.497228;
0.017332;1.99612;
0.017336;-0.250875;
0.01734;-1.90179;
0.017344;0.963739;
0.017348;1.54032;
0.017352;-1.54123;
0.017356;-0.962487;
0.01736;1.90223;
0.017364;0.249458;
0.017368;-1.99603;
0.017372;0.497025;
0.017376;1.80945;
0.01738;-1.17532;
0.017384;-1.36871;
0.017388;1.68852;
0.017392;0.735703;
0.017396;-1.96454;
0.0174;0.000640891;
0.017404;1.9646;
0.017408;-0.736895;
0.017412;-1.68871;
0.017416;1.36964;
0.01742;1.17561;
0.017424;-1.81;
0.017428;-0.49737;
0.017432;1.99611;
0.017436;-0.25073;
0.01744;-1.90183;
0.017444;0.96361;
0.017448;1.54041;
0.017452;-1.54114;
0.017456;-0.962616;
0.01746;1.90218;
0.017464;0.249604;
0.017468;-1.99604;
0.017472;0.498469;
0.017476;1.80951;
0.01748;-1.17652;
0.017484;-1.36881;
0.017488;1.68932;
0.017492;0.73584;
0.017496;-1.96451;
0.0175;0.00049391;
0.017504;1.96463;
0.017508;-0.736758;
0.017512;-1.68879;
0.017516;1.36953;
0.01752;1.17572;
0.017524;-1.80993;
0.017528;-0.497513;
0.017532;1.9961;
0.017536;-0.250584;
0.01754;-1.90188;
0.017544;0.963481;
0.017548;1.54051;
0.017552;-1.54104;
0.017556;-0.962745;
0.01756;1.90214;
0.017564;0.24975;
0.017568;-1.99605;
0.017572;0.498327;
0.017576;1.80958;
0.01758;-1.17641;
0.017584;-1.36892;
0.017588;1.68924;
0.017592;0.735977;
0.017596;-1.96479;
0.0176;0.00034693;
0.017604;1.96435;
0.017608;-0.736622;
0.017612;-1.68799;
0.017616;1.36943;
0.01762;1.17584;
0.017624;-1.80987;
0.017628;-0.497655;
0.017632;1.99609;
0.017636;-0.250438;
0.01764;-1.90192;
0.017644;0.963353;
0.017648;1.5406;
0.017652;-1.54095;
0.017656;-0.962873;
0.01766;1.90209;
0.017664;0.249895;
0.017668;-1.99605;
0.017672;0.498185;
0.017676;1.80964;
0.01768;-1.17629;
0.017684;-1.36903;
0.017688;1.68916;
0.017692;0.736113;
0.017696;-1.96476;
0.0177;0.000199949;
0.017704;1.96438;
0.017708;-0.736485;
0.017712;-1.68807;
0.017716;1.36932;
0.01772;1.17464;
0.017724;-1.80981;
0.017728;-0.49621;
0.017732;1.99608;
0.017736;-0.250292;
0.01774;-1.90197;
0.017744;0.963224;
0.017748;1.54069;
0.017752;-1.54085;
0.017756;-0.963002;
0.01776;1.90205;
0.017764;0.250041;
0.017768;-1.99606;
0.017772;0.498042;
0.017776;1.8097;
0.01778;-1.17617;
0.017784;-1.36913;
0.017788;1.68908;
0.017792;0.73625;
0.017796;-1.96473;
0.0178;5.29689e-05;
0.017804;1.96441;
0.017808;-0.736348;
0.017812;-1.68815;
0.017816;1.36921;
0.01782;1.17476;
0.017824;-1.80975;
0.017828;-0.496353;
0.017832;1.99607;
0.017836;-0.251772;
0.01784;-1.90201;
0.017844;0.964531;
0.017848;1.54079;
0.017852;-1.54181;
0.017856;-0.963131;
0.01786;1.902;
0.017864;0.250187;
0.017868;-1.99607;
0.017872;0.4979;
0.017876;1.80976;
0.01788;-1.17605;
0.017884;-1.36924;
0.017888;1.689;
0.017892;0.736387;
0.017896;-1.96471;
0.0179;-9.40115e-05;
0.017904;1.96443;
0.017908;-0.736212;
0.017912;-1.68822;
0.017916;1.3691;
0.01792;1.17487;
0.017924;-1.80968;
0.017928;-0.496495;
0.017932;1.99606;
0.017936;-0.251626;
0.01794;-1.90206;
0.017944;0.964402;
0.017948;1.54088;
0.017952;-1.54171;
0.017956;-0.96326;
0.01796;1.90246;
0.017964;0.250333;
0.017968;-1.99598;
0.017972;0.497758;
0.017976;1.80913;
0.01798;-1.17593;
0.017984;-1.36935;
0.017988;1.68892;
0.017992;0.736523;
0.017996;-1.96468;
0.018;-0.000240992;
0.018004;1.96446;
0.018008;-0.736075;
0.018012;-1.6883;
0.018016;1.369;
0.01802;1.17499;
0.018024;-1.80962;
0.018028;-0.496637;
0.018032;1.99605;
0.018036;-0.25148;
0.01804;-1.9021;
0.018044;0.964273;
0.018048;1.54097;
0.018052;-1.54162;
0.018056;-0.963389;
0.01806;1.90242;
0.018064;0.250479;
0.018068;-1.99599;
0.018072;0.497615;
0.018076;1.80919;
0.01808;-1.17581;
0.018084;-1.36826;
0.018088;1.68884;
0.018092;0.735136;
0.018096;-1.96465;
0.0181;0.0012505;
0.018104;1.96449;
0.018108;-0.735938;
0.018112;-1.68838;
0.018116;1.36889;
0.01812;1.17511;
0.018124;-1.80956;
0.018128;-0.49678;
0.018132;1.99604;
0.018136;-0.251334;
0.01814;-1.90215;
0.018144;0.964144;
0.018148;1.54107;
0.018152;-1.54152;
0.018156;-0.963517;
0.01816;1.90237;
0.018164;0.250625;
0.018168;-1.996;
0.018172;0.497473;
0.018176;1.80925;
0.01818;-1.17569;
0.018184;-1.36837;
0.018188;1.68876;
0.018192;0.735273;
0.018196;-1.96462;
0.0182;0.00110352;
0.018204;1.96452;
0.018208;-0.737325;
0.018212;-1.68846;
0.018216;1.36998;
0.01822;1.17523;
0.018224;-1.81019;
0.018228;-0.496922;
0.018232;1.99603;
0.018236;-0.251189;
0.01824;-1.9022;
0.018244;0.964016;
0.018248;1.54116;
0.018252;-1.54143;
0.018256;-0.963646;
0.01826;1.90233;
0.018264;0.25077;
0.018268;-1.99601;
0.018272;0.49733;
0.018276;1.80932;
0.01828;-1.17557;
0.018284;-1.36848;
0.018288;1.68869;
0.018292;0.73541;
0.018296;-1.9646;
0.0183;0.000956535;
0.018304;1.96454;
0.018308;-0.737188;
0.018312;-1.68854;
0.018316;1.36987;
0.01832;1.17535;
0.018324;-1.81013;
0.018328;-0.497064;
0.018332;1.99613;
0.018336;-0.251043;
0.01834;-1.90173;
0.018344;0.963887;
0.018348;1.54126;
0.018352;-1.54134;
0.018356;-0.963775;
0.01836;1.90228;
0.018364;0.250916;
0.018368;-1.99602;
0.018372;0.497188;
0.018376;1.80938;
0.01838;-1.17545;
0.018384;-1.36858;
0.018388;1.68861;
0.018392;0.735546;
0.018396;-1.96457;
0.0184;0.000809554;
0.018404;1.96457;
0.018408;-0.737052;
0.018412;-1.68862;
0.018416;1.36976;
0.01842;1.17547;
0.018424;-1.81007;
0.018428;-0.497207;
0.018432;1.99612;
0.018436;-0.250897;
0.01844;-1.90178;
0.018444;0.963758;
0.018448;1.5403;
0.018452;-1.54124;
0.018456;-0.962468;
0.01846;1.90223;
0.018464;0.249436;
0.018468;-1.99603;
0.018472;0.497046;
0.018476;1.80944;
0.01848;-1.17533;
0.018484;-1.36869;
0.018488;1.68853;
0.018492;0.735683;
0.018496;-1.96454;
0.0185;0.000662574;
0.018504;1.9646;
0.018508;-0.736915;
0.018512;-1.6887;
0.018516;1.36966;
0.01852;1.17559;
0.018524;-1.81;
0.018528;-0.497349;
0.018532;1.99611;
0.018536;-0.250751;
0.01854;-1.90182;
0.018544;0.963629;
0.018548;1.5404;
0.018552;-1.54115;
0.018556;-0.962597;
0.01856;1.90219;
0.018564;0.249582;
0.018568;-1.99603;
0.018572;0.49849;
0.018576;1.8095;
0.01858;-1.17654;
0.018584;-1.3688;
0.018588;1.68933;
0.018592;0.73582;
0.018596;-1.96451;
0.0186;0.000515593;
0.018604;1.96463;
0.018608;-0.736778;
0.018612;-1.26658;
0.018616;1.02716;
0.01862;0.881781;
0.018624;-1.35746;
0.018628;-0.373119;
0.018632;1.49707;
0.018636;-0.187954;
0.01864;-1.4264;
0.018644;0.722625;
0.018648;1.15537;
0.018652;-1.15579;
0.018656;-0.722044;
0.01866;1.42661;
0.018664;0.187296;
0.018668;-1.49703;
0.018672;0.373761;
0.018676;1.35717;
0.01868;-0.882317;
0.018684;-1.02668;
0.018688;1.26694;
0.018692;0.551967;
0.018696;-1.47359;
0.0187;0.00027646;
0.018704;1.47326;
0.018708;-0.552481;
0.018712;-1.26598;
0.018716;1.02708;
0.01872;0.88187;
0.018724;-1.35741;
0.018728;-0.373225;
0.018732;1.49707;
0.018736;-0.187845;
0.01874;-1.42644;
0.018744;0.722529;
0.018748;1.15544;
0.018752;-1.15572;
0.018756;-0.722141;
0.01876;1.42657;
0.018764;0.187405;
0.018768;-1.49704;
0.018772;0.373654;
0.018776;1.35722;
0.01878;-0.882228;
0.018784;-1.02676;
0.018788;1.26688;
0.018792;0.55207;
0.018796;-1.47357;
0.0188;0.000166224;
0.018804;1.47328;
0.018808;-0.552379;
0.018812;-1.26604;
0.018816;1.027;
0.01882;0.880965;
0.018824;-1.35736;
0.018828;-0.372142;
0.018832;1.49706;
0.018836;-0.187735;
0.01884;-1.42647;
0.018844;0.722432;
0.018848;1.15551;
0.018852;-1.15565;
0.018856;-0.722237;
0.01886;1.42654;
0.018864;0.187515;
0.018868;-1.49705;
0.018872;0.373547;
0.018876;1.35727;
0.01888;-0.882139;
0.018884;-1.02684;
0.018888;1.26682;
0.018892;0.552172;
0.018896;-1.47355;
0.0189;5.5989e-05;
0.018904;1.4733;
0.018908;-0.552276;
0.018912;-1.2661;
0.018916;1.02692;
0.01892;0.881054;
0.018924;-1.35732;
0.018928;-0.372249;
0.018932;1.49705;
0.018936;-0.188845;
0.01894;-1.42651;
0.018944;0.723412;
0.018948;1.15558;
0.018952;-1.15636;
0.018956;-0.722334;
0.01896;1.42651;
0.018964;0.187624;
0.018968;-1.49705;
0.018972;0.373441;
0.018976;1.35732;
0.01898;-0.882049;
0.018984;-1.02692;
0.018988;1.26676;
0.018992;0.552275;
0.018996;-1.47353;
0.019;-5.42463e-05;
0.019004;1.47332;
0.019008;-0.552174;
0.019012;-1.26616;
0.019016;1.02684;
0.01902;0.881143;
0.019024;-1.35727;
0.019028;-0.372355;
0.019032;1.49705;
0.019036;-0.188736;
0.01904;-1.42654;
0.019044;0.723316;
0.019048;1.15565;
0.019052;-1.15629;
0.019056;-0.722431;
0.01906;1.42685;
0.019064;0.187734;
0.019068;-1.49698;
0.019072;0.373334;
0.019076;1.35684;
0.01908;-0.88196;
0.019084;-1.027;
0.019088;1.2667;
0.019092;0.552377;
0.019096;-1.47351;
0.0191;-0.000164482;
0.019104;1.47334;
0.019108;-0.552071;
0.019112;-1.26622;
0.019116;1.02676;
0.01912;0.881232;
0.019124;-1.35722;
0.019128;-0.372462;
0.019132;1.49704;
0.019136;-0.188626;
0.01914;-1.42657;
0.019144;0.723219;
0.019148;1.15572;
0.019152;-1.15622;
0.019156;-0.722527;
0.01916;1.42682;
0.019164;0.187843;
0.019168;-1.49699;
0.019172;0.373227;
0.019176;1.35689;
0.01918;-0.881871;
0.019184;-1.02618;
0.019188;1.26664;
0.019192;0.551337;
0.019196;-1.47349;
0.0192;0.000954134;
0.019204;1.47336;
0.019208;-0.551969;
0.019212;-1.26628;
0.019216;1.02668;
0.01922;0.881321;
0.019224;-1.35718;
0.019228;-0.372569;
0.019232;1.49703;
0.019236;-0.188517;
0.01924;-1.42661;
0.019244;0.723123;
0.019248;1.15579;
0.019252;-1.15615;
0.019256;-0.722624;
0.01926;1.42678;
0.019264;0.187952;
0.019268;-1.497;
0.019272;0.37312;
0.019276;1.35693;
0.01928;-0.881782;
0.019284;-1.02626;
0.019288;1.26658;
0.019292;0.55144;
0.019296;-1.47347;
0.0193;0.000843899;
0.019304;1.47338;
0.019308;-0.553009;
0.019312;-1.26634;
0.019316;1.02749;
0.01932;0.881411;
0.019324;-1.35765;
0.019328;-0.372676;
0.019332;1.49703;
0.019336;-0.188408;
0.01934;-1.42664;
0.019344;0.723026;
0.019348;1.15586;
0.019352;-1.15608;
0.019356;-0.72272;
0.01936;1.42675;
0.019364;0.188062;
0.019368;-1.497;
0.019372;0.373014;
0.019376;1.35698;
0.01938;-0.881693;
0.019384;-1.02634;
0.019388;1.26652;
0.019392;0.551542;
0.019396;-1.47345;
0.0194;0.000733663;
0.019404;1.4734;
0.019408;-0.552906;
0.019412;-1.2664;
0.019416;1.02741;
0.01942;0.8815;
0.019424;-1.3576;
0.019428;-0.372783;
0.019432;1.4971;
0.019436;-0.188298;
0.01944;-1.4263;
0.019444;0.722929;
0.019448;1.15593;
0.019452;-1.15601;
0.019456;-0.722817;
0.01946;1.42672;
0.019464;0.188171;
0.019468;-1.49701;
0.019472;0.372907;
0.019476;1.35703;
0.01948;-0.881604;
0.019484;-1.02642;
0.019488;1.26646;
0.019492;0.551645;
0.019496;-1.47343;
0.0195;0.000623428;
0.019504;1.47343;
0.019508;-0.552804;
0.019512;-1.26645;
0.019516;1.02733;
0.01952;0.881589;
0.019524;-1.35756;
0.019528;-0.372889;
0.019532;1.49709;
0.019536;-0.188189;
0.01954;-1.42633;
0.019544;0.722833;
0.019548;1.15522;
0.019552;-1.15594;
0.019556;-0.721837;
0.01956;1.42668;
0.019564;0.187061;
0.019568;-1.49702;
0.019572;0.3728;
0.019576;1.35707;
0.01958;-0.881514;
0.019584;-1.02651;
0.019588;1.26641;
0.019592;0.551747;
0.019596;-1.47341;
0.0196;0.000513193;
0.019604;1.47345;
0.019608;-0.552701;
0.019612;-1.26651;
0.019616;1.02725;
0.01962;0.881678;
0.019624;-1.35751;
0.019628;-0.372996;
0.019632;1.49708;
0.019636;-0.188079;
0.01964;-1.42636;
0.019644;0.722736;
0.019648;1.15529;
0.019652;-1.15587;
0.019656;-0.721933;
0.01966;1.42665;
0.019664;0.187171;
0.019668;-1.49702;
0.019672;0.373883;
0.019676;1.35712;
0.01968;-0.882419;
0.019684;-1.02659;
0.019688;1.267;
0.019692;0.55185;
0.019696;-1.47339;
0.0197;0.000402957;
0.019704;1.47347;
0.019708;-0.552599;
0.019712;-1.26657;
0.019716;1.02717;
0.01972;0.881767;
0.019724;-1.35746;
0.019728;-0.373103;
0.019732;1.49708;
0.019736;-0.18797;
0.01974;-1.4264;
0.019744;0.72264;
0.019748;1.15536;
0.019752;-1.1558;
0.019756;-0.72203;
0.01976;1.42661;
0.019764;0.18728;
0.019768;-1.49703;
0.019772;0.373777;
0.019776;1.35717;
0.01978;-0.88233;
0.019784;-1.02667;
0.019788;1.26695;
0.019792;0.551952;
0.019796;-1.4736;
0.0198;0.000292722;
0.019804;1.47326;
0.019808;-0.552496;
0.019812;-1.26597;
0.019816;1.02709;
0.01982;0.881857;
0.019824;-1.35742;
0.019828;-0.37321;
0.019832;1.49707;
0.019836;-0.187861;
0.01984;-1.42643;
0.019844;0.722543;
0.019848;1.15543;
0.019852;-1.15573;
0.019856;-0.722127;
0.01986;1.42658;
0.019864;0.187389;
0.019868;-1.49704;
0.019872;0.37367;
0.019876;1.35721;
0.01988;-0.882241;
0.019884;-1.02675;
0.019888;1.26689;
0.019892;0.552055;
0.019896;-1.47358;
0.0199;0.000182487;
0.019904;1.47328;
0.019908;-0.552394;
0.019912;-1.26603;
0.019916;1.02701;
0.01992;0.880951;
0.019924;-1.35737;
0.019928;-0.372126;
0.019932;1.49706;
0.019936;-0.188971;
0.01994;-1.42647;
0.019944;0.722446;
0.019948;1.1555;
0.019952;-1.15566;
0.019956;-0.722223;
0.01996;1.42654;
0.019964;0.187499;
0.019968;-1.49705;
0.019972;0.373563;
0.019976;1.35726;
0.01998;-0.882152;
0.019984;-1.02683;
0.019988;1.26683;
0.019992;0.552157;
0.019996;-1.47356;
