0;0;
4e-06;0.975087;
8e-06;-0.432589;
1.2e-05;-0.783173;
1.6e-05;0.780038;
2e-05;0.437116;
2.4e-05;-0.97396;
2.8e-05;-0.00502601;
3.2e-05;0.97619;
3.6e-05;-0.428053;
4e-05;-0.786288;
4.4e-05;0.776883;
4.8e-05;0.44163;
5.2e-05;-0.972808;
5.6e-05;-0.0100519;
6e-05;0.977268;
6.4e-05;-0.423505;
6.8e-05;-0.789383;
7.2e-05;0.773709;
7.6e-05;0.446136;
8e-05;-0.971632;
8.4e-05;-0.0150783;
8.8e-05;0.978321;
9.2e-05;-0.418947;
9.6e-05;-0.792458;
0.0001;0.770513;
0.000104;0.450628;
0.000108;-0.970431;
0.000112;-0.0201028;
0.000116;0.979349;
0.00012;-0.414376;
0.000124;-0.795515;
0.000128;0.7673;
0.000132;0.455108;
0.000136;-0.969206;
0.00014;-0.0251267;
0.000144;0.980353;
0.000148;-0.4098;
0.000152;-0.798552;
0.000156;0.764066;
0.00016;0.45958;
0.000164;-0.967955;
0.000168;-0.0301532;
0.000172;0.981333;
0.000176;-0.405208;
0.00018;-0.801565;
0.000184;0.760817;
0.000188;0.464034;
0.000192;-0.966682;
0.000196;-0.035179;
0.0002;0.982287;
0.000204;-0.400606;
0.000208;-0.804561;
0.000212;0.757544;
0.000216;0.468482;
0.00022;-0.965383;
0.000224;-0.0401974;
0.000228;0.983216;
0.000232;-0.395999;
0.000236;-0.807534;
0.00024;0.754252;
0.000244;0.472919;
0.000248;-0.964059;
0.000252;-0.0452213;
0.000256;0.984121;
0.00026;-0.391377;
0.000264;-0.810489;
0.000268;0.750945;
0.000272;0.477338;
0.000276;-0.962712;
0.00028;-0.0502375;
0.000284;0.985;
0.000288;-0.386751;
0.000292;-0.813421;
0.000296;0.747619;
0.0003;0.481745;
0.000304;-0.961338;
0.000308;-0.0552655;
0.000312;0.985856;
0.000316;-0.382103;
0.00032;-0.816339;
0.000324;0.744266;
0.000328;0.486151;
0.000332;-0.959943;
0.000336;-0.060279;
0.00034;0.986685;
0.000344;-0.377457;
0.000348;-0.819229;
0.000352;0.740902;
0.000356;0.490533;
0.00036;-0.958524;
0.000364;-0.065291;
0.000368;0.98749;
0.000372;-0.372802;
0.000376;-0.822099;
0.00038;0.73752;
0.000384;0.494903;
0.000388;-0.957077;
0.000392;-0.0703145;
0.000396;0.988271;
0.0004;-0.368125;
0.000404;-0.824955;
0.000408;0.73411;
0.000412;0.499272;
0.000416;-0.955609;
0.00042;-0.0753231;
0.000424;0.989026;
0.000428;-0.363451;
0.000432;-0.827783;
0.000436;0.730691;
0.00044;0.503617;
0.000444;-0.954117;
0.000448;-0.0803298;
0.000452;0.989755;
0.000456;-0.358768;
0.00046;-0.83059;
0.000464;0.727253;
0.000468;0.507949;
0.000472;-0.952602;
0.000476;-0.0853475;
0.00048;0.990461;
0.000484;-0.354064;
0.000488;-0.833384;
0.000492;0.723797;
0.000496;0.51228;
0.0005;-0.951062;
0.000504;-0.09035;
0.000508;0.991139;
0.000512;-0.349363;
0.000516;-0.836156;
0.00052;0.720314;
0.000524;0.516598;
0.000528;-0.949494;
0.000532;-0.0953632;
0.000536;0.991795;
0.00054;-0.34464;
0.000544;-0.838893;
0.000548;0.716812;
0.000552;0.52088;
0.000556;-0.947902;
0.00056;-0.100348;
0.000564;0.992426;
0.000568;-0.339934;
0.000572;-0.841622;
0.000576;0.713311;
0.00058;0.525171;
0.000584;-0.946294;
0.000588;-0.105356;
0.000592;0.993029;
0.000596;-0.335195;
0.0006;-0.844317;
0.000604;0.709773;
0.000608;0.529449;
0.000612;-0.944655;
0.000616;-0.110362;
0.00062;0.99361;
0.000624;-0.330447;
0.000628;-0.847004;
0.000632;0.706217;
0.000636;0.533692;
0.00064;-0.942991;
0.000644;-0.115339;
0.000648;0.994166;
0.000652;-0.325715;
0.000656;-0.84967;
0.00066;0.702662;
0.000664;0.537943;
0.000668;-0.941312;
0.000672;-0.120339;
0.000676;0.994694;
0.00068;-0.320951;
0.000684;-0.852301;
0.000688;0.699071;
0.000692;0.542181;
0.000696;-0.9396;
0.0007;-0.125336;
0.000704;0.995199;
0.000708;-0.316178;
0.000712;-0.854923;
0.000716;0.695462;
0.00072;0.546383;
0.000724;-0.937865;
0.000728;-0.130303;
0.000732;0.995679;
0.000736;-0.311422;
0.00074;-0.857525;
0.000744;0.691854;
0.000748;0.550593;
0.000752;-0.936115;
0.000756;-0.135294;
0.00076;0.996132;
0.000764;-0.306633;
0.000768;-0.860091;
0.000772;0.688209;
0.000776;0.554789;
0.00078;-0.934333;
0.000784;-0.140281;
0.000788;0.996562;
0.000792;-0.301837;
0.000796;-0.862648;
0.0008;0.684548;
0.000804;0.558949;
0.000808;-0.932526;
0.000812;-0.145238;
0.000816;0.996966;
0.00082;-0.297058;
0.000824;-0.865184;
0.000828;0.680888;
0.000832;0.563117;
0.000836;-0.930706;
0.00084;-0.150218;
0.000844;0.997344;
0.000848;-0.292247;
0.000852;-0.867685;
0.000856;0.677192;
0.00086;0.567271;
0.000864;-0.928853;
0.000868;-0.155194;
0.000872;0.997698;
0.000876;-0.287428;
0.00088;-0.870177;
0.000884;0.673478;
0.000888;0.571389;
0.000892;-0.926976;
0.000896;-0.16014;
0.0009;0.998026;
0.000904;-0.282627;
0.000908;-0.872647;
0.000912;0.669767;
0.000916;0.575514;
0.00092;-0.925085;
0.000924;-0.165108;
0.000928;0.998328;
0.000932;-0.277793;
0.000936;-0.875082;
0.00094;0.66602;
0.000944;0.579603;
0.000948;-0.923161;
0.000952;-0.170072;
0.000956;0.998607;
0.00096;-0.272953;
0.000964;-0.877508;
0.000968;0.662256;
0.000972;0.583698;
0.000976;-0.921214;
0.00098;-0.175006;
0.000984;0.998859;
0.000988;-0.268106;
0.000992;-0.879911;
0.000996;0.658494;
0.001;0.587758;
0.001004;-0.919243;
0.001008;-0.179961;
0.001012;0.999086;
0.001016;-0.263302;
0.00102;-0.882292;
0.001024;0.654697;
0.001028;0.591824;
0.001032;-0.91725;
0.001036;-0.184911;
0.00104;0.999289;
0.001044;-0.258441;
0.001048;-0.884651;
0.001052;0.650883;
0.001056;0.595875;
0.00106;-0.915254;
0.001064;-0.189857;
0.001068;0.999466;
0.001072;-0.253574;
0.001076;-0.886963;
0.00108;0.647052;
0.001084;0.599911;
0.001088;-0.913213;
0.001092;-0.194747;
0.001096;0.999618;
0.0011;-0.248701;
0.001104;-0.889277;
0.001108;0.643245;
0.001112;0.603932;
0.001116;-0.91115;
0.00112;-0.199683;
0.001124;0.999744;
0.001128;-0.243821;
0.001132;-0.891569;
0.001136;0.639382;
0.00114;0.607937;
0.001144;-0.909064;
0.001148;-0.204614;
0.001152;0.999845;
0.001156;-0.238935;
0.00116;-0.893838;
0.001164;0.635502;
0.001168;0.611886;
0.001172;-0.906954;
0.001176;-0.20954;
0.00118;0.999921;
0.001184;-0.234093;
0.001188;-0.896084;
0.001192;0.631607;
0.001196;0.61586;
0.0012;-0.904844;
0.001204;-0.214461;
0.001208;0.999971;
0.001212;-0.229195;
0.001216;-0.898308;
0.00122;0.627695;
0.001224;0.619819;
0.001228;-0.902689;
0.001232;-0.219376;
0.001236;0.999997;
0.00124;-0.224291;
0.001244;-0.900486;
0.001248;0.623767;
0.001252;0.623763;
0.001256;-0.900511;
0.00126;-0.224234;
0.001264;0.999997;
0.001268;-0.219382;
0.001272;-0.902664;
0.001276;0.619865;
0.00128;0.62769;
0.001284;-0.89831;
0.001288;-0.229138;
0.001292;0.999972;
0.001296;-0.214467;
0.0013;-0.904819;
0.001304;0.615906;
0.001308;0.631602;
0.001312;-0.896087;
0.001316;-0.234036;
0.00132;0.999922;
0.001324;-0.209546;
0.001328;-0.906952;
0.001332;0.611932;
0.001336;0.635457;
0.00134;-0.893841;
0.001344;-0.238929;
0.001348;0.999846;
0.001352;-0.204671;
0.001356;-0.909061;
0.00136;0.607942;
0.001364;0.639337;
0.001368;-0.891595;
0.001372;-0.243815;
0.001376;0.999745;
0.00138;-0.19974;
0.001384;-0.911148;
0.001388;0.603936;
0.001392;0.6432;
0.001396;-0.889304;
0.0014;-0.248695;
0.001404;0.999618;
0.001408;-0.194804;
0.001412;-0.91319;
0.001416;0.599916;
0.00142;0.647047;
0.001424;-0.88699;
0.001428;-0.251086;
0.001432;0.99886;
0.001436;-0.157689;
0.00144;-0.934319;
0.001444;0.540099;
0.001448;0.713297;
0.001452;-0.832002;
0.001456;-0.372766;
0.00146;0.984572;
0.001464;-0.0301603;
0.001468;-0.972219;
0.001472;0.428082;
0.001476;0.797039;
0.00148;-0.754257;
0.001484;-0.488328;
0.001488;0.954126;
0.001492;0.0978636;
0.001496;-0.994165;
0.0015;0.30904;
0.001504;0.867677;
0.001508;-0.664135;
0.001512;-0.595878;
0.001516;0.908023;
0.00152;0.224231;
0.001524;-0.999798;
0.001528;0.184928;
0.001532;0.924109;
0.001536;-0.563158;
0.00154;-0.69365;
0.001544;0.84702;
0.001548;0.346971;
0.001552;-0.989025;
0.001556;0.0577807;
0.00156;0.965376;
0.001564;-0.452901;
0.001568;-0.78004;
0.001572;0.772119;
0.001576;0.464017;
0.00158;-0.962038;
0.001584;-0.0703144;
0.001588;0.990803;
0.001592;-0.335213;
0.001596;-0.853603;
0.0016;0.684548;
0.001604;0.573449;
0.001608;-0.919257;
0.001612;-0.197205;
0.001616;0.999972;
0.00162;-0.212025;
0.001624;-0.913191;
0.001628;0.585787;
0.001632;0.673472;
0.001636;-0.861391;
0.00164;-0.320911;
0.001644;0.992732;
0.001648;-0.085357;
0.001652;-0.957796;
0.001656;0.477375;
0.00166;0.762443;
0.001664;-0.789392;
0.001668;-0.439352;
0.001672;0.969215;
0.001676;0.0427114;
0.00168;-0.986684;
0.001684;0.36113;
0.001688;0.838876;
0.001692;-0.704439;
0.001696;-0.550583;
0.0017;0.929788;
0.001704;0.170028;
0.001708;-0.999381;
0.001712;0.23896;
0.001716;0.901577;
0.00172;-0.607927;
0.001724;-0.652779;
0.001728;0.875104;
0.001732;0.294606;
0.001736;-0.995679;
0.00174;0.112868;
0.001744;0.949483;
0.001748;-0.501484;
0.001752;-0.744264;
0.001756;0.806061;
0.00176;0.41435;
0.001764;-0.975651;
0.001768;-0.0150758;
0.001772;0.98181;
0.001776;-0.386771;
0.00178;-0.823508;
0.001784;0.723791;
0.001788;0.527295;
0.001792;-0.939608;
0.001796;-0.142721;
0.0018;0.998026;
0.001804;-0.265712;
0.001808;-0.889272;
0.001812;0.629644;
0.001816;0.631588;
0.00182;-0.888148;
0.001824;-0.268076;
0.001828;0.997866;
0.001832;-0.140293;
0.001836;-0.940445;
0.00184;0.525209;
0.001844;0.725517;
0.001848;-0.822114;
0.001852;-0.389032;
0.001856;0.981341;
0.00186;-0.0125714;
0.001864;-0.976186;
0.001868;0.412117;
0.001872;0.80751;
0.001876;-0.742589;
0.00188;-0.503605;
0.001884;0.948711;
0.001888;0.115305;
0.001892;-0.995909;
0.001896;0.292261;
0.0019;0.876289;
0.001904;-0.65088;
0.001908;-0.609913;
0.001912;0.900513;
0.001916;0.241341;
0.00192;-0.99929;
0.001924;0.16761;
0.001928;0.930688;
0.001932;-0.548533;
0.001936;-0.706214;
0.00194;0.837538;
0.001944;0.363417;
0.001948;-0.986282;
0.001952;0.0402089;
0.001956;0.969816;
0.00196;-0.437147;
0.001964;-0.790895;
0.001968;0.760854;
0.001972;0.479484;
0.001976;-0.957073;
0.00198;-0.0878522;
0.001984;0.99303;
0.001988;-0.318587;
0.001992;-0.862635;
0.001996;0.671657;
0.002;0.587731;
0.002004;-0.912168;
0.002008;-0.214472;
0.002012;0.99995;
0.002016;-0.1948;
0.00202;-0.92022;
0.002024;0.571438;
0.002028;0.686334;
0.002032;-0.852349;
0.002036;-0.337572;
0.00204;0.990461;
0.002044;-0.0678158;
0.002048;-0.962704;
0.002052;0.461843;
0.002056;0.773676;
0.00206;-0.778502;
0.002064;-0.455133;
0.002068;0.96472;
0.002072;0.0602809;
0.002076;-0.989392;
0.00208;0.344669;
0.002084;0.848322;
0.002088;-0.691881;
0.002092;-0.56514;
0.002096;0.923149;
0.0021;0.187388;
0.002104;-0.999845;
0.002108;0.22184;
0.002112;0.909048;
0.002116;-0.593906;
0.00212;-0.665967;
0.002124;0.866481;
0.002128;0.311421;
0.002132;-0.993892;
0.002136;0.0953707;
0.00214;0.954857;
0.002144;-0.486186;
0.002148;-0.755865;
0.002152;0.795556;
0.002156;0.430344;
0.00216;-0.971629;
0.002164;-0.0326636;
0.002168;0.984998;
0.002172;-0.370488;
0.002176;-0.83336;
0.00218;0.711576;
0.002184;0.542118;
0.002188;-0.933423;
0.002192;-0.160162;
0.002196;0.998977;
0.0022;-0.248711;
0.002204;-0.897181;
0.002208;0.61592;
0.002212;0.64509;
0.002216;-0.87995;
0.00222;-0.285032;
0.002224;0.996563;
0.002228;-0.122853;
0.002232;-0.94628;
0.002236;0.510158;
0.00224;0.737476;
0.002244;-0.812001;
0.002248;-0.405226;
0.002252;0.977796;
0.002256;0.00502137;
0.00226;-0.979851;
0.002264;0.396024;
0.002268;0.817762;
0.002272;-0.730727;
0.002276;-0.518681;
0.00228;0.942985;
0.002284;0.132813;
0.002288;-0.997344;
0.002292;0.275392;
0.002296;0.884629;
0.0023;-0.637463;
0.002304;-0.62372;
0.002308;0.892747;
0.002312;0.258426;
0.002316;-0.998472;
0.00232;0.150241;
0.002324;0.936979;
0.002328;-0.533739;
0.002332;-0.718524;
0.002336;0.827825;
0.00234;0.379798;
0.002344;-0.983216;
0.002348;0.0226247;
0.002352;0.973955;
0.002356;-0.421257;
0.00236;-0.801538;
0.002364;0.74932;
0.002368;0.494848;
0.002372;-0.951826;
0.002376;-0.105363;
0.00238;0.99495;
0.002384;-0.301862;
0.002388;-0.8714;
0.002392;0.658519;
0.002396;0.601873;
0.0024;-0.904861;
0.002404;-0.231621;
0.002408;0.999618;
0.002412;-0.177514;
0.002416;-0.926963;
0.00242;0.556913;
0.002424;0.699023;
0.002428;-0.843017;
0.002432;-0.354079;
0.002436;0.987883;
0.00244;-0.0502536;
0.002444;-0.967315;
0.002448;0.446168;
0.002452;0.784702;
0.002456;-0.76734;
0.00246;-0.470636;
0.002464;0.959939;
0.002468;0.0778318;
0.002472;-0.991795;
0.002476;0.328102;
0.00248;0.857505;
0.002484;-0.679072;
0.002488;-0.579567;
0.002492;0.916284;
0.002496;0.20464;
0.0025;-1;
0.002504;0.204652;
0.002508;0.916238;
0.002512;-0.579661;
0.002516;-0.678987;
0.00252;0.857565;
0.002524;0.32809;
0.002528;-0.991796;
0.002532;0.077844;
0.002536;0.959935;
0.00254;-0.470738;
0.002544;-0.767266;
0.002548;0.784774;
0.002552;0.446064;
0.002556;-0.967318;
0.00256;-0.0502414;
0.002564;0.987882;
0.002568;-0.354091;
0.002572;-0.842955;
0.002576;0.699105;
0.00258;0.556817;
0.002584;-0.926967;
0.002588;-0.177502;
0.002592;0.999618;
0.002596;-0.231633;
0.0026;-0.904812;
0.002604;0.601966;
0.002608;0.658432;
0.002612;-0.871457;
0.002616;-0.301851;
0.00262;0.994951;
0.002624;-0.105375;
0.002628;-0.951822;
0.002632;0.494948;
0.002636;0.749244;
0.00264;-0.801607;
0.002644;-0.421152;
0.002648;0.973958;
0.002652;0.0226126;
0.002656;-0.983213;
0.00266;0.379809;
0.002664;0.827761;
0.002668;-0.718605;
0.002672;-0.533641;
0.002676;0.936984;
0.00268;0.150229;
0.002684;-0.998471;
0.002688;0.258437;
0.002692;0.892695;
0.002696;-0.62381;
0.0027;-0.637374;
0.002704;0.884682;
0.002708;0.27538;
0.002712;-0.997345;
0.002716;0.132825;
0.00272;0.942981;
0.002724;-0.51878;
0.002728;-0.730648;
0.002732;0.817828;
0.002736;0.395918;
0.00274;-0.979854;
0.002744;0.00503353;
0.002748;0.977794;
0.002752;-0.405237;
0.002756;-0.811933;
0.00276;0.737555;
0.002764;0.510058;
0.002768;-0.946284;
0.002772;-0.122841;
0.002776;0.996562;
0.00278;-0.285044;
0.002784;-0.879895;
0.002788;0.645178;
0.002792;0.615829;
0.002796;-0.897232;
0.0028;-0.248699;
0.002804;0.998977;
0.002808;-0.160174;
0.002812;-0.933419;
0.002816;0.542215;
0.00282;0.711495;
0.002824;-0.833424;
0.002828;-0.370381;
0.002832;0.985;
0.002836;-0.0326758;
0.00284;-0.971626;
0.002844;0.430355;
0.002848;0.795486;
0.002852;-0.755941;
0.002856;-0.486085;
0.00286;0.954861;
0.002864;0.0953586;
0.002868;-0.99389;
0.002872;0.311433;
0.002876;0.866423;
0.00288;-0.666053;
0.002884;-0.593813;
0.002888;0.909096;
0.002892;0.221828;
0.002896;-0.999845;
0.0029;0.1874;
0.002904;0.923144;
0.002908;-0.565236;
0.002912;-0.691797;
0.002916;0.848383;
0.00292;0.344561;
0.002924;-0.989394;
0.002928;0.0602931;
0.002932;0.964717;
0.002936;-0.455144;
0.00294;-0.77843;
0.002944;0.773749;
0.002948;0.46174;
0.002952;-0.962708;
0.002956;-0.0678036;
0.00296;0.990459;
0.002964;-0.337583;
0.002968;-0.852289;
0.002972;0.686419;
0.002976;0.571343;
0.00298;-0.920265;
0.002984;-0.194788;
0.002988;0.999949;
0.002992;-0.214484;
0.002996;-0.912163;
0.003;0.587825;
0.003004;0.671571;
0.003008;-0.862693;
0.003012;-0.318576;
0.003016;0.993031;
0.00302;-0.0878643;
0.003024;-0.957069;
0.003028;0.479585;
0.003032;0.760779;
0.003036;-0.790966;
0.00304;-0.437043;
0.003044;0.969819;
0.003048;0.0401968;
0.003052;-0.986271;
0.003056;0.363476;
0.00306;0.837503;
0.003064;-0.706259;
0.003068;-0.548437;
0.003072;0.93073;
0.003076;0.167598;
0.00308;-0.999289;
0.003084;0.241403;
0.003088;0.900485;
0.003092;-0.609964;
0.003096;-0.650831;
0.0031;0.876344;
0.003104;0.29225;
0.003108;-0.99591;
0.003112;0.115368;
0.003116;0.94869;
0.00312;-0.50366;
0.003124;-0.742547;
0.003128;0.807578;
0.003132;0.412011;
0.003136;-0.976189;
0.00314;-0.0125592;
0.003144;0.981329;
0.003148;-0.389091;
0.003152;-0.822077;
0.003156;0.725561;
0.00316;0.525111;
0.003164;-0.940484;
0.003168;-0.140281;
0.003172;0.997865;
0.003176;-0.268137;
0.00318;-0.888118;
0.003184;0.631637;
0.003188;0.629594;
0.003192;-0.889325;
0.003196;-0.2657;
0.0032;0.998027;
0.003204;-0.142784;
0.003208;-0.939587;
0.003212;0.527349;
0.003216;0.723747;
0.00322;-0.823573;
0.003224;-0.386665;
0.003228;0.981812;
0.003232;-0.0150879;
0.003236;-0.975637;
0.00324;0.414408;
0.003244;0.806023;
0.003248;-0.744307;
0.003252;-0.501384;
0.003256;0.94952;
0.00326;0.112856;
0.003264;-0.995678;
0.003268;0.294667;
0.003272;0.875073;
0.003276;-0.652828;
0.00328;-0.607876;
0.003284;0.901627;
0.003288;0.238948;
0.003292;-0.999381;
0.003296;0.170091;
0.0033;0.929764;
0.003304;-0.550636;
0.003308;-0.704393;
0.003312;0.838939;
0.003316;0.361023;
0.00332;-0.986686;
0.003324;0.0427236;
0.003328;0.969199;
0.003332;-0.439409;
0.003336;-0.789352;
0.00334;0.762485;
0.003344;0.477274;
0.003348;-0.957829;
0.003352;-0.0853448;
0.003356;0.99273;
0.00336;-0.320972;
0.003364;-0.861359;
0.003368;0.673519;
0.003372;0.585693;
0.003376;-0.913239;
0.00338;-0.212013;
0.003384;0.999972;
0.003388;-0.197268;
0.003392;-0.919232;
0.003396;0.573502;
0.0034;0.684502;
0.003404;-0.853663;
0.003408;-0.335104;
0.003412;0.990804;
0.003416;-0.0703265;
0.00342;-0.96202;
0.003424;0.464074;
0.003428;0.772079;
0.003432;-0.780079;
0.003436;-0.452798;
0.00344;0.965379;
0.003444;0.0577686;
0.003448;-0.989024;
0.003452;0.347031;
0.003456;0.846987;
0.00346;-0.693696;
0.003464;-0.563062;
0.003468;0.924153;
0.003472;0.184916;
0.003476;-0.999798;
0.00348;0.224294;
0.003484;0.907996;
0.003488;-0.595929;
0.003492;-0.664087;
0.003496;0.867735;
0.0035;0.30893;
0.003504;-0.994166;
0.003508;0.0978757;
0.003512;0.954106;
0.003516;-0.488384;
0.00352;-0.754215;
0.003524;0.797078;
0.003528;0.427977;
0.003532;-0.972221;
0.003536;-0.0301481;
0.00354;0.984561;
0.003544;-0.372825;
0.003548;-0.831967;
0.003552;0.713342;
0.003556;0.540001;
0.00356;-0.93436;
0.003564;-0.157677;
0.003568;0.99886;
0.003572;-0.251148;
0.003576;-0.896067;
0.00358;0.617901;
0.003584;0.643165;
0.003588;-0.881143;
0.003592;-0.28252;
0.003596;0.996768;
0.0036;-0.12535;
0.003604;-0.945463;
0.003608;0.512321;
0.003612;0.735774;
0.003616;-0.813467;
0.00362;-0.402829;
0.003624;0.97832;
0.003628;0.00250461;
0.003632;-0.979346;
0.003636;0.398334;
0.00364;0.816311;
0.003644;-0.732443;
0.003648;-0.516528;
0.003652;0.943854;
0.003656;0.130318;
0.00366;-0.997158;
0.003664;0.277811;
0.003668;0.883452;
0.003672;-0.6394;
0.003676;-0.621751;
0.00368;0.893878;
0.003684;0.255894;
0.003688;-0.998608;
0.003692;0.152729;
0.003696;0.936097;
0.0037;-0.535866;
0.003704;-0.716772;
0.003708;0.829235;
0.003712;0.377372;
0.003716;-0.983672;
0.00372;0.0251408;
0.003724;0.973382;
0.003728;-0.423538;
0.003732;-0.800031;
0.003736;0.750984;
0.00374;0.492659;
0.003744;-0.952626;
0.003748;-0.10286;
0.003752;0.994694;
0.003756;-0.304261;
0.00376;-0.870163;
0.003764;0.660411;
0.003768;0.599861;
0.003772;-0.90593;
0.003776;-0.229072;
0.00378;0.999684;
0.003784;-0.179991;
0.003788;-0.926016;
0.003792;0.559001;
0.003796;0.697221;
0.0038;-0.844368;
0.003804;-0.351628;
0.003808;0.988271;
0.003812;-0.052767;
0.003816;-0.966674;
0.00382;0.448419;
0.003824;0.78314;
0.003828;-0.768952;
0.003832;-0.468414;
0.003836;0.96067;
0.00384;0.0753224;
0.003844;-0.99147;
0.003848;0.330478;
0.003852;0.856208;
0.003856;-0.680917;
0.00386;-0.577514;
0.003864;0.917289;
0.003868;0.202075;
0.003872;-0.999997;
0.003876;0.207115;
0.00388;0.915226;
0.003884;-0.58171;
0.003888;-0.677137;
0.003892;0.858857;
0.003896;0.325614;
0.0039;-0.992115;
0.003904;0.0803528;
0.003908;0.959227;
0.003912;-0.472957;
0.003916;-0.76565;
0.00392;0.786331;
0.003924;0.443811;
0.003928;-0.967979;
0.003932;-0.0476243;
0.003936;0.987472;
0.00394;-0.35654;
0.003944;-0.841543;
0.003948;0.700829;
0.003952;0.554811;
0.003956;-0.927909;
0.00396;-0.175025;
0.003964;0.999545;
0.003968;-0.234081;
0.003972;-0.903737;
0.003976;0.603973;
0.00398;0.656536;
0.003984;-0.872688;
0.003988;-0.299352;
0.003992;0.995211;
0.003996;-0.10798;
0.004;-0.951015;
0.004004;0.497223;
0.004008;0.747643;
0.004012;-0.803048;
0.004016;-0.418962;
0.00402;0.974526;
0.004024;0.0200964;
0.004028;-0.982751;
0.004032;0.382136;
0.004036;0.826346;
0.00404;-0.720353;
0.004044;-0.531511;
0.004048;0.937896;
0.004052;0.147638;
0.004056;-0.998323;
0.00406;0.260968;
0.004064;0.891511;
0.004068;-0.625695;
0.004072;-0.635513;
0.004076;0.885805;
0.00408;0.27296;
0.004084;-0.997525;
0.004088;0.135319;
0.004092;0.94214;
0.004096;-0.52093;
0.0041;-0.728928;
0.004104;0.819274;
0.004108;0.393605;
0.004112;-0.980374;
0.004116;0.00765368;
0.00412;0.977241;
0.004124;-0.407631;
0.004128;-0.810522;
0.004132;0.739182;
0.004136;0.507981;
0.00414;-0.947095;
0.004144;-0.120343;
0.004148;0.99635;
0.004152;-0.287455;
0.004156;-0.878697;
0.00416;0.647099;
0.004164;0.613844;
0.004168;-0.898341;
0.004172;-0.246161;
0.004176;0.999092;
0.00418;-0.16276;
0.004184;-0.932476;
0.004188;0.544415;
0.004192;0.709797;
0.004196;-0.834755;
0.0042;-0.368138;
0.004204;0.985431;
0.004208;-0.0351911;
0.004212;-0.971028;
0.004216;0.432625;
0.00422;0.793958;
0.004224;-0.757586;
0.004228;-0.483884;
0.004232;0.955636;
0.004236;0.09275;
0.00424;-0.993598;
0.004244;0.313922;
0.004248;0.865112;
0.004252;-0.667851;
0.004256;-0.59187;
0.00426;0.910099;
0.004264;0.219374;
0.004268;-0.999886;
0.004272;0.189872;
0.004276;0.922173;
0.00428;-0.56731;
0.004284;-0.689978;
0.004288;0.849713;
0.004292;0.342197;
0.004296;-0.989771;
0.0043;0.0629083;
0.004304;0.964023;
0.004308;-0.457475;
0.004312;-0.776913;
0.004316;0.775276;
0.00432;0.459598;
0.004324;-0.963386;
0.004328;-0.0652924;
0.004332;0.990109;
0.004336;-0.339951;
0.00434;-0.85097;
0.004344;0.688247;
0.004348;0.569276;
0.004352;-0.921247;
0.004356;-0.192217;
0.00436;0.99992;
0.004364;-0.217042;
0.004368;-0.911086;
0.004372;0.589942;
0.004376;0.669781;
0.00438;-0.863911;
0.004384;-0.316189;
0.004388;0.993325;
0.004392;-0.090371;
0.004396;-0.956337;
0.0044;0.481792;
0.004404;0.759143;
0.004408;-0.792503;
0.004412;-0.434778;
0.004416;0.970454;
0.00442;0.0375786;
0.004424;-0.985835;
0.004428;0.365916;
0.004432;0.836069;
0.004436;-0.707966;
0.00444;-0.546417;
0.004444;0.93161;
0.004448;0.165117;
0.004452;-0.999191;
0.004456;0.243844;
0.00446;0.899387;
0.004464;-0.611957;
0.004468;-0.648919;
0.004472;0.877554;
0.004476;0.289743;
0.00448;-0.996143;
0.004484;0.117971;
0.004488;0.947859;
0.004492;-0.505922;
0.004496;-0.740928;
0.0045;0.808999;
0.004504;0.409811;
0.004508;-0.976731;
0.004512;-0.0100426;
0.004516;0.980842;
0.00452;-0.391408;
0.004524;-0.820642;
0.004528;0.72729;
0.004532;0.522968;
0.004536;-0.941337;
0.00454;-0.137686;
0.004544;0.99769;
0.004548;-0.270661;
0.004552;-0.886911;
0.004556;0.633666;
0.00456;0.627717;
0.004564;-0.890426;
0.004568;-0.263273;
0.004572;0.998182;
0.004576;-0.145275;
0.00458;-0.938722;
0.004584;0.529486;
0.004588;0.722008;
0.004592;-0.824998;
0.004596;-0.384342;
0.0046;0.982306;
0.004604;-0.0177078;
0.004608;-0.975059;
0.004612;0.416792;
0.004616;0.804469;
0.00462;-0.745917;
0.004624;-0.499294;
0.004628;0.950274;
0.004632;0.110355;
0.004636;-0.995441;
0.00464;0.297071;
0.004644;0.873852;
0.004648;-0.654732;
0.004652;-0.605876;
0.004656;0.902712;
0.00466;0.236403;
0.004664;-0.99947;
0.004668;0.172672;
0.004672;0.928797;
0.004676;-0.552821;
0.00468;-0.702678;
0.004684;0.84025;
0.004688;0.358771;
0.004692;-0.987092;
0.004696;0.0452379;
0.0047;0.968576;
0.004704;-0.441668;
0.004708;-0.787805;
0.004712;0.764111;
0.004716;0.47506;
0.00472;-0.958549;
0.004724;-0.0827339;
0.004728;0.992411;
0.004732;-0.323452;
0.004736;-0.860025;
0.00474;0.675301;
0.004744;0.583735;
0.004748;-0.914219;
0.004752;-0.209553;
0.004756;0.999987;
0.00476;-0.199734;
0.004764;-0.918238;
0.004768;0.575562;
0.004772;0.682665;
0.004776;-0.854971;
0.00478;-0.332732;
0.004784;0.991156;
0.004788;-0.07294;
0.004792;-0.961302;
0.004796;0.466393;
0.0048;0.770411;
0.004804;-0.781587;
0.004808;-0.450645;
0.004812;0.966033;
0.004816;0.0552558;
0.00482;-0.988648;
0.004824;0.34939;
0.004828;0.845646;
0.004832;-0.695506;
0.004836;-0.560981;
0.00484;0.925111;
0.004844;0.18234;
0.004848;-0.999742;
0.004852;0.226846;
0.004856;0.906895;
0.00486;-0.598031;
0.004864;-0.662281;
0.004868;0.868932;
0.004872;0.306634;
0.004876;-0.994434;
0.00488;0.10038;
0.004884;0.95335;
0.004888;-0.490579;
0.004892;-0.75256;
0.004896;0.798595;
0.0049;0.425701;
0.004904;-0.972831;
0.004908;-0.027529;
0.004912;0.984099;
0.004916;-0.375255;
0.00492;-0.83051;
0.004924;0.715031;
0.004928;0.537969;
0.004932;-0.935218;
0.004936;-0.155191;
0.00494;0.998736;
0.004944;-0.253583;
0.004948;-0.894947;
0.004952;0.619878;
0.004956;0.641236;
0.00496;-0.88233;
0.004964;-0.280105;
0.004968;0.996975;
0.004972;-0.127949;
0.004976;-0.944606;
0.00498;0.514569;
0.004984;0.733997;
0.004988;-0.814869;
0.004992;-0.400619;
0.004996;0.978839;
0.005;-1.21623e-05;
0.005004;-0.978834;
0.005008;0.400641;
0.005012;0.814854;
0.005016;-0.734154;
0.00502;-0.514371;
0.005024;0.944682;
0.005028;0.12772;
0.005032;-0.996957;
0.005036;0.280327;
0.00504;0.882222;
0.005044;-0.641413;
0.005048;-0.619859;
0.005052;0.894957;
0.005056;0.25356;
0.00506;-0.998737;
0.005064;0.155215;
0.005068;0.935209;
0.005072;-0.537989;
0.005076;-0.715014;
0.00508;0.830639;
0.005084;0.375041;
0.005088;-0.98414;
0.005092;0.0277601;
0.005096;0.972778;
0.0051;-0.42591;
0.005104;-0.798456;
0.005108;0.752576;
0.005112;0.490557;
0.005116;-0.953357;
0.00512;-0.100356;
0.005124;0.994432;
0.005128;-0.306657;
0.005132;-0.86892;
0.005136;0.662299;
0.00514;0.597846;
0.005144;-0.906993;
0.005148;-0.226621;
0.005152;0.999747;
0.005156;-0.182567;
0.00516;-0.925023;
0.005164;0.561172;
0.005168;0.695489;
0.005172;-0.845659;
0.005176;-0.349367;
0.00518;0.988652;
0.005184;-0.0552801;
0.005188;-0.966026;
0.005192;0.450667;
0.005196;0.781572;
0.0052;-0.770558;
0.005204;-0.466189;
0.005208;0.961366;
0.005212;0.0727094;
0.005216;-0.991125;
0.00522;0.33295;
0.005224;0.854851;
0.005228;-0.682834;
0.005232;-0.575542;
0.005236;0.918247;
0.00524;0.19971;
0.005244;-0.999987;
0.005248;0.209576;
0.005252;0.914209;
0.005256;-0.583755;
0.00526;-0.675283;
0.005264;0.860143;
0.005268;0.323233;
0.005272;-0.99244;
0.005276;0.0829643;
0.00528;0.958483;
0.005284;-0.475264;
0.005288;-0.763961;
0.005292;0.78782;
0.005296;0.441647;
0.0053;-0.968582;
0.005304;-0.0452136;
0.005308;0.987088;
0.005312;-0.358794;
0.005316;-0.840236;
0.00532;0.702696;
0.005324;0.552629;
0.005328;-0.928882;
0.005332;-0.172445;
0.005336;0.999462;
0.00534;-0.236627;
0.005344;-0.902613;
0.005348;0.60606;
0.005352;0.654714;
0.005356;-0.873864;
0.00536;-0.297048;
0.005364;0.995444;
0.005368;-0.110379;
0.005372;-0.950266;
0.005376;0.499315;
0.00538;0.7459;
0.005384;-0.804607;
0.005388;-0.416581;
0.005392;0.97511;
0.005396;0.0174766;
0.0054;-0.982263;
0.005404;0.384556;
0.005408;0.824867;
0.005412;-0.722167;
0.005416;-0.529466;
0.00542;0.93873;
0.005424;0.145251;
0.005428;-0.99818;
0.005432;0.263297;
0.005436;0.890415;
0.00544;-0.627736;
0.005444;-0.633488;
0.005448;0.887018;
0.005452;0.270438;
0.005456;-0.997706;
0.00546;0.137915;
0.005464;0.941259;
0.005468;-0.523165;
0.005472;-0.727132;
0.005476;0.820656;
0.00548;0.391386;
0.005484;-0.980847;
0.005488;0.0100669;
0.005492;0.976726;
0.005496;-0.409833;
0.0055;-0.808985;
0.005504;0.740944;
0.005508;0.505722;
0.005512;-0.947932;
0.005516;-0.117741;
0.00552;0.996123;
0.005524;-0.289964;
0.005528;-0.877443;
0.005532;0.649094;
0.005536;0.611937;
0.00554;-0.899398;
0.005544;-0.243821;
0.005548;0.999192;
0.005552;-0.165141;
0.005556;-0.931601;
0.00556;0.546438;
0.005564;0.707949;
0.005568;-0.836195;
0.005572;-0.365701;
0.005576;0.985874;
0.00558;-0.0378096;
0.005584;-0.970399;
0.005588;0.434986;
0.005592;0.792362;
0.005596;-0.759159;
0.0056;-0.481771;
0.005604;0.956344;
0.005608;0.0903468;
0.005612;-0.993322;
0.005616;0.316212;
0.00562;0.863899;
0.005624;-0.669799;
0.005628;-0.589756;
0.005632;0.911181;
0.005636;0.216816;
0.00564;-0.999923;
0.005644;0.192444;
0.005648;0.921157;
0.005652;-0.569466;
0.005656;-0.688079;
0.00566;0.850983;
0.005664;0.339929;
0.005668;-0.990113;
0.005672;0.0653167;
0.005676;0.963379;
0.00568;-0.45962;
0.005684;-0.77526;
0.005688;0.776928;
0.005692;0.45727;
0.005696;-0.964085;
0.0057;-0.0626776;
0.005704;0.989738;
0.005708;-0.342414;
0.005712;-0.849591;
0.005716;0.690145;
0.00572;0.56729;
0.005724;-0.922183;
0.005728;-0.189848;
0.005732;0.999886;
0.005736;-0.219397;
0.00574;-0.910089;
0.005744;0.591889;
0.005748;0.667833;
0.005752;-0.865228;
0.005756;-0.313702;
0.00576;0.993624;
0.005764;-0.0929802;
0.005768;-0.955568;
0.005772;0.484086;
0.005776;0.757435;
0.00578;-0.793973;
0.005784;-0.432603;
0.005788;0.971034;
0.005792;0.0351668;
0.005796;-0.985427;
0.0058;0.368161;
0.005804;0.834742;
0.005808;-0.709814;
0.005812;-0.544221;
0.005816;0.932559;
0.00582;0.162532;
0.005824;-0.999082;
0.005828;0.246385;
0.005832;0.898239;
0.005836;-0.614027;
0.00584;-0.646923;
0.005844;0.878708;
0.005848;0.287432;
0.005852;-0.996352;
0.005856;0.120367;
0.00586;0.947087;
0.005864;-0.508002;
0.005868;-0.739166;
0.005872;0.810537;
0.005876;0.40742;
0.00588;-0.97729;
0.005884;-0.00742251;
0.005888;0.980328;
0.005892;-0.393818;
0.005896;-0.819142;
0.0059;0.729086;
0.005904;0.520909;
0.005908;-0.942148;
0.005912;-0.135295;
0.005916;0.997524;
0.00592;-0.272983;
0.005924;-0.885794;
0.005928;0.635532;
0.005932;0.625676;
0.005936;-0.891616;
0.00594;-0.260744;
0.005944;0.998336;
0.005948;-0.147867;
0.005952;-0.937816;
0.005956;0.531707;
0.00596;0.720192;
0.005964;-0.82636;
0.005968;-0.382113;
0.005972;0.982755;
0.005976;-0.0201207;
0.00598;-0.97452;
0.005984;0.418984;
0.005988;0.803033;
0.005992;-0.747659;
0.005996;-0.497022;
0.006;0.951087;
0.006004;0.10775;
0.006008;-0.995188;
0.006012;0.299572;
0.006016;0.872575;
0.00602;-0.65671;
0.006024;-0.603954;
0.006028;0.903748;
0.006032;0.234057;
0.006036;-0.999546;
0.00604;0.175049;
0.006044;0.927899;
0.006048;-0.554831;
0.006052;-0.700812;
0.006056;0.841667;
0.00606;0.356324;
0.006064;-0.987508;
0.006068;0.0478553;
0.006072;0.967921;
0.006076;-0.444018;
0.00608;-0.786188;
0.006084;0.765798;
0.006088;0.472935;
0.006092;-0.959234;
0.006096;-0.0803286;
0.0061;0.992112;
0.006104;-0.325735;
0.006108;-0.858791;
0.006112;0.677231;
0.006116;0.581606;
0.00612;-0.915278;
0.006124;-0.20699;
0.006128;0.999997;
0.006132;-0.202301;
0.006136;-0.917197;
0.00614;0.577702;
0.006144;0.680748;
0.006148;-0.85622;
0.006152;-0.330455;
0.006156;0.991473;
0.00616;-0.0753467;
0.006164;-0.960634;
0.006168;0.468527;
0.006172;0.76887;
0.006176;-0.783219;
0.00618;-0.448305;
0.006184;0.966707;
0.006188;0.0526394;
0.006192;-0.988251;
0.006196;0.351844;
0.0062;0.844244;
0.006204;-0.697387;
0.006208;-0.558981;
0.006212;0.926025;
0.006216;0.179967;
0.00622;-0.999684;
0.006224;0.229196;
0.006228;0.905876;
0.006232;-0.599964;
0.006236;-0.660315;
0.00624;0.870225;
0.006244;0.304139;
0.006248;-0.994707;
0.006252;0.102987;
0.006256;0.952555;
0.00626;-0.49286;
0.006264;-0.750832;
0.006268;0.80017;
0.006272;0.423516;
0.006276;-0.973387;
0.00628;-0.0251165;
0.006284;0.983667;
0.006288;-0.377491;
0.006292;-0.829163;
0.006296;0.716861;
0.0063;0.535758;
0.006304;-0.936142;
0.006308;-0.152602;
0.006312;0.998601;
0.006316;-0.256117;
0.00632;-0.893774;
0.006324;0.621932;
0.006328;0.639223;
0.006332;-0.883464;
0.006336;-0.277787;
0.00634;0.99716;
0.006344;-0.130342;
0.006348;-0.943812;
0.006352;0.516637;
0.006356;0.732356;
0.00636;-0.816384;
0.006364;-0.398217;
0.006368;0.979371;
0.006372;-0.00263236;
0.006376;-0.978294;
0.00638;0.40304;
0.006384;0.813333;
0.006388;-0.735931;
0.006392;-0.5123;
0.006396;0.945471;
0.0064;0.125326;
0.006404;-0.996766;
0.006408;0.282642;
0.006412;0.881083;
0.006416;-0.643263;
0.00642;-0.6178;
0.006424;0.896123;
0.006428;0.251024;
0.006432;-0.998866;
0.006436;0.157803;
0.00644;0.934278;
0.006444;-0.540196;
0.006448;-0.71318;
0.006452;0.83198;
0.006456;0.372802;
0.00646;-0.984565;
0.006464;0.0301724;
0.006468;0.972216;
0.006472;-0.428093;
0.006476;-0.797001;
0.00648;0.754299;
0.006484;0.488272;
0.006488;-0.954145;
0.006492;-0.0977486;
0.006496;0.994152;
0.0065;-0.30915;
0.006504;-0.86762;
0.006508;0.66426;
0.006512;0.595743;
0.006516;-0.908006;
0.00652;-0.22427;
0.006524;0.999798;
0.006528;-0.18494;
0.006532;-0.924104;
0.006536;0.563168;
0.00654;0.693604;
0.006544;-0.847054;
0.006548;-0.346911;
0.006552;0.989042;
0.006556;-0.0578961;
0.00656;-0.965346;
0.006564;0.453005;
0.006568;0.779935;
0.006572;-0.772226;
0.006576;-0.464052;
0.00658;0.962027;
0.006584;0.0703023;
0.006588;-0.990801;
0.006592;0.335225;
0.006596;0.853596;
0.0066;-0.684595;
0.006604;-0.573397;
0.006608;0.919282;
0.006612;0.197142;
0.006616;-0.999971;
0.00662;0.212138;
0.006624;0.913144;
0.006628;-0.58588;
0.006632;-0.673348;
0.006636;0.861371;
0.00664;0.320949;
0.006644;-0.992733;
0.006648;0.0853691;
0.006652;0.957792;
0.006656;-0.477386;
0.00666;-0.762402;
0.006664;0.789431;
0.006668;0.439294;
0.006672;-0.969231;
0.006676;-0.0425959;
0.00668;0.986665;
0.006684;-0.361238;
0.006688;-0.838813;
0.006692;0.704558;
0.006696;0.550443;
0.0067;-0.929773;
0.006704;-0.170067;
0.006708;0.99938;
0.006712;-0.238972;
0.006716;-0.901571;
0.00672;0.607977;
0.006724;0.652731;
0.006728;-0.875135;
0.006732;-0.294545;
0.006736;0.99569;
0.00674;-0.112983;
0.006744;-0.949447;
0.006748;0.501584;
0.006752;0.744153;
0.006756;-0.80616;
0.00676;-0.414386;
0.006764;0.975642;
0.006768;0.0150636;
0.006772;-0.981808;
0.006776;0.386782;
0.00678;0.823501;
0.006784;-0.723835;
0.006788;-0.527241;
0.006792;0.93963;
0.006796;0.142658;
0.0068;-0.998019;
0.006804;0.265823;
0.006808;0.88922;
0.006812;-0.629774;
0.006816;-0.631458;
0.00682;0.88813;
0.006824;0.268114;
0.006828;-0.997867;
0.006832;0.140305;
0.006836;0.940441;
0.00684;-0.52522;
0.006844;-0.725473;
0.006848;0.82215;
0.006852;0.388973;
0.006856;-0.981354;
0.00686;0.012687;
0.006864;0.976161;
0.006868;-0.412222;
0.006872;-0.807442;
0.006876;0.742701;
0.00688;0.503639;
0.006884;-0.948698;
0.006888;-0.115344;
0.006892;0.995908;
0.006896;-0.292273;
0.0069;-0.876283;
0.006904;0.650928;
0.006908;0.609863;
0.006912;-0.90054;
0.006916;-0.241279;
0.00692;0.999294;
0.006924;-0.167724;
0.006928;-0.930646;
0.006932;0.54863;
0.006936;0.706096;
0.00694;-0.837629;
0.006944;-0.363453;
0.006948;0.986275;
0.006952;-0.0402211;
0.006956;-0.969813;
0.00696;0.437158;
0.006964;0.790888;
0.006968;-0.760862;
0.006972;-0.479473;
0.006976;0.957106;
0.00698;0.087737;
0.006984;-0.993016;
0.006988;0.318697;
0.006992;0.862576;
0.006996;-0.671742;
0.007;-0.587638;
0.007004;0.912173;
0.007008;0.21446;
0.007012;-0.99995;
0.007016;0.194812;
0.00702;0.920215;
0.007024;-0.571448;
0.007028;-0.686326;
0.007032;0.852356;
0.007036;0.337463;
0.00704;-0.990477;
0.007044;0.0679311;
0.007048;0.962673;
0.007052;-0.461946;
0.007056;-0.773602;
0.00706;0.778575;
0.007064;0.455122;
0.007068;-0.964723;
0.007072;-0.0602688;
0.007076;0.98939;
0.00708;-0.344681;
0.007084;-0.848315;
0.007088;0.69189;
0.007092;0.56513;
0.007096;-0.923193;
0.0071;-0.187275;
0.007104;0.999843;
0.007108;-0.221953;
0.007112;-0.909;
0.007116;0.593999;
0.00712;0.66588;
0.007124;-0.866539;
0.007128;-0.31141;
0.007132;0.993893;
0.007136;-0.0953828;
0.00714;-0.954853;
0.007144;0.486197;
0.007148;0.755857;
0.007152;-0.795563;
0.007156;-0.430239;
0.00716;0.971657;
0.007164;0.0325481;
0.007168;-0.984978;
0.007172;0.370596;
0.007176;0.833296;
0.00718;-0.711657;
0.007184;-0.542021;
0.007188;0.933428;
0.007192;0.16015;
0.007196;-0.998976;
0.0072;0.248723;
0.007204;0.897176;
0.007208;-0.61593;
0.007212;-0.645081;
0.007216;0.879956;
0.00722;0.284922;
0.007224;-0.996572;
0.007228;0.122968;
0.007232;0.946243;
0.007236;-0.510257;
0.00724;-0.737398;
0.007244;0.812068;
0.007248;0.405214;
0.007252;-0.977799;
0.007256;-0.00500921;
0.00726;0.979849;
0.007264;-0.396035;
0.007268;-0.817755;
0.007272;0.730736;
0.007276;0.518671;
0.00728;-0.943023;
0.007284;-0.132699;
0.007288;0.997336;
0.007292;-0.275503;
0.007296;-0.884575;
0.0073;0.637552;
0.007304;0.62363;
0.007308;-0.892706;
0.007312;-0.258414;
0.007316;0.998473;
0.00732;-0.150253;
0.007324;-0.936975;
0.007328;0.53375;
0.007332;0.718516;
0.007336;-0.827832;
0.00734;-0.379691;
0.007344;0.983237;
0.007348;-0.0227403;
0.007352;-0.973929;
0.007356;0.421362;
0.00736;0.801469;
0.007364;-0.749397;
0.007368;-0.494747;
0.007372;0.951829;
0.007376;0.105351;
0.00738;-0.994949;
0.007384;0.301874;
0.007388;0.871394;
0.007392;-0.658528;
0.007396;-0.601864;
0.0074;0.904866;
0.007404;0.231509;
0.007408;-0.999621;
0.007412;0.177628;
0.007416;0.926919;
0.00742;-0.557009;
0.007424;-0.69894;
0.007428;0.843079;
0.007432;0.354068;
0.007436;-0.987885;
0.00744;0.0502657;
0.007444;0.967312;
0.007448;-0.446179;
0.007452;-0.784695;
0.007456;0.767348;
0.00746;0.470625;
0.007464;-0.959971;
0.007468;-0.0777166;
0.007472;0.99178;
0.007476;-0.328211;
0.00748;-0.857446;
0.007484;0.679157;
0.007488;0.579472;
0.007492;-0.916247;
0.007496;-0.204628;
0.0075;1;
0.007504;-0.204664;
0.007508;-0.916233;
0.007512;0.579671;
0.007516;0.678978;
0.00752;-0.857571;
0.007524;-0.327981;
0.007528;0.991811;
0.007532;-0.0779592;
0.007536;-0.959903;
0.00754;0.47084;
0.007544;0.767192;
0.007548;-0.784845;
0.007552;-0.445961;
0.007556;0.967321;
0.00756;0.0502293;
0.007564;-0.98788;
0.007568;0.354102;
0.007572;0.842949;
0.007576;-0.699114;
0.00758;-0.556807;
0.007584;0.927011;
0.007588;0.177389;
0.007592;-0.999614;
0.007596;0.231746;
0.0076;0.904763;
0.007604;-0.602058;
0.007608;-0.658345;
0.007612;0.871513;
0.007616;0.301839;
0.00762;-0.994952;
0.007624;0.105387;
0.007628;0.951818;
0.007632;-0.494959;
0.007636;-0.749236;
0.00764;0.801615;
0.007644;0.421141;
0.007648;-0.973984;
0.007652;-0.022497;
0.007656;0.983192;
0.00766;-0.379916;
0.007664;-0.827696;
0.007668;0.718685;
0.007672;0.533544;
0.007676;-0.936988;
0.00768;-0.150217;
0.007684;0.998471;
0.007688;-0.258449;
0.007692;-0.892689;
0.007696;0.62382;
0.0077;0.637365;
0.007704;-0.884688;
0.007708;-0.275269;
0.007712;0.997354;
0.007716;-0.13294;
0.00772;-0.942942;
0.007724;0.518879;
0.007728;0.73057;
0.007732;-0.817895;
0.007736;-0.395812;
0.00774;0.979856;
0.007744;-0.00504569;
0.007748;-0.977791;
0.007752;0.405248;
0.007756;0.811926;
0.00776;-0.737563;
0.007764;-0.510048;
0.007768;0.946321;
0.007772;0.122726;
0.007776;-0.996552;
0.00778;0.285155;
0.007784;0.87984;
0.007788;-0.645266;
0.007792;-0.615738;
0.007796;0.897283;
0.0078;0.248688;
0.007804;-0.998978;
0.007808;0.160186;
0.007812;0.933415;
0.007816;-0.542225;
0.00782;-0.711486;
0.007824;0.833431;
0.007828;0.37037;
0.007832;-0.98502;
0.007836;0.0327913;
0.00784;0.971599;
0.007844;-0.430459;
0.007848;-0.795416;
0.007852;0.756016;
0.007856;0.485984;
0.00786;-0.954926;
0.007864;-0.0951406;
0.007868;0.993866;
0.007872;-0.311641;
0.007876;-0.866314;
0.00788;0.666216;
0.007884;0.593637;
0.007888;-0.909187;
0.007892;-0.221917;
0.007896;0.999844;
0.0079;-0.187311;
0.007904;-0.923179;
0.007908;0.565161;
0.007912;0.691863;
0.007916;-0.848335;
0.00792;-0.344647;
0.007924;0.989396;
0.007928;-0.0603052;
0.007932;-0.964713;
0.007936;0.455155;
0.00794;0.778422;
0.007944;-0.773757;
0.007948;-0.46173;
0.007952;0.962739;
0.007956;0.0676883;
0.00796;-0.990443;
0.007964;0.337692;
0.007968;0.852229;
0.007972;-0.686503;
0.007976;-0.571248;
0.00798;0.92031;
0.007984;0.194573;
0.007988;-0.999947;
0.007992;0.214698;
0.007996;0.912073;
0.008;-0.588002;
0.008004;-0.671409;
0.008008;0.862804;
0.008012;0.318662;
0.008016;-0.993021;
0.00802;0.0877734;
0.008024;0.957096;
0.008028;-0.479505;
0.008032;-0.760838;
0.008036;0.79091;
0.00804;0.437125;
0.008044;-0.969822;
0.008048;-0.0401846;
0.008052;0.986269;
0.008056;-0.363487;
0.00806;-0.837497;
0.008064;0.706268;
0.008068;0.548427;
0.008072;-0.930735;
0.008076;-0.167484;
0.00808;0.999285;
0.008084;-0.241515;
0.008088;-0.900435;
0.008092;0.610056;
0.008096;0.650744;
0.0081;-0.8764;
0.008104;-0.29204;
0.008108;0.99593;
0.008112;-0.115586;
0.008116;-0.948621;
0.00812;0.503849;
0.008124;0.7424;
0.008128;-0.807707;
0.008132;-0.411812;
0.008136;0.976169;
0.00814;0.0126505;
0.008144;-0.981347;
0.008148;0.389007;
0.008152;0.822129;
0.008156;-0.725498;
0.00816;-0.525189;
0.008164;0.940453;
0.008168;0.140269;
0.008172;-0.997864;
0.008176;0.268149;
0.00818;0.888113;
0.008184;-0.631647;
0.008188;-0.629585;
0.008192;0.889331;
0.008196;0.265589;
0.0082;-0.998034;
0.008204;0.142899;
0.008208;0.939547;
0.008212;-0.527448;
0.008216;-0.723667;
0.00822;0.823639;
0.008224;0.386558;
0.008228;-0.981854;
0.008232;0.0153069;
0.008236;0.975589;
0.00824;-0.414608;
0.008244;-0.805893;
0.008248;0.744453;
0.008252;0.501194;
0.008256;-0.949458;
0.00826;-0.112947;
0.008264;0.995687;
0.008268;-0.29458;
0.008272;-0.875117;
0.008276;0.652759;
0.00828;0.607948;
0.008284;-0.901587;
0.008288;-0.238936;
0.008292;0.999382;
0.008296;-0.170103;
0.0083;-0.92976;
0.008304;0.550646;
0.008308;0.704385;
0.008312;-0.838945;
0.008316;-0.361011;
0.00832;0.986704;
0.008324;-0.042839;
0.008328;-0.969171;
0.008332;0.439513;
0.008336;0.789281;
0.00834;-0.762559;
0.008344;-0.477172;
0.008348;0.957862;
0.008352;0.0851266;
0.008356;-0.992704;
0.00836;0.321179;
0.008364;0.861248;
0.008368;-0.673681;
0.008372;-0.585515;
0.008376;0.913328;
0.00838;0.212102;
0.008384;-0.999971;
0.008388;0.197178;
0.008392;0.919267;
0.008396;-0.573427;
0.0084;-0.684568;
0.008404;0.853615;
0.008408;0.33519;
0.008412;-0.990806;
0.008416;0.0703387;
0.00842;0.962017;
0.008424;-0.464085;
0.008428;-0.772071;
0.008432;0.780087;
0.008436;0.452788;
0.00844;-0.965409;
0.008444;-0.0576532;
0.008448;0.989006;
0.008452;-0.347139;
0.008456;-0.846925;
0.00846;0.693779;
0.008464;0.562967;
0.008468;-0.924197;
0.008472;-0.1847;
0.008476;0.999793;
0.00848;-0.224507;
0.008484;-0.907904;
0.008488;0.596105;
0.008492;0.663923;
0.008496;-0.867844;
0.0085;-0.308722;
0.008504;0.994156;
0.008508;-0.0977849;
0.008512;-0.954134;
0.008516;0.488304;
0.00852;0.754275;
0.008524;-0.797023;
0.008528;-0.42806;
0.008532;0.972224;
0.008536;0.0301359;
0.00854;-0.984559;
0.008544;0.372836;
0.008548;0.83196;
0.008552;-0.713351;
0.008556;-0.539991;
0.00856;0.934365;
0.008564;0.157563;
0.008568;-0.998854;
0.008572;0.25126;
0.008576;0.896015;
0.00858;-0.617992;
0.008584;-0.643076;
0.008588;0.913285;
0.008592;0.194575;
0.008596;-0.999612;
0.0086;0.248921;
0.008604;0.889173;
0.008608;-0.643419;
0.008612;-0.603709;
0.008616;0.911265;
0.00862;0.199409;
0.008624;-0.999746;
0.008628;0.243737;
0.008632;0.891608;
0.008636;-0.639315;
0.00864;-0.607964;
0.008644;0.90905;
0.008648;0.204647;
0.008652;-0.999845;
0.008656;0.238952;
0.00866;0.89383;
0.008664;-0.635516;
0.008668;-0.611871;
0.008672;0.906984;
0.008676;0.209471;
0.00868;-0.99992;
0.008684;0.234162;
0.008688;0.89603;
0.008692;-0.631702;
0.008696;-0.615764;
0.0087;0.904897;
0.008704;0.21429;
0.008708;-0.99997;
0.008712;0.229366;
0.008716;0.898208;
0.00872;-0.627872;
0.008724;-0.619641;
0.008728;0.902787;
0.008732;0.219103;
0.008736;-0.999996;
0.00874;0.224564;
0.008744;0.900364;
0.008748;-0.6237;
0.008752;-0.62383;
0.008756;0.900474;
0.00876;0.224318;
0.008764;-0.999997;
0.008768;0.219349;
0.008772;0.902679;
0.008776;-0.619839;
0.00878;-0.627676;
0.008784;0.898319;
0.008788;0.22912;
0.008792;-0.999972;
0.008796;0.214536;
0.0088;0.904789;
0.008804;-0.615962;
0.008808;-0.631507;
0.008812;0.896141;
0.008816;0.233917;
0.00882;-0.999923;
0.008824;0.209717;
0.008828;0.906878;
0.008832;-0.61207;
0.008836;-0.635322;
0.00884;0.893943;
0.008844;0.238708;
0.008848;-0.99985;
0.008852;0.204894;
0.008856;0.908945;
0.00886;-0.608164;
0.008864;-0.639122;
0.008868;0.891533;
0.008872;0.243898;
0.008876;-0.999743;
0.00888;0.199656;
0.008884;0.911162;
0.008888;-0.60391;
0.008892;-0.643226;
0.008896;0.889289;
0.0089;0.248677;
0.008904;-0.999619;
0.008908;0.194822;
0.008912;0.913182;
0.008916;-0.599972;
0.00892;-0.646993;
0.008924;0.887023;
0.008928;0.253449;
0.008932;-0.99947;
0.008936;0.189984;
0.00894;0.91518;
0.008944;-0.596021;
0.008948;-0.650745;
0.008952;0.884735;
0.008956;0.258216;
0.00896;-0.999298;
0.008964;0.185141;
0.008968;0.917157;
0.008972;-0.592054;
0.008976;-0.654481;
0.00898;0.882427;
0.008984;0.262976;
0.008988;-0.999101;
0.008992;0.179882;
0.008996;0.919275;
0.009;-0.587736;
0.009004;-0.658515;
0.009008;0.879898;
0.009012;0.268132;
0.009016;-0.99886;
0.00902;0.17503;
0.009024;0.921204;
0.009028;-0.583739;
0.009032;-0.662218;
0.009036;0.877544;
0.00904;0.272879;
0.009044;-0.998612;
0.009048;0.170174;
0.009052;0.923112;
0.009056;-0.579729;
0.00906;-0.665904;
0.009064;0.87517;
0.009068;0.277619;
0.009072;-0.99834;
0.009076;0.165313;
0.00908;0.924996;
0.009084;-0.575704;
0.009088;-0.669574;
0.009092;0.872773;
0.009096;0.282353;
0.0091;-0.998044;
0.009104;0.160448;
0.009108;0.926859;
0.009112;-0.571666;
0.009116;-0.673537;
0.00912;0.87015;
0.009124;0.287479;
0.009128;-0.997696;
0.009132;0.155167;
0.009136;0.928853;
0.00914;-0.56727;
0.009144;-0.677174;
0.009148;0.86771;
0.009152;0.292198;
0.009156;-0.997349;
0.00916;0.150294;
0.009164;0.930668;
0.009168;-0.563202;
0.009172;-0.680793;
0.009176;0.865249;
0.00918;0.29691;
0.009184;-0.996978;
0.009188;0.145418;
0.009192;0.932461;
0.009196;-0.559121;
0.0092;-0.684397;
0.009204;0.862766;
0.009208;0.301615;
0.009212;-0.996583;
0.009216;0.140538;
0.00922;0.934231;
0.009224;-0.555027;
0.009228;-0.687983;
0.009232;0.860263;
0.009236;0.306709;
0.00924;-0.996127;
0.009244;0.135241;
0.009248;0.936125;
0.009252;-0.55057;
0.009256;-0.691855;
0.00926;0.857524;
0.009264;0.311399;
0.009268;-0.995681;
0.009272;0.130354;
0.009276;0.937848;
0.00928;-0.546447;
0.009284;-0.695406;
0.009288;0.854977;
0.009292;0.31608;
0.009296;-0.995212;
0.0093;0.125464;
0.009304;0.939547;
0.009308;-0.542311;
0.009312;-0.698941;
0.009316;0.852409;
0.00932;0.320754;
0.009324;-0.994718;
0.009328;0.120571;
0.009332;0.941224;
0.009336;-0.538162;
0.00934;-0.702459;
0.009344;0.849821;
0.009348;0.32542;
0.009352;-0.994199;
0.009356;0.115675;
0.00936;0.943017;
0.009364;-0.533646;
0.009368;-0.706255;
0.009372;0.84699;
0.009376;0.330473;
0.00938;-0.99361;
0.009384;0.11036;
0.009388;0.944646;
0.009392;-0.52947;
0.009396;-0.709737;
0.0094;0.844358;
0.009404;0.335122;
0.009408;-0.993041;
0.009412;0.105459;
0.009416;0.946253;
0.00942;-0.525281;
0.009424;-0.713202;
0.009428;0.841706;
0.009432;0.339764;
0.009436;-0.992449;
0.00944;0.100554;
0.009444;0.947836;
0.009448;-0.521079;
0.009452;-0.71665;
0.009456;0.839034;
0.00946;0.344397;
0.009464;-0.991832;
0.009468;0.0956476;
0.009472;0.949396;
0.009476;-0.516865;
0.00948;-0.720369;
0.009484;0.836112;
0.009488;0.349413;
0.009492;-0.991135;
0.009496;0.0903224;
0.0095;0.951062;
0.009504;-0.512279;
0.009508;-0.72378;
0.009512;0.833397;
0.009516;0.354028;
0.00952;-0.990468;
0.009524;0.085411;
0.009528;0.952574;
0.009532;-0.508038;
0.009536;-0.727174;
0.00954;0.830662;
0.009544;0.358635;
0.009548;-0.989777;
0.009552;0.0804974;
0.009556;0.954063;
0.00956;-0.503785;
0.009564;-0.73055;
0.009568;0.827907;
0.009572;0.363234;
0.009576;-0.989062;
0.00958;0.0755819;
0.009584;0.955529;
0.009588;-0.49952;
0.009592;-0.733908;
0.009596;0.825131;
0.0096;0.367823;
0.009604;-0.988259;
0.009608;0.0702478;
0.009612;0.957092;
0.009616;-0.494879;
0.00962;-0.73753;
0.009624;0.822098;
0.009628;0.372791;
0.009632;-0.987494;
0.009636;0.0653286;
0.00964;0.958509;
0.009644;-0.490589;
0.009648;-0.740851;
0.009652;0.819281;
0.009656;0.377362;
0.00966;-0.986704;
0.009664;0.0604078;
0.009668;0.959903;
0.009672;-0.486286;
0.009676;-0.744153;
0.00968;0.816444;
0.009684;0.381923;
0.009688;-0.985891;
0.009692;0.0554855;
0.009696;0.961274;
0.0097;-0.481972;
0.009704;-0.747438;
0.009708;0.813587;
0.009712;0.386475;
0.009716;-0.985054;
0.00972;0.0505619;
0.009724;0.962734;
0.009728;-0.477279;
0.009732;-0.75098;
0.009736;0.810465;
0.00974;0.391402;
0.009744;-0.984118;
0.009748;0.0452197;
0.009752;0.964056;
0.009756;-0.472941;
0.00976;-0.754227;
0.009764;0.807567;
0.009768;0.395935;
0.009772;-0.983231;
0.009776;0.0402937;
0.00978;0.965354;
0.009784;-0.468591;
0.009788;-0.757455;
0.009792;0.80465;
0.009796;0.400458;
0.0098;-0.98232;
0.009804;0.0353667;
0.009808;0.966629;
0.009812;-0.464229;
0.009816;-0.760665;
0.00982;0.801712;
0.009824;0.404971;
0.009828;-0.981385;
0.009832;0.0304388;
0.009836;0.96788;
0.00984;-0.459857;
0.009844;-0.763856;
0.009848;0.798504;
0.009852;0.409855;
0.009856;-0.980344;
0.00986;0.0250925;
0.009864;0.969211;
0.009868;-0.455101;
0.009872;-0.767297;
0.009876;0.795526;
0.00988;0.414347;
0.009884;-0.979359;
0.009888;0.0201632;
0.009892;0.970413;
0.009896;-0.450705;
0.0099;-0.77045;
0.009904;0.792529;
0.009908;0.41883;
0.009912;-0.978351;
0.009916;0.0152334;
0.00992;0.971592;
0.009924;-0.446298;
0.009928;-0.773584;
0.009932;0.789513;
0.009936;0.423302;
0.00994;-0.977318;
0.009944;0.0103033;
0.009948;0.972747;
0.009952;-0.44188;
0.009956;-0.776699;
0.00996;0.786477;
0.009964;0.427764;
0.009968;-0.976262;
0.009972;0.0049551;
0.009976;0.973973;
0.00998;-0.437076;
0.009984;-0.780056;
0.009988;0.783162;
0.009992;0.432592;
0.009996;-0.97509;
0.01;2.45655e-05;
0.010004;0.975079;
0.010008;-0.432636;
0.010012;-0.783132;
0.010016;0.780087;
0.01002;0.437032;
0.010024;-0.973984;
0.010028;-0.00490597;
0.010032;0.976161;
0.010036;-0.428186;
0.01004;-0.786188;
0.010044;0.776993;
0.010048;0.441461;
0.010052;-0.972855;
0.010056;-0.00983638;
0.01006;0.977219;
0.010064;-0.423725;
0.010068;-0.789226;
0.010072;0.773879;
0.010076;0.44588;
0.01008;-0.971702;
0.010084;-0.0147665;
0.010088;0.978254;
0.010092;-0.418874;
0.010096;-0.792499;
0.0101;0.770481;
0.010104;0.450661;
0.010108;-0.970425;
0.010112;-0.0201141;
0.010116;0.979349;
0.01012;-0.414392;
0.010124;-0.795496;
0.010128;0.767329;
0.010132;0.455057;
0.010136;-0.969223;
0.01014;-0.0250434;
0.010144;0.980334;
0.010148;-0.4099;
0.010152;-0.798474;
0.010156;0.764158;
0.01016;0.459442;
0.010164;-0.967997;
0.010168;-0.0299721;
0.010172;0.981295;
0.010176;-0.405398;
0.01018;-0.801433;
0.010184;0.760968;
0.010188;0.463816;
0.010192;-0.966748;
0.010196;-0.0349;
0.0102;0.982232;
0.010204;-0.400885;
0.010208;-0.804372;
0.010212;0.75776;
0.010216;0.468547;
0.01022;-0.965367;
0.010224;-0.0402446;
0.010228;0.983222;
0.010232;-0.39598;
0.010236;-0.807538;
0.01024;0.754259;
0.010244;0.472897;
0.010248;-0.964069;
0.010252;-0.0451706;
0.010256;0.98411;
0.01026;-0.391448;
0.010264;-0.810437;
0.010268;0.751013;
0.010272;0.477236;
0.010276;-0.962747;
0.01028;-0.0500956;
0.010284;0.984973;
0.010288;-0.386906;
0.010292;-0.813315;
0.010296;0.747748;
0.0103;0.481563;
0.010304;-0.961402;
0.010308;-0.0550193;
0.010312;0.985813;
0.010316;-0.382355;
0.01032;-0.816174;
0.010324;0.744465;
0.010328;0.485878;
0.010332;-0.960034;
0.010336;-0.0603588;
0.01034;0.986696;
0.010344;-0.377407;
0.010348;-0.819253;
0.010352;0.740884;
0.010356;0.490546;
0.01036;-0.958523;
0.010364;-0.0652796;
0.010368;0.987486;
0.010372;-0.372837;
0.010376;-0.82207;
0.01038;0.737563;
0.010384;0.494837;
0.010388;-0.957106;
0.010392;-0.0701988;
0.010396;0.988251;
0.0104;-0.368257;
0.010404;-0.824867;
0.010408;0.734225;
0.010412;0.499115;
0.010416;-0.955666;
0.01042;-0.0751163;
0.010424;0.988993;
0.010428;-0.363669;
0.010432;-0.827645;
0.010436;0.730868;
0.01044;0.503382;
0.010444;-0.954203;
0.010448;-0.080032;
0.010452;0.98971;
0.010456;-0.359071;
0.01046;-0.830635;
0.010464;0.727208;
0.010468;0.507996;
0.010472;-0.952589;
0.010476;-0.085362;
0.01048;0.990462;
0.010484;-0.354074;
0.010488;-0.83337;
0.010492;0.723814;
0.010496;0.512236;
0.0105;-0.951077;
0.010504;-0.0902735;
0.010508;0.991129;
0.010512;-0.349459;
0.010516;-0.836085;
0.01052;0.720403;
0.010524;0.516465;
0.010528;-0.949543;
0.010532;-0.0951828;
0.010536;0.991772;
0.01054;-0.344835;
0.010544;-0.83878;
0.010548;0.716975;
0.010552;0.520681;
0.010556;-0.947985;
0.01056;-0.10009;
0.010564;0.992391;
0.010568;-0.340203;
0.010572;-0.841454;
0.010576;0.713529;
0.01058;0.525239;
0.010584;-0.946269;
0.010588;-0.10541;
0.010592;0.993036;
0.010596;-0.335169;
0.0106;-0.844332;
0.010604;0.709772;
0.010608;0.529429;
0.010612;-0.944663;
0.010616;-0.110312;
0.01062;0.993604;
0.010624;-0.330519;
0.010628;-0.846964;
0.010632;0.70629;
0.010636;0.533605;
0.01064;-0.943034;
0.010644;-0.115211;
0.010648;0.994149;
0.010652;-0.325862;
0.010656;-0.849575;
0.01066;0.702791;
0.010664;0.537768;
0.010668;-0.941382;
0.010672;-0.120107;
0.010676;0.99467;
0.01068;-0.321196;
0.010684;-0.852165;
0.010688;0.699275;
0.010692;0.541919;
0.010696;-0.939707;
0.0107;-0.125;
0.010704;0.995207;
0.010708;-0.316127;
0.010712;-0.854951;
0.010716;0.695442;
0.01072;0.546406;
0.010724;-0.937865;
0.010728;-0.130305;
0.010732;0.995677;
0.010736;-0.311445;
0.01074;-0.857498;
0.010744;0.69189;
0.010748;0.550529;
0.010752;-0.936142;
0.010756;-0.135192;
0.01076;0.996123;
0.010764;-0.306756;
0.010768;-0.860025;
0.010772;0.688322;
0.010776;0.554638;
0.01078;-0.934397;
0.010784;-0.140076;
0.010788;0.996544;
0.010792;-0.30206;
0.010796;-0.86253;
0.0108;0.684737;
0.010804;0.558734;
0.010808;-0.93263;
0.010812;-0.144956;
0.010816;0.996942;
0.01082;-0.297356;
0.010824;-0.865014;
0.010828;0.680829;
0.010832;0.563162;
0.010836;-0.930686;
0.01084;-0.150246;
0.010844;0.997346;
0.010848;-0.292245;
0.010852;-0.867686;
0.010856;0.67721;
0.01086;0.567229;
0.010864;-0.928871;
0.010868;-0.155118;
0.010872;0.997692;
0.010876;-0.287526;
0.01088;-0.870126;
0.010884;0.673574;
0.010888;0.571283;
0.010892;-0.927034;
0.010896;-0.159987;
0.0109;0.998015;
0.010904;-0.2828;
0.010908;-0.872545;
0.010912;0.669921;
0.010916;0.575323;
0.01092;-0.925174;
0.010924;-0.164852;
0.010928;0.998313;
0.010932;-0.278068;
0.010936;-0.874944;
0.01094;0.666253;
0.010944;0.579348;
0.010948;-0.923131;
0.010952;-0.170125;
0.010956;0.99861;
0.01096;-0.272926;
0.010964;-0.877521;
0.010968;0.662255;
0.010972;0.583699;
0.010976;-0.921224;
0.01098;-0.174982;
0.010984;0.998857;
0.010988;-0.26818;
0.010992;-0.879875;
0.010996;0.658552;
0.011;0.587696;
0.011004;-0.919294;
0.011008;-0.179834;
0.011012;0.999081;
0.011016;-0.263427;
0.01102;-0.882207;
0.011024;0.654834;
0.011028;0.591678;
0.011032;-0.917343;
0.011036;-0.184682;
0.01104;0.99928;
0.011044;-0.258667;
0.011048;-0.884518;
0.011052;0.6511;
0.011056;0.595646;
0.01106;-0.915369;
0.011064;-0.189525;
0.011068;0.999455;
0.011072;-0.253497;
0.011076;-0.887;
0.01108;0.647031;
0.011084;0.599933;
0.011088;-0.913202;
0.011092;-0.194774;
0.011096;0.999617;
0.0111;-0.248724;
0.011104;-0.889266;
0.011108;0.643264;
0.011112;0.60387;
0.011116;-0.911182;
0.01112;-0.199608;
0.011124;0.999741;
0.011128;-0.243946;
0.011132;-0.89151;
0.011136;0.639481;
0.01114;0.607793;
0.011144;-0.909139;
0.011148;-0.204437;
0.011152;0.999841;
0.011156;-0.239161;
0.01116;-0.893733;
0.011164;0.635682;
0.011168;0.611701;
0.011172;-0.907075;
0.011176;-0.209261;
0.01118;0.999917;
0.011184;-0.234371;
0.011188;-0.895934;
0.011192;0.631545;
0.011196;0.615923;
0.0112;-0.90481;
0.011204;-0.214488;
0.011208;0.999972;
0.011212;-0.229168;
0.011216;-0.898297;
0.01122;0.627714;
0.011224;0.6198;
0.011228;-0.9027;
0.011232;-0.219301;
0.011236;0.999997;
0.01124;-0.224366;
0.011244;-0.900452;
0.011248;0.623868;
0.011252;0.623662;
0.011256;-0.900567;
0.01126;-0.224109;
0.011264;0.999997;
0.011268;-0.219559;
0.011272;-0.902586;
0.011276;0.620007;
0.01128;0.627508;
0.011284;-0.898413;
0.011288;-0.228911;
0.011292;0.999974;
0.011296;-0.214746;
0.0113;-0.904698;
0.011304;0.616131;
0.011308;0.63134;
0.011312;-0.896237;
0.011316;-0.234114;
0.01132;0.99992;
0.011324;-0.209519;
0.011328;-0.906964;
0.011332;0.61191;
0.011336;0.635478;
0.01134;-0.893852;
0.011344;-0.238905;
0.011348;0.999846;
0.011352;-0.204695;
0.011356;-0.909029;
0.01136;0.608003;
0.011364;0.639278;
0.011368;-0.89163;
0.011372;-0.24369;
0.011376;0.999748;
0.01138;-0.199867;
0.011384;-0.911073;
0.011388;0.604081;
0.011392;0.643061;
0.011396;-0.889387;
0.0114;-0.248469;
0.011404;0.999625;
0.011408;-0.195033;
0.011412;-0.913094;
0.011416;0.600144;
0.01142;0.646829;
0.011424;-0.887122;
0.011428;-0.253241;
0.011432;0.999477;
0.011436;-0.189785;
0.01144;-0.915262;
0.011444;0.595858;
0.011448;0.650899;
0.011452;-0.831987;
0.011456;-0.372791;
0.01146;0.984567;
0.011464;-0.0301846;
0.011468;-0.972213;
0.011472;0.428104;
0.011476;0.796993;
0.01148;-0.754307;
0.011484;-0.488262;
0.011488;0.954148;
0.011492;0.0977365;
0.011496;-0.994151;
0.0115;0.309162;
0.011504;0.867614;
0.011508;-0.664269;
0.011512;-0.595734;
0.011516;0.908098;
0.01152;0.224056;
0.011524;-0.999803;
0.011528;0.185155;
0.011532;0.92402;
0.011536;-0.563349;
0.01154;-0.693446;
0.011544;0.847171;
0.011548;0.346706;
0.011552;-0.989075;
0.011556;0.0581147;
0.01156;0.965397;
0.011564;-0.452831;
0.011568;-0.780057;
0.011572;0.772102;
0.011576;0.464042;
0.01158;-0.96203;
0.011584;-0.0702901;
0.011588;0.9908;
0.011592;-0.335236;
0.011596;-0.85359;
0.0116;0.684604;
0.011604;0.573387;
0.011608;-0.919287;
0.011612;-0.19713;
0.011616;0.999971;
0.01162;-0.21215;
0.011624;-0.913139;
0.011628;0.58589;
0.011632;0.673339;
0.011636;-0.861483;
0.01164;-0.320741;
0.011644;0.992759;
0.011648;-0.0855873;
0.011652;-0.957729;
0.011656;0.477578;
0.01166;0.76226;
0.011664;-0.789565;
0.011668;-0.439097;
0.011672;0.969284;
0.011676;0.0423771;
0.01168;-0.986629;
0.011684;0.361057;
0.011688;0.838919;
0.011692;-0.704419;
0.011696;-0.550606;
0.0117;0.929778;
0.011704;0.170055;
0.011708;-0.99938;
0.011712;0.238983;
0.011716;0.901566;
0.01172;-0.607987;
0.011724;-0.652722;
0.011728;0.875141;
0.011732;0.294534;
0.011736;-0.995691;
0.01174;0.112995;
0.011744;0.949443;
0.011748;-0.501594;
0.011752;-0.744145;
0.011756;0.806167;
0.01176;0.414187;
0.011764;-0.97569;
0.011768;-0.0148446;
0.011772;0.981766;
0.011776;-0.386984;
0.01178;-0.823376;
0.011784;0.723986;
0.011788;0.527055;
0.011792;-0.939705;
0.011796;-0.142441;
0.0118;0.998005;
0.011804;-0.265636;
0.011808;-0.889309;
0.011812;0.629623;
0.011816;0.631609;
0.01182;-0.888135;
0.011824;-0.268102;
0.011828;0.997867;
0.011832;-0.140317;
0.011836;-0.940437;
0.01184;0.52523;
0.011844;0.725464;
0.011848;-0.822157;
0.011852;-0.388962;
0.011856;0.981356;
0.01186;-0.0126991;
0.011864;-0.976158;
0.011868;0.412233;
0.011872;0.807435;
0.011876;-0.74271;
0.01188;-0.50345;
0.011884;0.948767;
0.011888;0.115127;
0.011892;-0.995888;
0.011896;0.292482;
0.0119;0.876177;
0.011904;-0.651095;
0.011908;-0.609689;
0.011912;0.900636;
0.011916;0.241066;
0.01192;-0.999302;
0.011924;0.16794;
0.011928;0.930717;
0.011932;-0.548467;
0.011936;-0.706234;
0.01194;0.837523;
0.011944;0.363442;
0.011948;-0.986277;
0.011952;0.0402332;
0.011956;0.96981;
0.01196;-0.437169;
0.011964;-0.79088;
0.011968;0.76087;
0.011972;0.479462;
0.011976;-0.95711;
0.01198;-0.0877249;
0.011984;0.993015;
0.011988;-0.318708;
0.011992;-0.86257;
0.011996;0.671751;
0.012;0.587628;
0.012004;-0.912263;
0.012008;-0.214246;
0.012012;0.999952;
0.012016;-0.195026;
0.01202;-0.920129;
0.012024;0.571628;
0.012028;0.686166;
0.012032;-0.85247;
0.012036;-0.337257;
0.01204;0.990507;
0.012044;-0.0681496;
0.012048;-0.962726;
0.012052;0.461773;
0.012056;0.773726;
0.01206;-0.778453;
0.012064;-0.455111;
0.012068;0.964726;
0.012072;0.0602567;
0.012076;-0.989389;
0.01208;0.344692;
0.012084;0.848309;
0.012088;-0.691898;
0.012092;-0.56512;
0.012096;0.923198;
0.0121;0.187263;
0.012104;-0.999843;
0.012108;0.221965;
0.012112;0.908994;
0.012116;-0.594009;
0.01212;-0.665871;
0.012124;0.866545;
0.012128;0.311201;
0.012132;-0.993917;
0.012136;0.0956009;
0.01214;0.954788;
0.012144;-0.486388;
0.012148;-0.755714;
0.012152;0.795696;
0.012156;0.430042;
0.01216;-0.971708;
0.012164;-0.0323292;
0.012168;0.98494;
0.012172;-0.370415;
0.012176;-0.833404;
0.01218;0.71152;
0.012184;0.542184;
0.012188;-0.933432;
0.012192;-0.160138;
0.012196;0.998975;
0.0122;-0.248735;
0.012204;-0.89717;
0.012208;0.615939;
0.012212;0.645071;
0.012216;-0.879962;
0.01222;-0.28491;
0.012224;0.996573;
0.012228;-0.12298;
0.012232;-0.946239;
0.012236;0.510267;
0.01224;0.73739;
0.012244;-0.812075;
0.012248;-0.405014;
0.012252;0.977845;
0.012256;0.00479019;
0.01226;-0.979805;
0.012264;0.396236;
0.012268;0.817629;
0.012272;-0.730885;
0.012276;-0.518483;
0.01228;0.943096;
0.012284;0.132482;
0.012288;-0.99732;
0.012292;0.275714;
0.012296;0.884665;
0.0123;-0.637402;
0.012304;-0.623782;
0.012308;0.892711;
0.012312;0.258402;
0.012316;-0.998473;
0.01232;0.150265;
0.012324;0.936971;
0.012328;-0.53376;
0.012332;-0.718507;
0.012336;0.827839;
0.01234;0.379679;
0.012344;-0.983239;
0.012348;0.0227525;
0.012352;0.973926;
0.012356;-0.421373;
0.01236;-0.801462;
0.012364;0.749405;
0.012368;0.494737;
0.012372;-0.951896;
0.012376;-0.105133;
0.01238;0.994927;
0.012384;-0.302083;
0.012388;-0.871287;
0.012392;0.658693;
0.012396;0.601689;
0.0124;-0.90496;
0.012404;-0.231296;
0.012408;0.999627;
0.012412;-0.177844;
0.012416;-0.926992;
0.01242;0.556847;
0.012424;0.699079;
0.012428;-0.842975;
0.012432;-0.354057;
0.012436;0.987887;
0.01244;-0.0502778;
0.012444;-0.967309;
0.012448;0.44619;
0.012452;0.784687;
0.012456;-0.767356;
0.01246;-0.470614;
0.012464;0.959975;
0.012468;0.0777045;
0.012472;-0.991778;
0.012476;0.328223;
0.01248;0.85744;
0.012484;-0.679166;
0.012488;-0.579462;
0.012492;0.916335;
0.012496;0.204414;
0.0125;-1;
0.012504;0.204878;
0.012508;0.916145;
0.012512;-0.579849;
0.012516;-0.678817;
0.01252;0.857684;
0.012524;0.327774;
0.012528;-0.991839;
0.012532;0.0781775;
0.012536;0.959842;
0.01254;-0.470668;
0.012544;-0.767317;
0.012548;0.784725;
0.012552;0.446135;
0.012556;-0.967324;
0.01256;-0.0502171;
0.012564;0.987878;
0.012568;-0.354113;
0.012572;-0.842942;
0.012576;0.699123;
0.01258;0.556797;
0.012584;-0.927015;
0.012588;-0.177377;
0.012592;0.999614;
0.012596;-0.231757;
0.0126;-0.904758;
0.012604;0.602068;
0.012608;0.658336;
0.012612;-0.871519;
0.012616;-0.30163;
0.01262;0.994974;
0.012624;-0.105605;
0.012628;-0.951751;
0.012632;0.495149;
0.012636;0.74909;
0.01264;-0.801746;
0.012644;-0.420942;
0.012648;0.974034;
0.012652;0.0222781;
0.012656;-0.983152;
0.01266;0.379736;
0.012664;0.827805;
0.012668;-0.71855;
0.012672;-0.533708;
0.012676;0.936992;
0.01268;0.150205;
0.012684;-0.99847;
0.012688;0.258461;
0.012692;0.892684;
0.012696;-0.623829;
0.0127;-0.637356;
0.012704;0.884694;
0.012708;0.275257;
0.012712;-0.997355;
0.012716;0.132952;
0.01272;0.942938;
0.012724;-0.518889;
0.012728;-0.730561;
0.012732;0.817902;
0.012736;0.395801;
0.01274;-0.9799;
0.012744;0.00526471;
0.012748;0.977745;
0.012752;-0.405448;
0.012756;-0.811798;
0.01276;0.737711;
0.012764;0.509859;
0.012768;-0.946392;
0.012772;-0.122509;
0.012776;0.996534;
0.01278;-0.285365;
0.012784;-0.879933;
0.012788;0.645118;
0.012792;0.615891;
0.012796;-0.897197;
0.0128;-0.248676;
0.012804;0.998978;
0.012808;-0.160198;
0.012812;-0.93341;
0.012816;0.542235;
0.01282;0.711478;
0.012824;-0.833438;
0.012828;-0.370358;
0.012832;0.985022;
0.012836;-0.0328035;
0.01284;-0.971596;
0.012844;0.43047;
0.012848;0.795408;
0.012852;-0.756024;
0.012856;-0.485973;
0.01286;0.954929;
0.012864;0.0951285;
0.012868;-0.993865;
0.012872;0.311652;
0.012876;0.866308;
0.01288;-0.666225;
0.012884;-0.593627;
0.012888;0.909192;
0.012892;0.221502;
0.012896;-0.999851;
0.0129;0.187729;
0.012904;0.923174;
0.012908;-0.565171;
0.012912;-0.691854;
0.012916;0.848341;
0.01292;0.344635;
0.012924;-0.989398;
0.012928;0.0603174;
0.012932;0.96471;
0.012936;-0.455166;
0.01294;-0.778414;
0.012944;0.773764;
0.012948;0.461719;
0.012952;-0.962742;
0.012956;-0.0676762;
0.01296;0.990442;
0.012964;-0.337704;
0.012968;-0.852222;
0.012972;0.686511;
0.012976;0.571238;
0.01298;-0.920315;
0.012984;-0.194561;
0.012988;0.999947;
0.012992;-0.214709;
0.012996;-0.912068;
0.013;0.588012;
0.013004;0.6714;
0.013008;-0.86281;
0.013012;-0.318258;
0.013016;0.993071;
0.01302;-0.0881976;
0.013024;-0.956972;
0.013028;0.479516;
0.013032;0.76083;
0.013036;-0.790917;
0.01304;-0.437114;
0.013044;0.969825;
0.013048;0.0401725;
0.013052;-0.986267;
0.013056;0.363499;
0.01306;0.83749;
0.013064;-0.706277;
0.013068;-0.548416;
0.013072;0.930739;
0.013076;0.167472;
0.01308;-0.999284;
0.013084;0.241527;
0.013088;0.900429;
0.013092;-0.610065;
0.013096;-0.650734;
0.0131;0.876406;
0.013104;0.292029;
0.013108;-0.995931;
0.013112;0.115598;
0.013116;0.948617;
0.01312;-0.503859;
0.013124;-0.742392;
0.013128;0.807714;
0.013132;0.411801;
0.013136;-0.976261;
0.01314;-0.0122246;
0.013144;0.981265;
0.013148;-0.389399;
0.013152;-0.822122;
0.013156;0.725506;
0.01316;0.525178;
0.013164;-0.940457;
0.013168;-0.140257;
0.013172;0.997863;
0.013176;-0.268161;
0.01318;-0.888107;
0.013184;0.631656;
0.013188;0.629575;
0.013192;-0.889336;
0.013196;-0.265577;
0.0132;0.998035;
0.013204;-0.142911;
0.013208;-0.939543;
0.013212;0.527458;
0.013216;0.723658;
0.01322;-0.823646;
0.013224;-0.386547;
0.013228;0.981856;
0.013232;-0.0153191;
0.013236;-0.975586;
0.01324;0.414619;
0.013244;0.805886;
0.013248;-0.744461;
0.013252;-0.501184;
0.013256;0.949592;
0.01326;0.112523;
0.013264;-0.995647;
0.013268;0.294987;
0.013272;0.875111;
0.013276;-0.652768;
0.01328;-0.607939;
0.013284;0.901592;
0.013288;0.238924;
0.013292;-0.999382;
0.013296;0.170115;
0.0133;0.929755;
0.013304;-0.550656;
0.013308;-0.704376;
0.013312;0.838952;
0.013316;0.361;
0.01332;-0.986706;
0.013324;0.0428512;
0.013328;0.969168;
0.013332;-0.439524;
0.013336;-0.789274;
0.01334;0.762567;
0.013344;0.477161;
0.013348;-0.957866;
0.013352;-0.0851145;
0.013356;0.992702;
0.01336;-0.321191;
0.013364;-0.861242;
0.013368;0.67369;
0.013372;0.585506;
0.013376;-0.913333;
0.01338;-0.211686;
0.013384;0.999974;
0.013388;-0.197596;
0.013392;-0.9191;
0.013396;0.573437;
0.0134;0.68456;
0.013404;-0.853622;
0.013408;-0.335179;
0.013412;0.990808;
0.013416;-0.0703508;
0.01342;-0.962014;
0.013424;0.464095;
0.013428;0.772063;
0.013432;-0.780095;
0.013436;-0.452777;
0.01344;0.965413;
0.013444;0.057641;
0.013448;-0.989005;
0.013452;0.347151;
0.013456;0.846919;
0.01346;-0.693788;
0.013464;-0.562957;
0.013468;0.924201;
0.013472;0.184689;
0.013476;-0.999793;
0.01348;0.224519;
0.013484;0.907899;
0.013488;-0.596115;
0.013492;-0.663914;
0.013496;0.86785;
0.0135;0.30871;
0.013504;-0.994202;
0.013508;0.0982087;
0.013512;0.954006;
0.013516;-0.488315;
0.01352;-0.754267;
0.013524;0.79703;
0.013528;0.428049;
0.013532;-0.972227;
0.013536;-0.0301238;
0.01354;0.984557;
0.013544;-0.372847;
0.013548;-0.831953;
0.013552;0.713359;
0.013556;0.539981;
0.01356;-0.934369;
0.013564;-0.157551;
0.013568;0.998853;
0.013572;-0.251272;
0.013576;-0.89601;
0.01358;0.618001;
0.013584;0.643067;
0.013588;-0.881204;
0.013592;-0.282397;
0.013596;0.996786;
0.0136;-0.125579;
0.013604;-0.945388;
0.013608;0.512519;
0.013612;0.735618;
0.013616;-0.813602;
0.01362;-0.402617;
0.013624;0.97839;
0.013628;0.00217;
0.013632;-0.979278;
0.013636;0.398641;
0.01364;0.816356;
0.013644;-0.732389;
0.013648;-0.516595;
0.013652;0.943828;
0.013656;0.130294;
0.01366;-0.997156;
0.013664;0.277834;
0.013668;0.883441;
0.013672;-0.639419;
0.013676;-0.621732;
0.01368;0.893889;
0.013684;0.25587;
0.013688;-0.998615;
0.013692;0.152855;
0.013696;0.936052;
0.0137;-0.535974;
0.013704;-0.716682;
0.013708;0.829306;
0.013712;0.377254;
0.013716;-0.983713;
0.01372;0.0253719;
0.013724;0.973329;
0.013728;-0.423748;
0.013732;-0.799892;
0.013736;0.751137;
0.01374;0.492458;
0.013744;-0.952696;
0.013748;-0.102527;
0.013752;0.99466;
0.013756;-0.304579;
0.01376;-0.870202;
0.013764;0.660352;
0.013768;0.599925;
0.013772;-0.905896;
0.013776;-0.229149;
0.01378;0.999685;
0.013784;-0.180014;
0.013788;-0.926006;
0.013792;0.559022;
0.013796;0.697203;
0.0138;-0.844381;
0.013804;-0.351605;
0.013808;0.98829;
0.013812;-0.0528946;
0.013816;-0.966641;
0.01382;0.448533;
0.013824;0.78306;
0.013828;-0.769033;
0.013832;-0.468301;
0.013836;0.960705;
0.01384;0.0750919;
0.013844;-0.99144;
0.013848;0.330696;
0.013852;0.856088;
0.013856;-0.681087;
0.01386;-0.577325;
0.013864;0.917381;
0.013868;0.201848;
0.013872;-0.999996;
0.013876;0.207442;
0.01388;0.915092;
0.013884;-0.581645;
0.013888;-0.677195;
0.013892;0.858816;
0.013896;0.325689;
0.0139;-0.992118;
0.013904;0.0803771;
0.013908;0.95922;
0.013912;-0.472978;
0.013916;-0.765634;
0.01392;0.786346;
0.013924;0.443789;
0.013928;-0.967985;
0.013932;-0.0476;
0.013936;0.987468;
0.01394;-0.356563;
0.013944;-0.841529;
0.013948;0.700994;
0.013952;0.554618;
0.013956;-0.927995;
0.01396;-0.174797;
0.013964;0.999538;
0.013968;-0.234306;
0.013972;-0.903638;
0.013976;0.604158;
0.01398;0.656362;
0.013984;-0.872801;
0.013988;-0.299131;
0.013992;0.995233;
0.013996;-0.10821;
0.014;-0.950944;
0.014004;0.497424;
0.014008;0.747627;
0.014012;-0.803062;
0.014016;-0.41894;
0.01402;0.974531;
0.014024;0.0200721;
0.014028;-0.982747;
0.014032;0.382158;
0.014036;0.826332;
0.01404;-0.720369;
0.014044;-0.531491;
0.014048;0.937904;
0.014052;0.147614;
0.014056;-0.998322;
0.01406;0.260991;
0.014064;0.8915;
0.014068;-0.625875;
0.014072;-0.635334;
0.014076;0.885912;
0.01408;0.272738;
0.014084;-0.997542;
0.014088;0.135548;
0.014092;0.942063;
0.014096;-0.521127;
0.0141;-0.72877;
0.014104;0.819407;
0.014108;0.393393;
0.014112;-0.980419;
0.014116;0.00788486;
0.01412;0.977192;
0.014124;-0.407842;
0.014128;-0.810508;
0.014132;0.739198;
0.014136;0.50796;
0.01414;-0.947102;
0.014144;-0.120318;
0.014148;0.996348;
0.014152;-0.287479;
0.014156;-0.878685;
0.01416;0.647118;
0.014164;0.613825;
0.014168;-0.898351;
0.014172;-0.246137;
0.014176;0.999093;
0.01418;-0.162784;
0.014184;-0.932467;
0.014188;0.544435;
0.014192;0.709634;
0.014196;-0.834883;
0.0142;-0.367923;
0.014204;0.985471;
0.014208;-0.0354222;
0.014212;-0.970973;
0.014216;0.432834;
0.01422;0.793817;
0.014224;-0.757737;
0.014228;-0.483682;
0.014232;0.955704;
0.014236;0.0925198;
0.01424;-0.993571;
0.014244;0.314141;
0.014248;0.864996;
0.014252;-0.667869;
0.014256;-0.59185;
0.01426;0.910109;
0.014264;0.21935;
0.014268;-0.999887;
0.014272;0.189896;
0.014276;0.922164;
0.01428;-0.56733;
0.014284;-0.68996;
0.014288;0.849725;
0.014292;0.342174;
0.014296;-0.989775;
0.0143;0.0629326;
0.014304;0.964017;
0.014308;-0.457497;
0.014312;-0.776767;
0.014316;0.775422;
0.01432;0.459393;
0.014324;-0.963448;
0.014328;-0.0650617;
0.014332;0.990077;
0.014336;-0.340169;
0.01434;-0.850848;
0.014344;0.688414;
0.014348;0.569086;
0.014352;-0.921337;
0.014356;-0.19199;
0.01436;0.999917;
0.014364;-0.217268;
0.014368;-0.910991;
0.014372;0.589795;
0.014376;0.669763;
0.01438;-0.863924;
0.014384;-0.316166;
0.014388;0.993328;
0.014392;-0.0903953;
0.014396;-0.95633;
0.0144;0.481813;
0.014404;0.759127;
0.014408;-0.792518;
0.014412;-0.434756;
0.014416;0.97046;
0.01442;0.0375543;
0.014424;-0.985831;
0.014428;0.365938;
0.014432;0.836055;
0.014436;-0.708129;
0.01444;-0.546224;
0.014444;0.931694;
0.014448;0.164889;
0.014452;-0.999182;
0.014456;0.244069;
0.01446;0.899286;
0.014464;-0.612139;
0.014468;-0.648743;
0.014472;0.877665;
0.014476;0.289522;
0.01448;-0.996163;
0.014484;0.1182;
0.014488;0.947785;
0.014492;-0.506121;
0.014496;-0.740912;
0.0145;0.809013;
0.014504;0.409789;
0.014508;-0.976737;
0.014512;-0.0100183;
0.014516;0.980837;
0.01452;-0.391431;
0.014524;-0.820628;
0.014528;0.727307;
0.014532;0.522947;
0.014536;-0.941345;
0.01454;-0.137662;
0.014544;0.997689;
0.014548;-0.270684;
0.014552;-0.8869;
0.014556;0.633685;
0.01456;0.627538;
0.014564;-0.890531;
0.014568;-0.26305;
0.014572;0.998196;
0.014576;-0.145503;
0.01458;-0.938642;
0.014584;0.529682;
0.014588;0.721848;
0.014592;-0.825129;
0.014596;-0.384129;
0.0146;0.98235;
0.014604;-0.0179389;
0.014608;-0.975007;
0.014612;0.417002;
0.014616;0.804578;
0.01462;-0.745933;
0.014624;-0.499273;
0.014628;0.950281;
0.014632;0.110331;
0.014636;-0.995439;
0.01464;0.297095;
0.014644;0.873841;
0.014648;-0.654751;
0.014652;-0.605856;
0.014656;0.902723;
0.01466;0.236379;
0.014664;-0.999471;
0.014668;0.172696;
0.014672;0.928788;
0.014676;-0.552842;
0.01468;-0.702514;
0.014684;0.840375;
0.014688;0.358555;
0.014692;-0.987129;
0.014696;0.0454688;
0.0147;0.968519;
0.014704;-0.441876;
0.014708;-0.787662;
0.014712;0.76426;
0.014716;0.474857;
0.01472;-0.958615;
0.014724;-0.0825035;
0.014728;0.992383;
0.014732;-0.323671;
0.014736;-0.859907;
0.01474;0.675319;
0.014744;0.583715;
0.014748;-0.914229;
0.014752;-0.209529;
0.014756;0.999988;
0.01476;-0.199758;
0.014764;-0.918228;
0.014768;0.575582;
0.014772;0.682647;
0.014776;-0.854984;
0.01478;-0.332709;
0.014784;0.991159;
0.014788;-0.0729643;
0.014792;-0.961295;
0.014796;0.466415;
0.0148;0.770395;
0.014804;-0.781731;
0.014808;-0.450439;
0.014812;0.966092;
0.014816;0.055025;
0.01482;-0.988614;
0.014824;0.349607;
0.014828;0.845522;
0.014832;-0.695672;
0.014836;-0.560789;
0.01484;0.925199;
0.014844;0.182113;
0.014848;-0.999736;
0.014852;0.227071;
0.014856;0.906798;
0.01486;-0.598216;
0.014864;-0.662263;
0.014868;0.868944;
0.014872;0.306611;
0.014876;-0.994437;
0.01488;0.100404;
0.014884;0.953342;
0.014888;-0.4906;
0.014892;-0.752544;
0.014896;0.79861;
0.0149;0.425679;
0.014904;-0.972837;
0.014908;-0.0275047;
0.014912;0.984094;
0.014916;-0.375277;
0.01492;-0.830496;
0.014924;0.715193;
0.014928;0.537774;
0.014932;-0.935299;
0.014936;-0.154963;
0.01494;0.998725;
0.014944;-0.253807;
0.014948;-0.894843;
0.014952;0.620059;
0.014956;0.641058;
0.01496;-0.882439;
0.014964;-0.279883;
0.014968;0.996993;
0.014972;-0.128179;
0.014976;-0.94453;
0.01498;0.514767;
0.014984;0.734121;
0.014988;-0.814883;
0.014992;-0.400596;
0.014996;0.978844;
0.015;-3.64869e-05;
0.015004;-0.978829;
0.015008;0.400663;
0.015012;0.81484;
0.015016;-0.734171;
0.01502;-0.51435;
0.015024;0.94469;
0.015028;0.127696;
0.015032;-0.996955;
0.015036;0.28035;
0.01504;0.88221;
0.015044;-0.641432;
0.015048;-0.619677;
0.015052;0.895061;
0.015056;0.253336;
0.01506;-0.998749;
0.015064;0.155444;
0.015068;0.935127;
0.015072;-0.538184;
0.015076;-0.714853;
0.01508;0.830767;
0.015084;0.374826;
0.015088;-0.984181;
0.015092;0.0279912;
0.015096;0.972724;
0.0151;-0.426119;
0.015104;-0.798317;
0.015108;0.752592;
0.015112;0.490536;
0.015116;-0.953364;
0.01512;-0.100332;
0.015124;0.994429;
0.015128;-0.30668;
0.015132;-0.868908;
0.015136;0.662317;
0.01514;0.597826;
0.015144;-0.907003;
0.015148;-0.226597;
0.015152;0.999747;
0.015156;-0.182591;
0.01516;-0.925014;
0.015164;0.561192;
0.015168;0.695323;
0.015172;-0.845782;
0.015176;-0.349151;
0.01518;0.988687;
0.015184;-0.0555109;
0.015188;-0.965967;
0.015192;0.450873;
0.015196;0.781428;
0.0152;-0.770706;
0.015204;-0.465984;
0.015208;0.961429;
0.015212;0.0724789;
0.015216;-0.991094;
0.01522;0.333168;
0.015224;0.854731;
0.015228;-0.682701;
0.015232;-0.575522;
0.015236;0.918257;
0.01524;0.199687;
0.015244;-0.999987;
0.015248;0.2096;
0.015252;0.9142;
0.015256;-0.583775;
0.01526;-0.675265;
0.015264;0.860155;
0.015268;0.32321;
0.015272;-0.992443;
0.015276;0.0829885;
0.01528;0.958476;
0.015284;-0.475285;
0.015288;-0.763946;
0.015292;0.787962;
0.015296;0.441439;
0.0153;-0.96864;
0.015304;-0.0449826;
0.015308;0.987051;
0.015312;-0.359009;
0.015316;-0.840111;
0.01532;0.70286;
0.015324;0.552436;
0.015328;-0.928968;
0.015332;-0.172217;
0.015336;0.999455;
0.01534;-0.236852;
0.015344;-0.902513;
0.015348;0.606243;
0.015352;0.654695;
0.015356;-0.873876;
0.01536;-0.297025;
0.015364;0.995446;
0.015368;-0.110403;
0.015372;-0.950259;
0.015376;0.499337;
0.01538;0.745884;
0.015384;-0.804621;
0.015388;-0.416559;
0.015392;0.975115;
0.015396;0.0174523;
0.0154;-0.982258;
0.015404;0.384578;
0.015408;0.824854;
0.015412;-0.722184;
0.015416;-0.529269;
0.01542;0.93881;
0.015424;0.145022;
0.015428;-0.998166;
0.015432;0.26352;
0.015436;0.89031;
0.01544;-0.627916;
0.015444;-0.633309;
0.015448;0.887125;
0.015452;0.270216;
0.015456;-0.997722;
0.01546;0.138144;
0.015464;0.941181;
0.015468;-0.523362;
0.015472;-0.726973;
0.015476;0.820669;
0.01548;0.391363;
0.015484;-0.980851;
0.015488;0.0100913;
0.015492;0.976721;
0.015496;-0.409855;
0.0155;-0.808971;
0.015504;0.740961;
0.015508;0.505701;
0.015512;-0.94794;
0.015516;-0.117717;
0.01552;0.996121;
0.015524;-0.289987;
0.015528;-0.877431;
0.015532;0.649113;
0.015536;0.611754;
0.01554;-0.899499;
0.015544;-0.243597;
0.015548;0.999201;
0.015552;-0.165369;
0.015556;-0.931517;
0.01556;0.546631;
0.015564;0.707785;
0.015568;-0.836322;
0.015572;-0.365485;
0.015576;0.985912;
0.01558;-0.0380406;
0.015584;-0.970343;
0.015588;0.435194;
0.015592;0.792221;
0.015596;-0.759175;
0.0156;-0.481749;
0.015604;0.956351;
0.015608;0.0903226;
0.015612;-0.993319;
0.015616;0.316235;
0.01562;0.863887;
0.015624;-0.669817;
0.015628;-0.589402;
0.015632;0.911191;
0.015636;0.216389;
0.01564;-0.999923;
0.015644;0.192874;
0.015648;0.921147;
0.015652;-0.569826;
0.015656;-0.688061;
0.01566;0.850887;
0.015664;0.339711;
0.015668;-0.990087;
0.015672;0.0655474;
0.015676;0.963428;
0.01568;-0.459825;
0.015684;-0.775375;
0.015688;0.777073;
0.015692;0.457432;
0.015696;-0.964146;
0.0157;-0.0628598;
0.015704;0.989705;
0.015708;-0.342243;
0.015712;-0.849469;
0.015716;0.690013;
0.01572;0.566929;
0.015724;-0.922192;
0.015728;-0.189418;
0.015732;0.999886;
0.015736;-0.219825;
0.01574;-0.910078;
0.015744;0.592242;
0.015748;0.667815;
0.015752;-0.865448;
0.015756;-0.313679;
0.01576;0.993673;
0.015764;-0.0930044;
0.015768;-0.955438;
0.015772;0.484108;
0.015776;0.757149;
0.01578;-0.794113;
0.015784;-0.432768;
0.015788;0.971089;
0.015792;0.0353492;
0.015796;-0.985388;
0.0158;0.367991;
0.015804;0.834615;
0.015808;-0.709685;
0.015812;-0.544027;
0.015816;0.932493;
0.01582;0.162304;
0.015824;-0.99909;
0.015828;0.246609;
0.015832;0.898319;
0.015836;-0.614209;
0.01584;-0.647062;
0.015844;0.878917;
0.015848;0.287409;
0.015852;-0.996389;
0.015856;0.120391;
0.01586;0.946946;
0.015864;-0.508023;
0.015868;-0.738871;
0.015872;0.810551;
0.015876;0.407019;
0.01588;-0.977295;
0.015884;-0.00698448;
0.015888;0.980323;
0.015892;-0.394221;
0.015896;-0.819128;
0.0159;0.729386;
0.015904;0.520712;
0.015908;-0.942087;
0.015912;-0.135066;
0.015916;0.997536;
0.01592;-0.273206;
0.015924;-0.885878;
0.015928;0.63571;
0.015932;0.625818;
0.015936;-0.89172;
0.01594;-0.260921;
0.015944;0.99835;
0.015948;-0.147686;
0.015952;-0.937735;
0.015956;0.531552;
0.01596;0.720032;
0.015964;-0.826373;
0.015968;-0.381708;
0.015972;0.98276;
0.015976;-0.0205586;
0.01598;-0.974515;
0.015984;0.419382;
0.015988;0.803019;
0.015992;-0.74795;
0.015996;-0.497001;
0.016;0.951222;
0.016004;0.107726;
0.016008;-0.995145;
0.016012;0.299595;
0.016016;0.872361;
0.01602;-0.656729;
0.016024;-0.604099;
0.016028;0.903847;
0.016032;0.234235;
0.016036;-0.999553;
0.01604;0.174869;
0.016044;0.927813;
0.016048;-0.554679;
0.016052;-0.700647;
0.016056;0.841569;
0.01606;0.356108;
0.016064;-0.987479;
0.016068;0.0480862;
0.016072;0.967967;
0.016076;-0.444225;
0.01608;-0.786301;
0.016084;0.765947;
0.016088;0.472914;
0.016092;-0.959358;
0.016096;-0.0803044;
0.0161;0.992057;
0.016104;-0.325758;
0.016108;-0.858567;
0.016112;0.677249;
0.016116;0.581249;
0.01612;-0.915288;
0.016124;-0.206561;
0.016128;0.999997;
0.016132;-0.20273;
0.016136;-0.917187;
0.01614;0.57806;
0.016144;0.68073;
0.016148;-0.856126;
0.016152;-0.330237;
0.016156;0.991449;
0.01616;-0.0755772;
0.016164;-0.960685;
0.016168;0.468731;
0.016172;0.768987;
0.016176;-0.783363;
0.01618;-0.448468;
0.016184;0.966766;
0.016188;0.0528217;
0.016192;-0.988216;
0.016196;0.351673;
0.0162;0.844121;
0.016204;-0.697256;
0.016208;-0.558618;
0.016212;0.926034;
0.016216;0.179536;
0.01622;-0.999683;
0.016224;0.229622;
0.016228;0.905865;
0.016232;-0.600314;
0.016236;-0.660297;
0.01624;0.870441;
0.016244;0.304116;
0.016248;-0.994752;
0.016252;0.103011;
0.016256;0.952422;
0.01626;-0.492881;
0.016264;-0.750542;
0.016268;0.800184;
0.016272;0.423681;
0.016276;-0.97344;
0.01628;-0.025299;
0.016284;0.983626;
0.016288;-0.377322;
0.016292;-0.829034;
0.016296;0.716733;
0.0163;0.535563;
0.016304;-0.936078;
0.016308;-0.152374;
0.016312;0.998611;
0.016316;-0.25634;
0.01632;-0.893856;
0.016324;0.622113;
0.016328;0.639363;
0.016332;-0.883669;
0.016336;-0.277764;
0.01634;0.997193;
0.016344;-0.130366;
0.016348;-0.943667;
0.016352;0.516658;
0.016356;0.732058;
0.01636;-0.816399;
0.016364;-0.397815;
0.016368;0.979376;
0.016372;-0.0030704;
0.016376;-0.978289;
0.01638;0.403441;
0.016384;0.813319;
0.016388;-0.736227;
0.016392;-0.512101;
0.016396;0.945412;
0.0164;0.125097;
0.016404;-0.996781;
0.016408;0.282864;
0.016412;0.881169;
0.016416;-0.64344;
0.01642;-0.617944;
0.016424;0.896226;
0.016428;0.251201;
0.016432;-0.998877;
0.016436;0.157623;
0.01644;0.934195;
0.016444;-0.540042;
0.016448;-0.713018;
0.016452;0.831994;
0.016456;0.372396;
0.01646;-0.984569;
0.016464;0.0306103;
0.016468;0.97221;
0.016472;-0.428488;
0.016476;-0.796986;
0.01648;0.754586;
0.016484;0.488251;
0.016488;-0.954276;
0.016492;-0.0977244;
0.016496;0.994105;
0.0165;-0.309173;
0.016504;-0.867402;
0.016508;0.664278;
0.016512;0.596056;
0.016516;-0.908103;
0.01652;-0.224448;
0.016524;0.999803;
0.016528;-0.18476;
0.016532;-0.924016;
0.016536;0.563017;
0.01654;0.693437;
0.016544;-0.846957;
0.016548;-0.346694;
0.016552;0.989015;
0.016556;-0.0581269;
0.01656;-0.965394;
0.016564;0.453211;
0.016568;0.780049;
0.016572;-0.772372;
0.016576;-0.464031;
0.01658;0.962147;
0.016584;0.070278;
0.016588;-0.990742;
0.016592;0.335248;
0.016596;0.853368;
0.0166;-0.684613;
0.016604;-0.573038;
0.016608;0.919291;
0.016612;0.196713;
0.016616;-0.99997;
0.01662;0.212566;
0.016624;0.913135;
0.016628;-0.586235;
0.016632;-0.67333;
0.016636;0.861279;
0.01664;0.32073;
0.016644;-0.992711;
0.016648;0.0855994;
0.016652;0.957845;
0.016656;-0.477589;
0.01666;-0.76252;
0.016664;0.789573;
0.016668;0.439458;
0.016672;-0.969287;
0.016676;-0.0427783;
0.01668;0.986627;
0.016684;-0.361068;
0.016688;-0.838687;
0.016692;0.704428;
0.016696;0.55025;
0.0167;-0.929782;
0.016704;-0.169635;
0.016708;0.99938;
0.016712;-0.239397;
0.016716;-0.901561;
0.01672;0.608325;
0.016724;0.652713;
0.016728;-0.875347;
0.016732;-0.294522;
0.016736;0.995731;
0.01674;-0.113007;
0.016744;-0.949309;
0.016748;0.501605;
0.016752;0.74386;
0.016756;-0.806174;
0.01676;-0.414552;
0.016764;0.975693;
0.016768;0.0152461;
0.016772;-0.981764;
0.016776;0.386614;
0.01678;0.82337;
0.016784;-0.723709;
0.016788;-0.527044;
0.016792;0.939568;
0.016796;0.142429;
0.0168;-0.99803;
0.016804;0.266046;
0.016808;0.889303;
0.016812;-0.629954;
0.016816;-0.6316;
0.01682;0.888331;
0.016824;0.268091;
0.016828;-0.997895;
0.016832;0.140329;
0.016836;0.940292;
0.01684;-0.52524;
0.016844;-0.725171;
0.016848;0.822164;
0.016852;0.38857;
0.016856;-0.981358;
0.01686;0.013125;
0.016864;0.976156;
0.016868;-0.412621;
0.016872;-0.807427;
0.016876;0.742995;
0.01688;0.503439;
0.016884;-0.94864;
0.016888;-0.115115;
0.016892;0.995924;
0.016896;-0.292494;
0.0169;-0.876371;
0.016904;0.651104;
0.016908;0.610007;
0.016912;-0.900641;
0.016916;-0.241456;
0.01692;0.999303;
0.016924;-0.167544;
0.016928;-0.930561;
0.016932;0.548477;
0.016936;0.705932;
0.01694;-0.83753;
0.016944;-0.363045;
0.016948;0.986279;
0.016952;-0.0406588;
0.016956;-0.969807;
0.01696;0.437552;
0.016964;0.790873;
0.016968;-0.761146;
0.016972;-0.479452;
0.016976;0.957233;
0.01698;0.0877128;
0.016984;-0.992965;
0.016988;0.31872;
0.016992;0.862355;
0.016996;-0.67176;
0.017;-0.587283;
0.017004;0.912268;
0.017008;0.214638;
0.017012;-0.999952;
0.017016;0.194633;
0.01702;0.920124;
0.017024;-0.571298;
0.017028;-0.686157;
0.017032;0.85226;
0.017036;0.337246;
0.01704;-0.990452;
0.017044;0.0681617;
0.017048;0.962723;
0.017052;-0.462151;
0.017056;-0.773718;
0.01706;0.77872;
0.017064;0.455101;
0.017068;-0.964838;
0.017072;-0.0602445;
0.017076;0.989327;
0.01708;-0.344704;
0.017084;-0.848083;
0.017088;0.691907;
0.017092;0.564769;
0.017096;-0.923202;
0.0171;-0.186845;
0.017104;0.999843;
0.017108;-0.22238;
0.017112;-0.908989;
0.017116;0.594351;
0.01712;0.665862;
0.017124;-0.866344;
0.017128;-0.31119;
0.017132;0.993873;
0.017136;-0.095613;
0.01714;-0.954908;
0.017144;0.486399;
0.017148;0.755976;
0.017152;-0.795703;
0.017156;-0.430404;
0.01716;0.971711;
0.017164;0.0327305;
0.017168;-0.984938;
0.017172;0.370426;
0.017176;0.833169;
0.01718;-0.816334;
0.017184;-0.381713;
0.017188;0.985859;
0.017192;-0.0557125;
0.017196;-0.961326;
0.0172;0.482171;
0.017204;0.747564;
0.017208;-0.813719;
0.017212;-0.386651;
0.017216;0.985093;
0.01722;-0.0503717;
0.017224;-0.962559;
0.017228;0.477479;
0.017232;0.750554;
0.017236;-0.810599;
0.01724;-0.390809;
0.017244;0.984159;
0.017248;-0.0450294;
0.017252;-0.963995;
0.017256;0.472773;
0.01726;0.754078;
0.017264;-0.807455;
0.017268;-0.395726;
0.017272;0.983196;
0.017276;-0.0405208;
0.01728;-0.965404;
0.017284;0.468792;
0.017288;0.75758;
0.017292;-0.804785;
0.017296;-0.400632;
0.0173;0.982362;
0.017304;-0.0351763;
0.017308;-0.966571;
0.017312;0.464061;
0.017316;0.760517;
0.01732;-0.801598;
0.017324;-0.404763;
0.017328;0.981348;
0.017332;-0.030666;
0.017336;-0.967928;
0.01734;0.460058;
0.017344;0.763979;
0.017348;-0.798892;
0.017352;-0.409648;
0.017356;0.980471;
0.01736;-0.0253197;
0.017364;-0.969052;
0.017368;0.455303;
0.017372;0.767419;
0.017376;-0.795664;
0.01738;-0.414521;
0.017384;0.979405;
0.017388;-0.0199728;
0.017392;-0.970358;
0.017396;0.450535;
0.0174;0.770305;
0.017404;-0.792413;
0.017408;-0.418623;
0.017412;0.978311;
0.017416;-0.0154607;
0.01742;-0.971637;
0.017424;0.446501;
0.017428;0.773704;
0.017432;-0.789652;
0.017436;-0.423474;
0.01744;0.977366;
0.017444;-0.0101128;
0.017448;-0.972694;
0.017452;0.441709;
0.017456;0.776555;
0.01746;-0.786359;
0.017464;-0.427558;
0.017468;0.976221;
0.017472;-0.00560022;
0.017476;-0.973922;
0.01748;0.437656;
0.017484;0.779914;
0.017488;-0.783563;
0.017492;-0.432387;
0.017496;0.975048;
0.0175;-0.000251894;
0.017504;-0.975121;
0.017508;0.432841;
0.017512;0.78325;
0.017516;-0.780229;
0.01752;-0.437203;
0.017524;0.974036;
0.017528;0.00509644;
0.017532;-0.976112;
0.017536;0.428014;
0.01754;0.786048;
0.017544;-0.776873;
0.017548;-0.441257;
0.017552;0.972811;
0.017556;0.00960906;
0.01756;-0.97726;
0.017564;0.423931;
0.017568;0.789343;
0.017572;-0.774023;
0.017576;-0.446051;
0.01758;0.971756;
0.017584;0.014957;
0.017588;-0.978207;
0.017592;0.419081;
0.017596;0.792105;
0.0176;-0.770626;
0.017604;-0.450085;
0.017608;0.97048;
0.017612;0.0194691;
0.017616;-0.979303;
0.01762;0.414219;
0.017624;0.795359;
0.017628;-0.767207;
0.017632;-0.454855;
0.017636;0.969176;
0.01764;0.0248161;
0.017644;-0.980372;
0.017648;0.410107;
0.017652;0.798589;
0.017656;-0.764304;
0.01766;-0.459611;
0.017664;0.968055;
0.017668;0.0301625;
0.017672;-0.981251;
0.017676;0.405223;
0.01768;0.801297;
0.017684;-0.760844;
0.017688;-0.463614;
0.017692;0.9667;
0.017696;0.0346728;
0.0177;-0.982268;
0.017704;0.401094;
0.017708;0.804485;
0.017712;-0.757908;
0.017716;-0.468346;
0.01772;0.965535;
0.017724;0.0400174;
0.017728;-0.983104;
0.017732;0.396189;
0.017736;0.807651;
0.01774;-0.754408;
0.017744;-0.473065;
0.017748;0.964129;
0.017752;0.0453609;
0.017756;-0.984069;
0.01776;0.391272;
0.017764;0.810303;
0.017768;-0.750887;
0.017772;-0.477036;
0.017776;0.962696;
0.01778;0.0498685;
0.017784;-0.985006;
0.017788;0.387115;
0.017792;0.813426;
0.017796;-0.747899;
0.0178;-0.48173;
0.017804;0.961465;
0.017808;0.0552095;
0.017812;-0.985774;
0.017816;0.382179;
0.01782;0.816043;
0.017824;-0.744338;
0.017828;-0.48568;
0.017832;0.959981;
0.017836;0.0597148;
0.01784;-0.986659;
0.017844;0.378004;
0.017848;0.819122;
0.017852;-0.741317;
0.017856;-0.490348;
0.01786;0.958469;
0.017864;0.0650527;
0.017868;-0.987516;
0.017872;0.373048;
0.017876;0.822178;
0.01788;-0.737717;
0.017884;-0.495002;
0.017888;0.957172;
0.017892;0.0703888;
0.017896;-0.988217;
0.0179;0.36808;
0.017904;0.824739;
0.017908;-0.734095;
0.017912;-0.498918;
0.017916;0.95561;
0.01792;0.0748896;
0.017924;-0.989021;
0.017928;0.36388;
0.017932;0.827752;
0.017936;-0.731023;
0.01794;-0.503546;
0.017944;0.954271;
0.017948;0.0802219;
0.017952;-0.989678;
0.017956;0.358893;
0.01796;0.830275;
0.017964;-0.727364;
0.017968;-0.50744;
0.017972;0.952658;
0.017976;0.0847192;
0.01798;-0.99043;
0.017984;0.353896;
0.017988;0.833244;
0.017992;-0.723683;
0.017996;-0.512041;
0.018;0.951019;
0.018004;0.0900471;
0.018008;-0.991154;
0.018012;0.349672;
0.018016;0.83619;
0.01802;-0.720561;
0.018024;-0.516628;
0.018028;0.949614;
0.018032;0.0953724;
0.018036;-0.991743;
0.01804;0.344656;
0.018044;0.838656;
0.018048;-0.716842;
0.018052;-0.520486;
0.018056;0.947924;
0.01806;0.0998636;
0.018064;-0.992415;
0.018068;0.340417;
0.018072;0.841557;
0.018076;-0.713689;
0.01808;-0.525046;
0.018084;0.946477;
0.018088;0.105184;
0.018092;-0.992959;
0.018096;0.335383;
0.0181;0.843986;
0.018104;-0.709932;
0.018108;-0.52959;
0.018112;0.944737;
0.018116;0.110501;
0.01812;-0.993579;
0.018124;0.330339;
0.018128;0.846843;
0.018132;-0.706155;
0.018136;-0.533413;
0.01814;0.94297;
0.018144;0.114985;
0.018148;-0.99417;
0.018152;0.326077;
0.018156;0.849675;
0.01816;-0.702953;
0.018164;-0.537929;
0.018168;0.941459;
0.018172;0.120296;
0.018176;-0.994646;
0.01818;0.321016;
0.018184;0.852046;
0.018188;-0.699139;
0.018192;-0.541728;
0.018196;0.939642;
0.0182;0.124775;
0.018204;-0.995185;
0.018208;0.316739;
0.018212;0.854833;
0.018216;-0.695905;
0.01822;-0.546215;
0.018224;0.938088;
0.018228;0.13008;
0.018232;-0.995695;
0.018236;0.311661;
0.01824;0.857596;
0.018244;-0.692054;
0.018248;-0.550688;
0.018252;0.936222;
0.018256;0.135381;
0.01826;-0.996103;
0.018264;0.306575;
0.018268;0.859909;
0.018272;-0.688184;
0.018276;-0.554449;
0.01828;0.934329;
0.018284;0.13985;
0.018288;-0.99656;
0.018292;0.302276;
0.018296;0.862626;
0.0183;-0.684903;
0.018304;-0.558892;
0.018308;0.932712;
0.018312;0.145144;
0.018316;-0.996924;
0.01832;0.297174;
0.018324;0.8649;
0.018328;-0.680996;
0.018332;-0.562628;
0.018336;0.93077;
0.01834;0.149608;
0.018344;-0.997329;
0.018348;0.292063;
0.018352;0.867573;
0.018356;-0.67707;
0.01836;-0.567042;
0.018364;0.928801;
0.018368;0.154894;
0.018372;-0.997705;
0.018376;0.287744;
0.01838;0.87022;
0.018384;-0.673742;
0.018388;-0.571439;
0.018392;0.927119;
0.018396;0.160175;
0.0184;-0.998001;
0.018404;0.282618;
0.018408;0.872434;
0.018412;-0.66978;
0.018416;-0.575137;
0.01842;0.925101;
0.018424;0.164628;
0.018428;-0.998324;
0.018432;0.278286;
0.018436;0.875036;
0.01844;-0.666422;
0.018444;-0.579504;
0.018448;0.923378;
0.018452;0.169901;
0.018456;-0.998575;
0.01846;0.273145;
0.018464;0.877211;
0.018468;-0.662425;
0.018472;-0.583854;
0.018476;0.921312;
0.01848;0.175169;
0.018484;-0.998847;
0.018488;0.267996;
0.018492;0.879767;
0.018496;-0.658409;
0.0185;-0.587512;
0.018504;0.919219;
0.018508;0.17961;
0.018512;-0.999089;
0.018516;0.263646;
0.01852;0.882297;
0.018524;-0.655006;
0.018528;-0.591831;
0.018532;0.917433;
0.018536;0.184869;
0.01854;-0.999271;
0.018544;0.258483;
0.018548;0.884412;
0.018552;-0.650955;
0.018556;-0.595463;
0.01856;0.915292;
0.018564;0.189302;
0.018568;-0.999461;
0.018572;0.254121;
0.018576;0.886895;
0.01858;-0.647523;
0.018584;-0.599751;
0.018588;0.913465;
0.018592;0.194551;
0.018596;-0.999623;
0.0186;0.248945;
0.018604;0.889353;
0.018608;-0.643438;
0.018612;-0.73589;
0.018616;0.813609;
0.01862;0.402985;
0.018624;-0.978392;
0.018628;-0.00257155;
0.018632;0.979275;
0.018636;-0.398272;
0.01864;-0.81611;
0.018644;0.732398;
0.018648;0.516231;
0.018652;-0.943832;
0.018656;-0.129872;
0.01866;0.997155;
0.018664;-0.278243;
0.018668;-0.883435;
0.018672;0.639747;
0.018676;0.621722;
0.01868;-0.89408;
0.018684;-0.255858;
0.018688;0.998637;
0.018692;-0.152867;
0.018696;-0.935902;
0.0187;0.535984;
0.018704;0.716385;
0.018708;-0.829313;
0.018712;-0.37686;
0.018716;0.983715;
0.01872;-0.0249705;
0.018724;-0.973326;
0.018728;0.423384;
0.018732;0.799885;
0.018736;-0.750872;
0.01874;-0.492447;
0.018744;0.952574;
0.018748;0.102515;
0.018752;-0.994701;
0.018756;0.304591;
0.01876;0.870196;
0.018764;-0.660672;
0.018768;-0.599915;
0.018772;0.906077;
0.018776;0.229137;
0.01878;-0.999696;
0.018784;0.180026;
0.018788;0.925846;
0.018792;-0.559032;
0.018796;-0.696898;
0.0188;0.844388;
0.018804;0.351206;
0.018808;-0.988292;
0.018812;0.0533198;
0.018816;0.966638;
0.01882;-0.448914;
0.018824;-0.783053;
0.018828;0.769305;
0.018832;0.46829;
0.018836;-0.960594;
0.01884;-0.0750798;
0.018844;0.991492;
0.018848;-0.330708;
0.018852;-0.856296;
0.018856;0.681095;
0.01886;0.577653;
0.018864;-0.917386;
0.018868;-0.202241;
0.018872;0.999996;
0.018876;-0.207049;
0.01888;-0.915087;
0.018884;0.581655;
0.018888;0.676882;
0.018892;-0.858822;
0.018896;-0.325286;
0.0189;0.992119;
0.018904;-0.0808016;
0.018908;-0.959217;
0.018912;0.473353;
0.018916;0.765626;
0.01892;-0.786609;
0.018924;-0.443778;
0.018928;0.968092;
0.018932;0.0475879;
0.018936;-0.9874;
0.01894;0.356574;
0.018944;0.841299;
0.018948;-0.701003;
0.018952;-0.554264;
0.018956;0.927999;
0.01896;0.175193;
0.018964;-0.999538;
0.018968;0.233915;
0.018972;0.903633;
0.018976;-0.603838;
0.01898;-0.656352;
0.018984;0.872605;
0.018988;0.299119;
0.018992;-0.995194;
0.018996;0.108222;
0.019;0.951068;
0.019004;-0.497434;
0.019008;-0.747619;
0.019012;0.803316;
0.019016;0.418929;
0.01902;-0.974627;
0.019024;-0.0200599;
0.019028;0.982668;
0.019032;-0.38217;
0.019036;-0.826092;
0.01904;0.720378;
0.019044;0.53113;
0.019048;-0.937909;
0.019052;-0.147193;
0.019056;0.998321;
0.01906;-0.261402;
0.019064;-0.891494;
0.019068;0.626207;
0.019072;0.635325;
0.019076;-0.88611;
0.01908;-0.272726;
0.019084;0.997513;
0.019088;-0.13556;
0.019092;-0.942197;
0.019096;0.521137;
0.0191;0.729044;
0.019104;-0.819414;
0.019108;-0.393762;
0.019112;0.980422;
0.019116;-0.00748332;
0.01912;-0.977189;
0.019124;0.407475;
0.019128;0.810259;
0.019132;-0.739207;
0.019136;-0.507593;
0.01914;0.947106;
0.019144;0.119896;
0.019148;-0.996347;
0.019152;0.287887;
0.019156;0.878679;
0.01916;-0.647442;
0.019164;-0.613815;
0.019168;0.898538;
0.019172;0.246125;
0.019176;-0.999111;
0.01918;0.162796;
0.019184;0.932313;
0.019188;-0.544445;
0.019192;-0.709334;
0.019196;0.834889;
0.0192;0.367527;
0.019204;-0.985473;
0.019208;0.0350209;
0.019212;0.97097;
0.019216;-0.432472;
0.01922;-0.79381;
0.019224;0.757475;
0.019228;0.483671;
0.019232;-0.955586;
0.019236;-0.0925077;
0.01924;0.993617;
0.019244;-0.314153;
0.019248;-0.865197;
0.019252;0.668186;
0.019256;0.59184;
0.01926;-0.910285;
0.019264;-0.219338;
0.019268;0.999893;
0.019272;-0.189908;
0.019276;-0.921999;
0.01928;0.56734;
0.019284;0.689652;
0.019288;-0.849732;
0.019292;-0.341774;
0.019296;0.989776;
0.0193;-0.0633576;
0.019304;-0.964014;
0.019308;0.457876;
0.019312;0.776759;
0.019316;-0.77569;
0.01932;-0.459382;
0.019324;0.963562;
0.019328;0.0650496;
0.019332;-0.990133;
0.019336;0.34018;
0.01934;0.851059;
0.019344;-0.688423;
0.019348;-0.569416;
0.019352;0.921341;
0.019356;0.192384;
0.01936;-0.999916;
0.019364;0.216876;
0.019368;0.910986;
0.019372;-0.589805;
0.019376;-0.669447;
0.01938;0.86393;
0.019384;0.315762;
0.019388;-0.993329;
0.019392;0.0908194;
0.019396;0.956326;
0.0194;-0.482186;
0.019404;-0.759119;
0.019408;0.792778;
0.019412;0.434745;
0.019416;-0.970563;
0.01942;-0.0375421;
0.019424;0.985759;
0.019428;-0.36595;
0.019432;-0.835821;
0.019436;0.708138;
0.01944;0.545867;
0.019444;-0.931699;
0.019448;-0.165285;
0.019452;0.999181;
0.019456;-0.243679;
0.01946;-0.899281;
0.019464;0.611822;
0.019468;0.648733;
0.019472;-0.877472;
0.019476;-0.28951;
0.01948;0.996128;
0.019484;-0.118212;
0.019488;-0.947913;
0.019492;0.506132;
0.019496;0.740903;
0.0195;-0.809264;
0.019504;-0.409778;
0.019508;0.976828;
0.019512;0.0100061;
0.019516;-0.980754;
0.01952;0.391442;
0.019524;0.820384;
0.019528;-0.727315;
0.019532;-0.522584;
0.019536;0.941349;
0.01954;0.13724;
0.019544;-0.997688;
0.019548;0.271094;
0.019552;0.886894;
0.019556;-0.634015;
0.01956;-0.627528;
0.019564;0.890725;
0.019568;0.263038;
0.019572;-0.998172;
0.019576;0.145515;
0.01958;0.938781;
0.019584;-0.529693;
0.019588;-0.722125;
0.019592;0.825136;
0.019596;0.3845;
0.0196;-0.982352;
0.019604;0.0175374;
0.019608;0.975005;
0.019612;-0.416637;
0.019616;-0.804325;
0.01962;0.745941;
0.019624;0.498904;
0.019628;-0.950285;
0.019632;-0.109907;
0.019636;0.995438;
0.01964;-0.297501;
0.019644;-0.873835;
0.019648;0.655072;
0.019652;0.605847;
0.019656;-0.902906;
0.01966;-0.236367;
0.019664;0.999485;
0.019668;-0.172708;
0.019672;-0.92863;
0.019676;0.552852;
0.01968;0.702211;
0.019684;-0.840382;
0.019688;-0.358157;
0.019692;0.987131;
0.019696;-0.0450677;
0.0197;-0.968516;
0.019704;0.441516;
0.019708;0.787655;
0.019712;-0.764001;
0.019716;-0.474846;
0.01972;0.958501;
0.019724;0.0824914;
0.019728;-0.992432;
0.019732;0.323682;
0.019736;0.860112;
0.01974;-0.675633;
0.019744;-0.583706;
0.019748;0.914402;
0.019752;0.209517;
0.019756;-0.99999;
0.01976;0.19977;
0.019764;0.918059;
0.019768;-0.575592;
0.019772;-0.682336;
0.019776;0.85499;
0.01978;0.332308;
0.019784;-0.99116;
0.019788;0.073389;
0.019792;0.961292;
0.019796;-0.466791;
0.0198;-0.770388;
0.019804;0.781997;
0.019808;0.450428;
0.019812;-0.966202;
0.019816;-0.0550128;
0.01982;0.988674;
0.019824;-0.349618;
0.019828;-0.845737;
0.019832;0.695681;
0.019836;0.561122;
0.01984;-0.925204;
0.019844;-0.182508;
0.019848;0.999736;
0.019852;-0.22668;
0.019856;-0.906793;
0.01986;0.597895;
0.019864;0.661943;
0.019868;-0.86895;
0.019872;-0.306205;
0.019876;0.994438;
0.01988;-0.100828;
0.019884;-0.953339;
0.019888;0.490971;
0.019892;0.752536;
0.019896;-0.798866;
0.0199;-0.425668;
0.019904;0.972935;
0.019908;0.0274925;
0.019912;-0.984019;
0.019916;0.375289;
0.01992;0.830259;
0.019924;-0.715201;
0.019928;-0.537415;
0.019932;0.935304;
0.019936;0.154542;
0.01994;-0.998724;
0.019944;0.253419;
0.019948;0.894838;
0.019952;-0.619744;
0.019956;-0.641049;
0.01996;0.88225;
0.019964;0.279871;
0.019968;-0.996962;
0.019972;0.128191;
0.019976;0.944662;
0.01998;-0.514778;
0.019984;-0.734113;
0.019988;0.815129;
0.019992;0.400585;
0.019996;-0.978931;
