0;0.178933;
1;0.121984;
2;0.233516;
3;0.202677;
4;0.0584067;
5;0.170541;
6;0.174581;
7;0.208782;
8;0.327417;
9;0.320972;
10;0.19345;
11;0.112009;
12;0.150002;
13;0.0884629;
14;0.14727;
15;0.304785;
16;0.426583;
17;0.0822111;
18;0.131836;
19;0.156733;
20;0.084772;
21;0.149397;
22;0.13942;
23;0.29729;
24;0.341472;
25;0.213108;
26;0.276203;
27;0.189661;
28;0.165148;
29;0.268643;
30;0.136018;
31;0.579099;
32;0.787965;
33;0.362739;
34;0.0795649;
35;0.197728;
36;0.146542;
37;0.229325;
38;0.19388;
39;0.321787;
40;0.353283;
41;0.223214;
42;0.167056;
43;0.165463;
44;0.0898464;
45;0.14075;
46;0.23469;
47;0.216959;
48;0.352594;
49;0.283397;
50;0.266933;
51;0.1935;
52;0.112765;
53;0.2227;
54;0.177952;
55;0.197721;
56;0.332576;
57;0.287905;
58;0.175685;
59;0.139091;
60;0.0727079;
61;0.0836855;
62;0.170895;
63;0.186487;
64;0.165934;
65;0.0902667;
66;0.172566;
67;0.149558;
68;0.145248;
69;0.0978331;
70;0.110599;
71;0.320684;
72;0.349636;
73;0.261355;
74;0.196082;
75;0.0742054;
76;0.083319;
77;0.0963232;
78;0.125462;
79;0.118893;
80;0.306644;
81;0.269113;
82;0.142527;
83;0.120579;
84;0.165888;
85;0.219713;
86;0.318291;
87;0.311692;
88;0.315349;
89;0.17698;
90;0.0786428;
91;0.105678;
92;0.162065;
93;0.342001;
94;0.0954005;
95;0.455435;
96;0.822058;
97;0.448708;
98;0.223314;
99;0.238671;
100;0.0709056;
101;0.316035;
102;0.199553;
103;0.190118;
104;0.368571;
105;0.312126;
106;0.208963;
107;0.113645;
108;0.0536822;
109;0.157246;
110;0.269653;
111;0.33766;
112;0.449221;
113;0.272775;
114;0.189947;
115;0.189809;
116;0.146095;
117;0.109706;
118;0.0889961;
119;0.27142;
120;0.351677;
121;0.26023;
122;0.155394;
123;0.102162;
124;0.0861566;
125;0.0323629;
126;0.188212;
127;0.229615;
128;0.118584;
129;0.116071;
130;0.0571771;
131;0.170732;
132;0.161363;
133;0.100965;
134;0.248211;
135;0.345583;
136;0.351553;
137;0.157702;
138;0.119205;
139;0.193617;
140;0.041694;
141;0.186505;
142;0.123482;
143;0.0942923;
144;0.272347;
145;0.291133;
146;0.297573;
147;0.132309;
148;0.184225;
149;0.258901;
150;0.118024;
151;0.13319;
152;0.31734;
153;0.316929;
154;0.120093;
155;0.0575789;
156;0.000710569;
157;0.183223;
158;0.238901;
159;0.412331;
160;0.821825;
161;0.61969;
162;0.254489;
163;0.108748;
164;0.132434;
165;0.171512;
166;0.152346;
167;0.23897;
168;0.383107;
169;0.335223;
170;0.17523;
171;0.0601011;
172;0.10834;
173;0.170876;
174;0.207956;
175;0.231224;
176;0.309364;
177;0.179471;
178;0.0429156;
179;0.20097;
180;0.135735;
181;0.0532374;
182;0.191729;
183;0.330691;
184;0.37255;
185;0.159637;
186;0.187757;
187;0.280718;
188;0.112785;
189;0.102836;
190;0.0871637;
191;0.0954791;
192;0.0394456;
193;0.141836;
194;0.266127;
195;0.201686;
196;0.0816215;
197;0.136817;
198;0.10419;
199;0.146536;
200;0.32672;
201;0.336847;
202;0.119394;
203;0.146406;
204;0.123225;
205;0.113086;
206;0.261797;
207;0.227151;
208;0.399404;
209;0.399328;
210;0.198699;
211;0.0241484;
212;0.083992;
213;0.110657;
214;0.128324;
215;0.192857;
216;0.336756;
217;0.357375;
218;0.218471;
219;0.0136808;
220;0.136632;
221;0.17084;
222;0.279198;
223;0.556086;
224;0.835;
225;0.470921;
226;0.104793;
227;0.209493;
228;0.152665;
229;0.0845005;
230;0.0823053;
231;0.295945;
232;0.393091;
233;0.209583;
234;0.2201;
235;0.269765;
236;0.0905764;
237;0.0780992;
238;0.0613103;
239;0.183872;
240;0.15372;
241;0.0694278;
242;0.229047;
243;0.258409;
244;0.0844313;
245;0.134142;
246;0.155542;
247;0.201387;
248;0.378823;
249;0.319147;
250;0.121979;
251;0.203122;
252;0.107323;
253;0.150745;
254;0.258219;
255;0.133152;
256;0.0426918;
257;0.17844;
258;0.130277;
259;0.11127;
260;0.0585922;
261;0.0600421;
262;0.123646;
263;0.170918;
264;0.310398;
265;0.348184;
266;0.219166;
267;0.136935;
268;0.152347;
269;0.0925323;
270;0.231323;
271;0.330671;
272;0.297982;
273;0.20098;
274;0.130471;
275;0.0262073;
276;0.0750575;
277;0.0866129;
278;0.18858;
279;0.333261;
280;0.331647;
281;0.265913;
282;0.26552;
283;0.157553;
284;0.201779;
285;0.239568;
286;0.066142;
287;0.502828;
288;0.847631;
289;0.436251;
290;0.164914;
291;0.224022;
292;0.0437211;
293;0.233723;
294;0.226633;
295;0.239538;
296;0.383319;
297;0.245797;
298;0.0811679;
299;0.182723;
300;0.117856;
301;0.273675;
302;0.227306;
303;0.0737814;
304;0.311679;
305;0.300131;
306;0.142865;
307;0.159985;
308;0.0910695;
309;0.193736;
310;0.161889;
311;0.191715;
312;0.387577;
313;0.35648;
314;0.248092;
315;0.226958;
316;0.0828874;
317;0.112824;
318;0.164763;
319;0.0571186;
320;0.15448;
321;0.135063;
322;0.115164;
323;0.154809;
324;0.144088;
325;0.0273615;
326;0.175945;
327;0.32943;
328;0.321691;
329;0.254579;
330;0.241415;
331;0.0959547;
332;0.107697;
333;0.117828;
334;0.115434;
335;0.295708;
336;0.243801;
337;0.195907;
338;0.184842;
339;0.00939134;
340;0.181068;
341;0.180565;
342;0.226808;
343;0.308147;
344;0.29096;
345;0.198212;
346;0.0494093;
347;0.0729312;
348;0.0950637;
349;0.268582;
350;0.258775;
351;0.409657;
352;0.846706;
353;0.554881;
354;0.235103;
355;0.0741762;
356;0.111829;
357;0.250541;
358;0.111766;
359;0.210232;
360;0.385351;
361;0.305656;
362;0.216773;
363;0.158128;
364;0.101316;
365;0.178304;
366;0.162826;
367;0.190046;
368;0.224562;
369;0.231524;
370;0.148606;
371;0.102478;
372;0.121045;
373;0.142163;
374;0.213262;
375;0.334502;
376;0.3536;
377;0.27589;
378;0.213511;
379;0.136459;
380;0.0856857;
381;0.0452701;
382;0.093889;
383;0.0884584;
384;0.185565;
385;0.162581;
386;0.156808;
387;0.188667;
388;0.160577;
389;0.14851;
390;0.276262;
391;0.341855;
392;0.344161;
393;0.175206;
394;0.0907999;
395;0.163533;
396;0.102185;
397;0.228416;
398;0.175338;
399;0.305264;
400;0.382314;
401;0.112131;
402;0.16844;
403;0.142715;
404;0.112672;
405;0.200005;
406;0.0614841;
407;0.194361;
408;0.253459;
409;0.311833;
410;0.301508;
411;0.108942;
412;0.0807148;
413;0.0969751;
414;0.25823;
415;0.53436;
416;0.875293;
417;0.493235;
418;0.144836;
419;0.177256;
420;0.187388;
421;0.169628;
422;0.168473;
423;0.281927;
424;0.412062;
425;0.333432;
426;0.196415;
427;0.136807;
428;0.115411;
429;0.126306;
430;0.123433;
431;0.245115;
432;0.318721;
433;0.2308;
434;0.185424;
435;0.176987;
436;0.10015;
437;0.104343;
438;0.273676;
439;0.320202;
440;0.300001;
441;0.175072;
442;0.0922475;
443;0.210856;
444;0.117669;
445;0.0703243;
446;0.150334;
447;0.0985818;
448;0.134453;
449;0.201192;
450;0.277044;
451;0.168504;
452;0.109028;
453;0.125943;
454;0.0435589;
455;0.230394;
456;0.343037;
457;0.319399;
458;0.195853;
459;0.153384;
460;0.119726;
461;0.133952;
462;0.166548;
463;0.0570353;
464;0.203933;
465;0.224042;
466;0.0717463;
467;0.0645388;
468;0.0305442;
469;0.202358;
470;0.260534;
471;0.184644;
472;0.239323;
473;0.329471;
474;0.268337;
475;0.0829553;
476;0.233761;
477;0.256686;
478;0.158488;
479;0.504491;
480;0.867631;
481;0.36567;
482;0.0913804;
483;0.27712;
484;0.128762;
485;0.180084;
486;0.26798;
487;0.346124;
488;0.411012;
489;0.222809;
490;0.140999;
491;0.245811;
492;0.124131;
493;0.0362195;
494;0.16119;
495;0.328877;
496;0.427091;
497;0.271212;
498;0.294085;
499;0.196926;
500;0.0308765;
501;0.0383582;
502;0.0978352;
503;0.218712;
504;0.273594;
505;0.249749;
506;0.143366;
507;0.194515;
508;0.171548;
509;0.0632004;
510;0.243193;
511;0.197099;
512;0.108675;
513;0.130016;
514;0.0530188;
515;0.126369;
516;0.0709633;
517;0.119083;
518;0.214434;
519;0.215743;
520;0.345877;
521;0.370365;
522;0.187172;
523;0.0546979;
524;0.138403;
525;0.13712;
526;0.10137;
527;0.0468798;
528;0.330686;
529;0.281726;
530;0.178756;
531;0.128426;
532;0.138468;
533;0.193211;
534;0.297008;
535;0.302402;
536;0.235012;
537;0.201374;
538;0.179631;
539;0.0879452;
540;0.210813;
541;0.269587;
542;0.0271462;
543;0.387631;
544;0.888955;
545;0.554091;
546;0.330369;
547;0.177382;
548;0.0371942;
549;0.212872;
550;0.18813;
551;0.268795;
552;0.374143;
553;0.214058;
554;0.121915;
555;0.210128;
556;0.0906267;
557;0.200798;
558;0.24815;
559;0.192461;
560;0.273467;
561;0.118264;
562;0.0752026;
563;0.153555;
564;0.13547;
565;0.148586;
566;0.145471;
567;0.168307;
568;0.289505;
569;0.303162;
570;0.186616;
571;0.134526;
572;0.127177;
573;0.016753;
574;0.125993;
575;0.154284;
576;0.081872;
577;0.208771;
578;0.211358;
579;0.147528;
580;0.130948;
581;0.105624;
582;0.219348;
583;0.340385;
584;0.320946;
585;0.226747;
586;0.143993;
587;0.0338306;
588;0.0543843;
589;0.0664933;
590;0.113408;
591;0.155313;
592;0.478035;
593;0.446021;
594;0.324444;
595;0.0639651;
596;0.196796;
597;0.121381;
598;0.196414;
599;0.323956;
600;0.252281;
601;0.110252;
602;0.0238112;
603;0.0606504;
604;0.0950874;
605;0.184663;
606;0.334861;
607;0.526533;
608;0.889185;
609;0.49769;
610;0.216336;
611;0.025046;
612;0.175208;
613;0.233325;
614;0.10706;
615;0.159389;
616;0.32999;
617;0.300417;
618;0.185352;
619;0.1253;
620;0.0580566;
621;0.0808427;
622;0.0852706;
623;0.0895378;
624;0.288325;
625;0.0771887;
626;0.147256;
627;0.263091;
628;0.201638;
629;0.00621074;
630;0.19634;
631;0.319137;
632;0.314543;
633;0.237437;
634;0.198124;
635;0.107827;
636;0.0440119;
637;0.0153156;
638;0.186101;
639;0.271189;
640;0.0964103;
641;0.215;
642;0.256608;
643;0.0606438;
644;0.164503;
645;0.103578;
646;0.193919;
647;0.345609;
648;0.275048;
649;0.095162;
650;0.081213;
651;0.163123;
652;0.0779684;
653;0.163769;
654;0.309867;
655;0.295412;
656;0.383415;
657;0.194264;
658;0.1813;
659;0.0440366;
660;0.181232;
661;0.234729;
662;0.0471982;
663;0.193865;
664;0.28179;
665;0.298882;
666;0.290019;
667;0.102353;
668;0.134031;
669;0.146034;
670;0.200139;
671;0.537881;
672;0.893541;
673;0.359689;
674;0.114792;
675;0.254941;
676;0.200873;
677;0.0809303;
678;0.156645;
679;0.269666;
680;0.297222;
681;0.22964;
682;0.164773;
683;0.127632;
684;0.118073;
685;0.161009;
686;0.167421;
687;0.0228783;
688;0.43217;
689;0.3875;
690;0.264684;
691;0.157413;
692;0.147758;
693;0.0590215;
694;0.264884;
695;0.346299;
696;0.318418;
697;0.151506;
698;0.189518;
699;0.294632;
700;0.107576;
701;0.17094;
702;0.245329;
703;0.148434;
704;0.102929;
705;0.0464429;
706;0.195186;
707;0.150585;
708;0.0609281;
709;0.130237;
710;0.0872592;
711;0.206785;
712;0.244982;
713;0.299181;
714;0.257488;
715;0.078075;
716;0.165146;
717;0.094134;
718;0.164377;
719;0.252813;
720;0.311294;
721;0.185011;
722;0.130682;
723;0.011269;
724;0.0641103;
725;0.148599;
726;0.201017;
727;0.233252;
728;0.310855;
729;0.283251;
730;0.143337;
731;0.0277048;
732;0.219045;
733;0.298509;
734;0.139186;
735;0.367608;
736;0.910274;
737;0.505777;
738;0.204461;
739;0.198526;
740;0.103252;
741;0.14879;
742;0.266179;
743;0.283366;
744;0.287359;
745;0.18725;
746;0.232527;
747;0.279857;
748;0.147599;
749;0.192859;
750;0.253862;
751;0.192471;
752;0.344273;
753;0.257073;
754;0.251267;
755;0.163913;
756;0.0395525;
757;0.0884815;
758;0.177367;
759;0.235519;
760;0.314588;
761;0.313515;
762;0.210827;
763;0.203558;
764;0.157241;
765;0.0210024;
766;0.158306;
767;0.13842;
768;0.14591;
769;0.0481956;
770;0.107713;
771;0.15001;
772;0.044495;
773;0.125775;
774;0.193311;
775;0.1727;
776;0.266267;
777;0.302457;
778;0.168719;
779;0.0808995;
780;0.209484;
781;0.1882;
782;0.201659;
783;0.302674;
784;0.377172;
785;0.0748092;
786;0.115637;
787;0.0803393;
788;0.0576189;
789;0.136685;
790;0.169327;
791;0.272018;
792;0.311264;
793;0.244943;
794;0.181686;
795;0.175591;
796;0.187379;
797;0.190333;
798;0.24111;
799;0.430437;
800;0.894081;
801;0.579077;
802;0.322641;
803;0.0232667;
804;0.117089;
805;0.17823;
806;0.285786;
807;0.302634;
808;0.276254;
809;0.229753;
810;0.157012;
811;0.203397;
812;0.194629;
813;0.163529;
814;0.178827;
815;0.19355;
816;0.319676;
817;0.21421;
818;0.166121;
819;0.159604;
820;0.105616;
821;0.169708;
822;0.177255;
823;0.18703;
824;0.301112;
825;0.282792;
826;0.127312;
827;0.117805;
828;0.127507;
829;0.0394552;
830;0.158531;
831;0.177639;
832;0.147982;
833;0.0801241;
834;0.116937;
835;0.105112;
836;0.147178;
837;0.103373;
838;0.16165;
839;0.301235;
840;0.315526;
841;0.273774;
842;0.248529;
843;0.122214;
844;0.103418;
845;0.203944;
846;0.105822;
847;0.0764677;
848;0.264029;
849;0.194317;
850;0.223698;
851;0.0967497;
852;0.12918;
853;0.198144;
854;0.215427;
855;0.359549;
856;0.320174;
857;0.180974;
858;0.237244;
859;0.162797;
860;0.00599249;
861;0.094098;
862;0.288864;
863;0.537238;
864;0.905524;
865;0.503117;
866;0.258293;
867;0.141496;
868;0.235997;
869;0.213726;
870;0.0822174;
871;0.158403;
872;0.281861;
873;0.26713;
874;0.146275;
875;0.0860307;
876;0.106146;
877;0.080984;
878;0.221567;
879;0.353312;
880;0.410173;
881;0.200585;
882;0.146882;
883;0.158031;
884;0.132338;
885;0.061526;
886;0.106108;
887;0.267833;
888;0.29815;
889;0.240571;
890;0.232879;
891;0.148548;
892;0.0654326;
893;0.107232;
894;0.0876619;
895;0.167073;
896;0.105706;
897;0.119084;
898;0.174904;
899;0.0838152;
900;0.14441;
901;0.121549;
902;0.273866;
903;0.41143;
904;0.331229;
905;0.172077;
906;0.11785;
907;0.0910208;
908;0.0447271;
909;0.210774;
910;0.198193;
911;0.0495632;
912;0.317897;
913;0.256445;
914;0.209902;
915;0.196001;
916;0.100677;
917;0.349545;
918;0.248514;
919;0.133088;
920;0.358089;
921;0.261769;
922;0.216536;
923;0.134275;
924;0.1434;
925;0.270037;
926;0.18776;
927;0.501379;
928;0.882559;
929;0.354934;
930;0.0609333;
931;0.275324;
932;0.217715;
933;0.0699049;
934;0.140505;
935;0.226943;
936;0.297497;
937;0.302622;
938;0.273879;
939;0.182769;
940;0.0355709;
941;0.0424704;
942;0.129835;
943;0.264404;
944;0.227968;
945;0.0733372;
946;0.119197;
947;0.141174;
948;0.136207;
949;0.0389306;
950;0.291139;
951;0.400372;
952;0.30729;
953;0.143732;
954;0.0964255;
955;0.190292;
956;0.0965023;
957;0.1166;
958;0.174496;
959;0.0543695;
960;0.102777;
961;0.137491;
962;0.252756;
963;0.224031;
964;0.111523;
965;0.270449;
966;0.164991;
967;0.134777;
968;0.331817;
969;0.294361;
970;0.149741;
971;0.147856;
972;0.115506;
973;0.127125;
974;0.191936;
975;0.122837;
976;0.409009;
977;0.481821;
978;0.250155;
979;0.0354446;
980;0.102304;
981;0.146752;
982;0.141917;
983;0.178639;
984;0.397363;
985;0.357187;
986;0.135716;
987;0.0409119;
988;0.216003;
989;0.282581;
990;0.0867297;
991;0.408786;
992;0.881909;
993;0.505935;
994;0.172718;
995;0.0940003;
996;0.0644962;
997;0.155785;
998;0.325702;
999;0.336958;
1000;0.287116;
1001;0.155076;
1002;0.11406;
1003;0.254316;
1004;0.138455;
1005;0.127845;
1006;0.119735;
1007;0.137678;
1008;0.228044;
1009;0.061043;
1010;0.280088;
1011;0.341098;
1012;0.0700205;
1013;0.194472;
1014;0.144248;
1015;0.160759;
1016;0.341125;
1017;0.282232;
1018;0.175778;
1019;0.201538;
1020;0.140659;
1021;0.0759999;
1022;0.218538;
1023;0.139129;
1024;0.0836539;
1025;0.298183;
1026;0.209477;
1027;0.0962739;
1028;0.0934242;
1029;0.051496;
1030;0.113466;
1031;0.138028;
1032;0.329536;
1033;0.358341;
1034;0.174587;
1035;0.07291;
1036;0.123454;
1037;0.141814;
1038;0.199432;
1039;0.232925;
1040;0.229685;
1041;0.21532;
1042;0.0695742;
1043;0.105582;
1044;0.131955;
1045;0.0939088;
1046;0.170353;
1047;0.355188;
1048;0.40943;
1049;0.217769;
1050;0.116959;
1051;0.207459;
1052;0.105425;
1053;0.026319;
1054;0.203587;
1055;0.505216;
1056;0.876366;
1057;0.545618;
1058;0.352325;
1059;0.179036;
1060;0.107661;
1061;0.130444;
1062;0.091766;
1063;0.158492;
1064;0.265715;
1065;0.234873;
1066;0.1149;
1067;0.19039;
1068;0.152229;
1069;0.204097;
1070;0.219856;
1071;0.0796645;
1072;0.371284;
1073;0.409121;
1074;0.199425;
1075;0.202646;
1076;0.126936;
1077;0.12869;
1078;0.180232;
1079;0.156277;
1080;0.358597;
1081;0.356893;
1082;0.216184;
1083;0.21093;
1084;0.113813;
1085;0.133771;
1086;0.207013;
1087;0.0984144;
1088;0.0968632;
1089;0.136563;
1090;0.0612546;
1091;0.0731931;
1092;0.101723;
1093;0.0491858;
1094;0.177022;
1095;0.313813;
1096;0.334048;
1097;0.240811;
1098;0.154713;
1099;0.0927829;
1100;0.0819518;
1101;0.136104;
1102;0.0836438;
1103;0.174799;
1104;0.202222;
1105;0.15176;
1106;0.243286;
1107;0.186162;
1108;0.123907;
1109;0.238394;
1110;0.120744;
1111;0.295794;
1112;0.40267;
1113;0.218503;
1114;0.201136;
1115;0.201308;
1116;0.0280106;
1117;0.19905;
1118;0.330203;
1119;0.603204;
1120;0.856329;
1121;0.331948;
1122;0.084675;
1123;0.270076;
1124;0.222798;
1125;0.185065;
1126;0.122609;
1127;0.135457;
1128;0.265707;
1129;0.26197;
1130;0.18992;
1131;0.177622;
1132;0.0727385;
1133;0.143278;
1134;0.232615;
1135;0.222373;
1136;0.284628;
1137;0.282089;
1138;0.127315;
1139;0.150469;
1140;0.157945;
1141;0.0854765;
1142;0.205419;
1143;0.319342;
1144;0.339076;
1145;0.28154;
1146;0.199975;
1147;0.112273;
1148;0.0243891;
1149;0.048126;
1150;0.0442804;
1151;0.0440355;
1152;0.131063;
1153;0.162972;
1154;0.223276;
1155;0.096428;
1156;0.137295;
1157;0.189741;
1158;0.150443;
1159;0.342282;
1160;0.352882;
1161;0.162236;
1162;0.111745;
1163;0.0792424;
1164;0.102173;
1165;0.215425;
1166;0.270999;
1167;0.317992;
1168;0.331418;
1169;0.165946;
1170;0.108089;
1171;0.12893;
1172;0.102829;
1173;0.285234;
1174;0.181753;
1175;0.176747;
1176;0.384198;
1177;0.294191;
1178;0.278721;
1179;0.190837;
1180;0.170123;
1181;0.385426;
1182;0.128881;
1183;0.39766;
1184;0.859724;
1185;0.473066;
1186;0.116378;
1187;0.204074;
1188;0.142646;
1189;0.162256;
1190;0.219926;
1191;0.241357;
1192;0.302314;
1193;0.316707;
1194;0.247056;
1195;0.163144;
1196;0.118811;
1197;0.0849215;
1198;0.0337542;
1199;0.138584;
1200;0.332694;
1201;0.287112;
1202;0.21962;
1203;0.0881343;
1204;0.0910916;
1205;0.020468;
1206;0.20046;
1207;0.346501;
1208;0.299038;
1209;0.160153;
1210;0.0320584;
1211;0.129727;
1212;0.131277;
1213;0.0809512;
1214;0.268911;
1215;0.235214;
1216;0.185939;
1217;0.156189;
1218;0.17;
1219;0.121;
1220;0.112606;
1221;0.217962;
1222;0.110318;
1223;0.18589;
1224;0.360499;
1225;0.288896;
1226;0.252095;
1227;0.179094;
1228;0.123238;
1229;0.275848;
1230;0.15339;
1231;0.109615;
1232;0.24284;
1233;0.210626;
1234;0.139596;
1235;0.0246185;
1236;0.0937338;
1237;0.181988;
1238;0.193572;
1239;0.179386;
1240;0.357517;
1241;0.383521;
1242;0.198969;
1243;0.120946;
1244;0.142597;
1245;0.168605;
1246;0.087614;
1247;0.420416;
1248;0.828796;
1249;0.5709;
1250;0.252865;
1251;0.0342581;
1252;0.00851045;
1253;0.108023;
1254;0.258872;
1255;0.36089;
1256;0.324668;
1257;0.199828;
1258;0.0282222;
1259;0.148742;
1260;0.178522;
1261;0.0627426;
1262;0.238704;
1263;0.332437;
1264;0.381002;
1265;0.154984;
1266;0.187117;
1267;0.180107;
1268;0.0265123;
1269;0.109346;
1270;0.0189854;
1271;0.183217;
1272;0.278634;
1273;0.261374;
1274;0.257925;
1275;0.225582;
1276;0.192893;
1277;0.141545;
1278;0.211187;
1279;0.211013;
1280;0.160077;
1281;0.193078;
1282;0.139538;
1283;0.0756767;
1284;0.0658134;
1285;0.134177;
1286;0.217935;
1287;0.166987;
1288;0.378675;
1289;0.440952;
1290;0.220305;
1291;0.0678597;
1292;0.173912;
1293;0.172682;
1294;0.0939952;
1295;0.107759;
1296;0.370575;
1297;0.201814;
1298;0.115498;
1299;0.0681806;
1300;0.0326014;
1301;0.169152;
1302;0.271339;
1303;0.338582;
1304;0.343945;
1305;0.203097;
1306;0.0941556;
1307;0.176689;
1308;0.0786689;
1309;0.0981824;
1310;0.243289;
1311;0.554185;
1312;0.834388;
1313;0.459511;
1314;0.221484;
1315;0.296104;
1316;0.167577;
1317;0.103543;
1318;0.0389627;
1319;0.233688;
1320;0.317129;
1321;0.22006;
1322;0.240561;
1323;0.263897;
1324;0.155079;
1325;0.0719026;
1326;0.203026;
1327;0.219411;
1328;0.2515;
1329;0.1214;
1330;0.0671116;
1331;0.172351;
1332;0.126944;
1333;0.122088;
1334;0.209621;
1335;0.136371;
1336;0.29695;
1337;0.394287;
1338;0.248594;
1339;0.0680844;
1340;0.119319;
1341;0.0817933;
1342;0.164017;
1343;0.167659;
1344;0.0494468;
1345;0.169915;
1346;0.155425;
1347;0.0874214;
1348;0.128181;
1349;0.14875;
1350;0.275493;
1351;0.390368;
1352;0.365505;
1353;0.229103;
1354;0.086133;
1355;0.0292466;
1356;0.0624836;
1357;0.0977816;
1358;0.129465;
1359;0.168412;
1360;0.436238;
1361;0.337067;
1362;0.291446;
1363;0.114657;
1364;0.109167;
1365;0.180987;
1366;0.107541;
1367;0.289975;
1368;0.353604;
1369;0.134654;
1370;0.188308;
1371;0.221797;
1372;0.122458;
1373;0.279932;
1374;0.135787;
1375;0.423638;
1376;0.82063;
1377;0.494878;
1378;0.0561697;
1379;0.255593;
1380;0.194418;
1381;0.226895;
1382;0.25134;
1383;0.127207;
1384;0.301668;
1385;0.358338;
1386;0.264139;
1387;0.162324;
1388;0.0451503;
1389;0.105495;
1390;0.145634;
1391;0.168472;
1392;0.360489;
1393;0.0857109;
1394;0.131446;
1395;0.233386;
1396;0.149911;
1397;0.0724304;
1398;0.278177;
1399;0.36591;
1400;0.324067;
1401;0.240944;
1402;0.179722;
1403;0.0828748;
1404;0.0723994;
1405;0.078651;
1406;0.101557;
1407;0.190958;
1408;0.0302022;
1409;0.172672;
1410;0.279453;
1411;0.125605;
1412;0.131493;
1413;0.171647;
1414;0.0939984;
1415;0.33708;
1416;0.330256;
1417;0.115328;
1418;0.139986;
1419;0.107216;
1420;0.0390079;
1421;0.155138;
1422;0.242768;
1423;0.247558;
1424;0.336044;
1425;0.180306;
1426;0.117184;
1427;0.0393503;
1428;0.183907;
1429;0.257633;
1430;0.152367;
1431;0.138726;
1432;0.378119;
1433;0.33618;
1434;0.10921;
1435;0.0482785;
1436;0.121606;
1437;0.236808;
1438;0.137486;
1439;0.443026;
1440;0.815795;
1441;0.559999;
1442;0.248886;
1443;0.198215;
1444;0.111741;
1445;0.156045;
1446;0.282626;
1447;0.317783;
1448;0.297671;
1449;0.249081;
1450;0.202542;
1451;0.148565;
1452;0.124058;
1453;0.135924;
1454;0.0749724;
1455;0.150837;
1456;0.49067;
1457;0.340974;
1458;0.286593;
1459;0.193958;
1460;0.172094;
1461;0.101292;
1462;0.177098;
1463;0.38015;
1464;0.358303;
1465;0.125414;
1466;0.109916;
1467;0.17826;
1468;0.102665;
1469;0.12591;
1470;0.219678;
1471;0.221589;
1472;0.117475;
1473;0.043323;
1474;0.0947642;
1475;0.0871968;
1476;0.115379;
1477;0.231005;
1478;0.14963;
1479;0.112492;
1480;0.300283;
1481;0.29758;
1482;0.174673;
1483;0.0478596;
1484;0.12559;
1485;0.172718;
1486;0.150783;
1487;0.15858;
1488;0.273709;
1489;0.179445;
1490;0.179287;
1491;0.152838;
1492;0.142035;
1493;0.111666;
1494;0.160945;
1495;0.292348;
1496;0.39061;
1497;0.326503;
1498;0.209501;
1499;0.165451;
1500;0.0731058;
1501;0.102222;
1502;0.245125;
1503;0.586325;
1504;0.816164;
1505;0.487134;
1506;0.259181;
1507;0.204153;
1508;0.0637506;
1509;0.0569711;
1510;0.197555;
1511;0.349668;
1512;0.304971;
1513;0.129502;
1514;0.0553612;
1515;0.185053;
1516;0.181479;
1517;0.115381;
1518;0.253331;
1519;0.216671;
1520;0.36834;
1521;0.245778;
1522;0.141997;
1523;0.22258;
1524;0.10441;
1525;0.149624;
1526;0.154164;
1527;0.161758;
1528;0.375411;
1529;0.304436;
1530;0.157525;
1531;0.185139;
1532;0.13123;
1533;0.1448;
1534;0.107448;
1535;0.134979;
1536;0.169255;
1537;0.103266;
1538;0.177582;
1539;0.0889349;
1540;0.0626192;
1541;0.140183;
1542;0.156056;
1543;0.194079;
1544;0.301168;
1545;0.3377;
1546;0.20454;
1547;0.0447751;
1548;0.153419;
1549;0.165264;
1550;0.233562;
1551;0.313077;
1552;0.410562;
1553;0.168169;
1554;0.18623;
1555;0.20954;
1556;0.0862241;
1557;0.144278;
1558;0.235037;
1559;0.334416;
1560;0.386704;
1561;0.225256;
1562;0.244538;
1563;0.26444;
1564;0.112893;
1565;0.292166;
1566;0.216889;
1567;0.496522;
1568;0.793931;
1569;0.426454;
1570;0.114334;
1571;0.289339;
1572;0.121003;
1573;0.142308;
1574;0.0956383;
1575;0.222849;
1576;0.33261;
1577;0.218624;
1578;0.203806;
1579;0.254576;
1580;0.163092;
1581;0.00879736;
1582;0.113693;
1583;0.109445;
1584;0.241481;
1585;0.291734;
1586;0.213961;
1587;0.121852;
1588;0.0679979;
1589;0.0570515;
1590;0.134298;
1591;0.211453;
1592;0.364613;
1593;0.351992;
1594;0.132324;
1595;0.100841;
1596;0.126201;
1597;0.0893303;
1598;0.214633;
1599;0.177618;
1600;0.116393;
1601;0.162723;
1602;0.161528;
1603;0.0439538;
1604;0.0793484;
1605;0.114604;
1606;0.218854;
1607;0.338431;
1608;0.339077;
1609;0.270907;
1610;0.257089;
1611;0.149756;
1612;0.139109;
1613;0.289398;
1614;0.192689;
1615;0.0692727;
1616;0.314572;
1617;0.205007;
1618;0.194358;
1619;0.128834;
1620;0.0837836;
1621;0.240719;
1622;0.21706;
1623;0.293275;
1624;0.357693;
1625;0.177999;
1626;0.181935;
1627;0.220938;
1628;0.159146;
1629;0.241791;
1630;0.0025494;
1631;0.470568;
1632;0.809891;
1633;0.517037;
1634;0.175862;
1635;0.222526;
1636;0.132418;
1637;0.213603;
1638;0.18072;
1639;0.177292;
1640;0.360738;
1641;0.321293;
1642;0.128004;
1643;0.100299;
1644;0.0850286;
1645;0.0810609;
1646;0.259472;
1647;0.351973;
1648;0.339595;
1649;0.145206;
1650;0.12556;
1651;0.0820578;
1652;0.0877616;
1653;0.0818185;
1654;0.144287;
1655;0.337399;
1656;0.358871;
1657;0.255571;
1658;0.221917;
1659;0.145726;
1660;0.0764892;
1661;0.178575;
1662;0.18778;
1663;0.123809;
1664;0.104105;
1665;0.148364;
1666;0.205568;
1667;0.1095;
1668;0.134151;
1669;0.186213;
1670;0.231374;
1671;0.413643;
1672;0.37378;
1673;0.120459;
1674;0.199689;
1675;0.143505;
1676;0.115249;
1677;0.226054;
1678;0.0987118;
1679;0.164858;
1680;0.286183;
1681;0.250231;
1682;0.173142;
1683;0.0603758;
1684;0.122613;
1685;0.254467;
1686;0.165776;
1687;0.122388;
1688;0.332405;
1689;0.279914;
1690;0.0844582;
1691;0.0124036;
1692;0.130905;
1693;0.22599;
1694;0.255687;
1695;0.553087;
1696;0.80047;
1697;0.500584;
1698;0.174425;
1699;0.0530838;
1700;0.0651099;
1701;0.0848406;
1702;0.117185;
1703;0.320211;
1704;0.392593;
1705;0.3109;
1706;0.23509;
1707;0.184094;
1708;0.0765506;
1709;0.0771566;
1710;0.139294;
1711;0.203504;
1712;0.21834;
1713;0.0890622;
1714;0.16829;
1715;0.205549;
1716;0.142277;
1717;0.0921474;
1718;0.220182;
1719;0.416945;
1720;0.351352;
1721;0.105822;
1722;0.217045;
1723;0.16263;
1724;0.0812257;
1725;0.154969;
1726;0.154926;
1727;0.117909;
1728;0.126061;
1729;0.210068;
1730;0.16254;
1731;0.147002;
1732;0.167159;
1733;0.267277;
1734;0.205622;
1735;0.119929;
1736;0.383796;
1737;0.309251;
1738;0.0328819;
1739;0.126853;
1740;0.0574883;
1741;0.231387;
1742;0.191759;
1743;0.230808;
1744;0.356899;
1745;0.292598;
1746;0.153225;
1747;0.0848551;
1748;0.13635;
1749;0.117604;
1750;0.124992;
1751;0.23392;
1752;0.324435;
1753;0.328356;
1754;0.293579;
1755;0.223233;
1756;0.0416684;
1757;0.11174;
1758;0.159768;
1759;0.540413;
1760;0.825252;
1761;0.39588;
1762;0.0941104;
1763;0.280533;
1764;0.142551;
1765;0.0226276;
1766;0.188128;
1767;0.42746;
1768;0.416129;
1769;0.130253;
1770;0.20066;
1771;0.256412;
1772;0.119455;
1773;0.0944376;
1774;0.17898;
1775;0.259699;
1776;0.284562;
1777;0.152697;
1778;0.174849;
1779;0.28024;
1780;0.0915446;
1781;0.240888;
1782;0.231192;
1783;0.130407;
1784;0.366813;
1785;0.28331;
1786;0.114293;
1787;0.207958;
1788;0.130777;
1789;0.169034;
1790;0.153601;
1791;0.00723726;
1792;0.094629;
1793;0.228597;
1794;0.177391;
1795;0.0339794;
1796;0.0725101;
1797;0.0660963;
1798;0.0526439;
1799;0.172428;
1800;0.353404;
1801;0.387179;
1802;0.231948;
1803;0.115335;
1804;0.117789;
1805;0.0786225;
1806;0.127873;
1807;0.236031;
1808;0.199035;
1809;0.161402;
1810;0.14466;
1811;0.112179;
1812;0.0527589;
1813;0.127553;
1814;0.297625;
1815;0.399695;
1816;0.320708;
1817;0.102751;
1818;0.149401;
1819;0.229982;
1820;0.152751;
1821;0.226412;
1822;0.0854901;
1823;0.381587;
1824;0.835011;
1825;0.462454;
1826;0.160593;
1827;0.409606;
1828;0.157826;
1829;0.252124;
1830;0.26319;
1831;0.140295;
1832;0.412282;
1833;0.26027;
1834;0.18109;
1835;0.281257;
1836;0.060299;
1837;0.168498;
1838;0.138573;
1839;0.203505;
1840;0.368626;
1841;0.316004;
1842;0.203439;
1843;0.174786;
1844;0.109761;
1845;0.0265074;
1846;0.0738872;
1847;0.14999;
1848;0.375985;
1849;0.419189;
1850;0.219012;
1851;0.0553594;
1852;0.104017;
1853;0.0639034;
1854;0.140445;
1855;0.134291;
1856;0.0486793;
1857;0.119213;
1858;0.0912149;
1859;0.0326388;
1860;0.0774133;
1861;0.124004;
1862;0.261227;
1863;0.379983;
1864;0.331976;
1865;0.135888;
1866;0.139551;
1867;0.153955;
1868;0.110013;
1869;0.170619;
1870;0.1478;
1871;0.240128;
1872;0.238709;
1873;0.181378;
1874;0.276923;
1875;0.196286;
1876;0.118828;
1877;0.244928;
1878;0.149436;
1879;0.191466;
1880;0.303486;
1881;0.199536;
1882;0.0731794;
1883;0.185945;
1884;0.203116;
1885;0.238771;
1886;0.173315;
1887;0.356497;
1888;0.838587;
1889;0.649468;
1890;0.317284;
1891;0.0912626;
1892;0.0282505;
1893;0.166095;
1894;0.148705;
1895;0.140778;
1896;0.395678;
1897;0.351794;
1898;0.124009;
1899;0.145338;
1900;0.0902743;
1901;0.141127;
1902;0.164524;
1903;0.190578;
1904;0.295441;
1905;0.235522;
1906;0.0661433;
1907;0.101914;
1908;0.131696;
1909;0.020911;
1910;0.263207;
1911;0.416119;
1912;0.367539;
1913;0.199088;
1914;0.126319;
1915;0.0663316;
1916;0.0733256;
1917;0.146285;
1918;0.119934;
1919;0.127663;
1920;0.090593;
1921;0.177979;
1922;0.272906;
1923;0.13331;
1924;0.151047;
1925;0.283846;
1926;0.179302;
1927;0.255317;
1928;0.328664;
1929;0.149638;
1930;0.130806;
1931;0.136238;
1932;0.0827946;
1933;0.225391;
1934;0.218554;
1935;0.336304;
1936;0.401727;
1937;0.108916;
1938;0.168958;
1939;0.230489;
1940;0.206198;
1941;0.188647;
1942;0.0594798;
1943;0.14297;
1944;0.269677;
1945;0.301652;
1946;0.217436;
1947;0.0928533;
1948;0.064298;
1949;0.0707832;
1950;0.353205;
1951;0.630538;
1952;0.857904;
1953;0.431101;
1954;0.108936;
1955;0.0660685;
1956;0.105749;
1957;0.103445;
1958;0.139457;
1959;0.353525;
1960;0.388287;
1961;0.235566;
1962;0.132454;
1963;0.121152;
1964;0.115274;
1965;0.0597385;
1966;0.0971371;
1967;0.169719;
1968;0.246935;
1969;0.231959;
1970;0.26948;
1971;0.167238;
1972;0.14985;
1973;0.196068;
1974;0.155743;
1975;0.313325;
1976;0.331643;
1977;0.148225;
1978;0.114642;
1979;0.118394;
1980;0.088668;
1981;0.132292;
1982;0.24435;
1983;0.237593;
1984;0.185376;
1985;0.223613;
1986;0.231759;
1987;0.0437003;
1988;0.150894;
1989;0.212147;
1990;0.109806;
1991;0.152173;
1992;0.334457;
1993;0.280374;
1994;0.144599;
1995;0.112123;
1996;0.10338;
1997;0.306319;
1998;0.228284;
1999;0.083291;
2000;0.365626;
2001;0.219214;
2002;0.0315225;
2003;0.135869;
2004;0.118211;
2005;0.184841;
2006;0.237436;
2007;0.231531;
2008;0.243149;
2009;0.305687;
2010;0.336503;
2011;0.229105;
2012;0.101032;
2013;0.146401;
2014;0.0857996;
2015;0.489911;
2016;0.849219;
2017;0.360898;
2018;0.157522;
2019;0.35151;
2020;0.173606;
2021;0.10341;
2022;0.167038;
2023;0.348757;
2024;0.39758;
2025;0.158743;
2026;0.134644;
2027;0.185465;
2028;0.128985;
2029;0.0601678;
2030;0.2502;
2031;0.393436;
2032;0.378315;
2033;0.132;
2034;0.195701;
2035;0.0772034;
2036;0.0950583;
2037;0.127544;
2038;0.0938584;
2039;0.123619;
2040;0.277183;
2041;0.280223;
2042;0.162345;
2043;0.198571;
2044;0.139937;
2045;0.187229;
2046;0.283164;
2047;0.200634;
2048;0.168289;
2049;0.115984;
2050;0.12182;
2051;0.04073;
2052;0.0851503;
2053;0.154241;
2054;0.136541;
2055;0.165918;
2056;0.324742;
2057;0.406598;
2058;0.285322;
2059;0.0943147;
2060;0.168493;
2061;0.123206;
2062;0.0563812;
2063;0.131167;
2064;0.32636;
2065;0.2422;
2066;0.21215;
2067;0.111452;
2068;0.0367989;
2069;0.102128;
2070;0.25247;
2071;0.299518;
2072;0.235186;
2073;0.141133;
2074;0.0595715;
2075;0.148079;
2076;0.235895;
2077;0.286456;
2078;0.16307;
2079;0.338702;
2080;0.877378;
2081;0.590375;
2082;0.25245;
2083;0.212442;
2084;0.095039;
2085;0.168199;
2086;0.187685;
2087;0.173269;
2088;0.39505;
2089;0.282045;
2090;0.193072;
2091;0.315735;
2092;0.134464;
2093;0.179954;
2094;0.232629;
2095;0.164069;
2096;0.290157;
2097;0.0583202;
2098;0.124099;
2099;0.159576;
2100;0.0488267;
2101;0.062974;
2102;0.0983092;
2103;0.102668;
2104;0.272821;
2105;0.41242;
2106;0.308167;
2107;0.0252192;
2108;0.16769;
2109;0.0924615;
2110;0.147039;
2111;0.220188;
2112;0.108915;
2113;0.128674;
2114;0.142339;
2115;0.00512221;
2116;0.0957694;
2117;0.113654;
2118;0.261479;
2119;0.365553;
2120;0.318332;
2121;0.181908;
2122;0.0540138;
2123;0.0760331;
2124;0.158974;
2125;0.207573;
2126;0.196014;
2127;0.18891;
2128;0.418998;
2129;0.258674;
2130;0.205516;
2131;0.10149;
2132;0.128467;
2133;0.155644;
2134;0.0897191;
2135;0.185038;
2136;0.232435;
2137;0.142436;
2138;0.135485;
2139;0.226272;
2140;0.194176;
2141;0.0619603;
2142;0.316096;
2143;0.566992;
2144;0.875532;
2145;0.487835;
2146;0.239217;
2147;0.0665011;
2148;0.0641957;
2149;0.148278;
2150;0.139727;
2151;0.130662;
2152;0.355015;
2153;0.433227;
2154;0.27605;
2155;0.0898708;
2156;0.108463;
2157;0.00971959;
2158;0.162683;
2159;0.206811;
2160;0.341205;
2161;0.130253;
2162;0.0558148;
2163;0.153678;
2164;0.128895;
2165;0.0935457;
2166;0.289796;
2167;0.369556;
2168;0.30079;
2169;0.187726;
2170;0.137899;
2171;0.0495627;
2172;0.132988;
2173;0.19686;
2174;0.147252;
2175;0.166227;
2176;0.0714903;
2177;0.083311;
2178;0.196586;
2179;0.0866962;
2180;0.139601;
2181;0.201906;
2182;0.0737755;
2183;0.263571;
2184;0.302985;
2185;0.116543;
2186;0.168339;
2187;0.196938;
2188;0.0740347;
2189;0.18934;
2190;0.238497;
2191;0.185173;
2192;0.276596;
2193;0.128306;
2194;0.15585;
2195;0.152716;
2196;0.180133;
2197;0.203888;
2198;0.119499;
2199;0.0640318;
2200;0.262649;
2201;0.380865;
2202;0.342667;
2203;0.166903;
2204;0.0667998;
2205;0.0499041;
2206;0.26546;
2207;0.562651;
2208;0.889834;
2209;0.382299;
2210;0.112374;
2211;0.262551;
2212;0.204753;
2213;0.0664696;
2214;0.277279;
2215;0.370959;
2216;0.310775;
2217;0.199148;
2218;0.166601;
2219;0.118632;
2220;0.0316947;
2221;0.105078;
2222;0.0677914;
2223;0.135862;
2224;0.477181;
2225;0.319908;
2226;0.237209;
2227;0.191591;
2228;0.215468;
2229;0.184231;
2230;0.123627;
2231;0.31527;
2232;0.336613;
2233;0.0955413;
2234;0.17457;
2235;0.176751;
2236;0.0520005;
2237;0.215713;
2238;0.15203;
2239;0.121783;
2240;0.0937421;
2241;0.0428503;
2242;0.129733;
2243;0.0667928;
2244;0.166887;
2245;0.228021;
2246;0.144688;
2247;0.0717633;
2248;0.262255;
2249;0.385357;
2250;0.29908;
2251;0.0827824;
2252;0.0694154;
2253;0.118072;
2254;0.240391;
2255;0.289823;
2256;0.331768;
2257;0.134965;
2258;0.139904;
2259;0.161334;
2260;0.145532;
2261;0.194725;
2262;0.299204;
2263;0.337685;
2264;0.305215;
2265;0.26276;
2266;0.227927;
2267;0.142665;
2268;0.152941;
2269;0.194137;
2270;0.0792505;
2271;0.416993;
2272;0.899725;
2273;0.483459;
2274;0.248483;
2275;0.282312;
2276;0.198405;
2277;0.0711704;
2278;0.174294;
2279;0.300833;
2280;0.294287;
2281;0.0911588;
2282;0.14687;
2283;0.218776;
2284;0.100533;
2285;0.0807617;
2286;0.158812;
2287;0.0920227;
2288;0.317482;
2289;0.289965;
2290;0.161061;
2291;0.0911289;
2292;0.124568;
2293;0.165579;
2294;0.193446;
2295;0.110396;
2296;0.342356;
2297;0.389556;
2298;0.171964;
2299;0.0803226;
2300;0.116473;
2301;0.175687;
2302;0.197633;
2303;0.0792746;
2304;0.138539;
2305;0.0663054;
2306;0.155885;
2307;0.151413;
2308;0.0580204;
2309;0.2455;
2310;0.288224;
2311;0.236031;
2312;0.242808;
2313;0.300568;
2314;0.272852;
2315;0.111663;
2316;0.161301;
2317;0.166646;
2318;0.170134;
2319;0.378586;
2320;0.460683;
2321;0.0638976;
2322;0.212097;
2323;0.244199;
2324;0.0896259;
2325;0.0270812;
2326;0.137295;
2327;0.315964;
2328;0.33449;
2329;0.166021;
2330;0.0365532;
2331;0.155562;
2332;0.20487;
2333;0.14916;
2334;0.218209;
2335;0.464997;
2336;0.89254;
2337;0.509301;
2338;0.207904;
2339;0.12217;
2340;0.0925464;
2341;0.131404;
2342;0.22471;
2343;0.109089;
2344;0.297092;
2345;0.321856;
2346;0.0925809;
2347;0.178974;
2348;0.144591;
2349;0.072641;
2350;0.212913;
2351;0.196709;
2352;0.225123;
2353;0.235609;
2354;0.224362;
2355;0.144733;
2356;0.0566578;
2357;0.150818;
2358;0.198431;
2359;0.23309;
2360;0.337047;
2361;0.377146;
2362;0.224468;
2363;0.0306206;
2364;0.152008;
2365;0.0935989;
2366;0.170468;
2367;0.148276;
2368;0.14882;
2369;0.250113;
2370;0.22919;
2371;0.0575762;
2372;0.0591916;
2373;0.0912172;
2374;0.224241;
2375;0.305524;
2376;0.270089;
2377;0.194142;
2378;0.15294;
2379;0.119823;
2380;0.201343;
2381;0.276026;
2382;0.153231;
2383;0.112849;
2384;0.332198;
2385;0.180608;
2386;0.0941094;
2387;0.157722;
2388;0.0833218;
2389;0.205213;
2390;0.150972;
2391;0.158269;
2392;0.324309;
2393;0.250749;
2394;0.185302;
2395;0.246022;
2396;0.168115;
2397;0.0662277;
2398;0.227977;
2399;0.515818;
2400;0.912239;
2401;0.44634;
2402;0.257789;
2403;0.240998;
2404;0.134401;
2405;0.0439532;
2406;0.123556;
2407;0.196859;
2408;0.297662;
2409;0.358744;
2410;0.25169;
2411;0.0647376;
2412;0.181257;
2413;0.0497567;
2414;0.269943;
2415;0.443246;
2416;0.367404;
2417;0.162655;
2418;0.189741;
2419;0.0520923;
2420;0.109849;
2421;0.0658291;
2422;0.18805;
2423;0.351656;
2424;0.327237;
2425;0.217549;
2426;0.156615;
2427;0.0643015;
2428;0.0833561;
2429;0.192793;
2430;0.182002;
2431;0.0706558;
2432;0.159363;
2433;0.123211;
2434;0.145659;
2435;0.0366248;
2436;0.155747;
2437;0.237809;
2438;0.168213;
2439;0.279497;
2440;0.328872;
2441;0.147308;
2442;0.125693;
2443;0.172291;
2444;0.0885037;
2445;0.170912;
2446;0.101993;
2447;0.111347;
2448;0.205014;
2449;0.2098;
2450;0.236074;
2451;0.247329;
2452;0.140527;
2453;0.188121;
2454;0.168319;
2455;0.164772;
2456;0.315304;
2457;0.314899;
2458;0.231035;
2459;0.141618;
2460;0.0351639;
2461;0.189738;
2462;0.251338;
2463;0.446103;
2464;0.892569;
2465;0.475555;
2466;0.165901;
2467;0.247176;
2468;0.229101;
2469;0.00684859;
2470;0.247188;
2471;0.347734;
2472;0.303106;
2473;0.250994;
2474;0.279373;
2475;0.19187;
2476;0.0944137;
2477;0.195761;
2478;0.178973;
2479;0.275613;
2480;0.314006;
2481;0.0853782;
2482;0.127738;
2483;0.130149;
2484;0.118762;
2485;0.162875;
2486;0.155171;
2487;0.32612;
2488;0.306261;
2489;0.0898887;
2490;0.166788;
2491;0.123468;
2492;0.0639266;
2493;0.159571;
2494;0.0948606;
2495;0.0513191;
2496;0.1016;
2497;0.203718;
2498;0.213643;
2499;0.0707587;
2500;0.133333;
2501;0.219202;
2502;0.107344;
2503;0.150377;
2504;0.356887;
2505;0.338615;
2506;0.141459;
2507;0.020334;
2508;0.069367;
2509;0.245721;
2510;0.278836;
2511;0.19875;
2512;0.304487;
2513;0.32812;
2514;0.168698;
2515;0.044995;
2516;0.0786752;
2517;0.167834;
2518;0.208717;
2519;0.295148;
2520;0.353097;
2521;0.287295;
2522;0.205142;
2523;0.152324;
2524;0.172997;
2525;0.194472;
2526;0.197202;
2527;0.443728;
2528;0.897491;
2529;0.528534;
2530;0.227235;
2531;0.20925;
2532;0.19853;
2533;0.0342878;
2534;0.252561;
2535;0.36668;
2536;0.324041;
2537;0.0898233;
2538;0.18878;
2539;0.236586;
2540;0.0686313;
2541;0.129006;
2542;0.0873019;
2543;0.262656;
2544;0.275656;
2545;0.0745901;
2546;0.160898;
2547;0.128067;
2548;0.0908874;
2549;0.208465;
2550;0.136637;
2551;0.112278;
2552;0.290544;
2553;0.316037;
2554;0.131049;
2555;0.0988584;
2556;0.132523;
2557;0.17518;
2558;0.265024;
2559;0.147289;
2560;0.058155;
2561;0.194458;
2562;0.108905;
2563;0.0210437;
2564;0.0777227;
2565;0.161769;
2566;0.184249;
2567;0.246803;
2568;0.339569;
2569;0.360784;
2570;0.266727;
2571;0.120758;
2572;0.151073;
2573;0.178013;
2574;0.156097;
2575;0.176717;
2576;0.184746;
2577;0.198407;
2578;0.178063;
2579;0.184322;
2580;0.0818422;
2581;0.0263145;
2582;0.165649;
2583;0.385508;
2584;0.38168;
2585;0.0900259;
2586;0.208917;
2587;0.254156;
2588;0.219262;
2589;0.126762;
2590;0.217486;
2591;0.571542;
2592;0.880314;
2593;0.44992;
2594;0.243738;
2595;0.0811621;
2596;0.0228137;
2597;0.108507;
2598;0.152209;
2599;0.109841;
2600;0.30939;
2601;0.315528;
2602;0.0547991;
2603;0.203715;
2604;0.127634;
2605;0.156774;
2606;0.204317;
2607;0.079822;
2608;0.377539;
2609;0.309427;
2610;0.103528;
2611;0.188441;
2612;0.0877095;
2613;0.13366;
2614;0.183039;
2615;0.1913;
2616;0.310779;
2617;0.387838;
2618;0.307092;
2619;0.0663339;
2620;0.158308;
2621;0.195002;
2622;0.115889;
2623;0.11269;
2624;0.0779005;
2625;0.201309;
2626;0.17864;
2627;0.118783;
2628;0.112219;
2629;0.0731693;
2630;0.207242;
2631;0.368347;
2632;0.334629;
2633;0.117719;
2634;0.170272;
2635;0.216218;
2636;0.116981;
2637;0.0694926;
2638;0.170048;
2639;0.262106;
2640;0.284001;
2641;0.147144;
2642;0.181064;
2643;0.233349;
2644;0.128043;
2645;0.209055;
2646;0.182834;
2647;0.183969;
2648;0.382968;
2649;0.269527;
2650;0.16943;
2651;0.264043;
2652;0.0933571;
2653;0.163789;
2654;0.242731;
2655;0.523536;
2656;0.86807;
2657;0.359212;
2658;0.0957411;
2659;0.2658;
2660;0.136767;
2661;0.0570343;
2662;0.128452;
2663;0.155001;
2664;0.271434;
2665;0.368489;
2666;0.291094;
2667;0.111958;
2668;0.122177;
2669;0.0669524;
2670;0.0836092;
2671;0.0853432;
2672;0.242607;
2673;0.314993;
2674;0.180855;
2675;0.0567903;
2676;0.141444;
2677;0.0464636;
2678;0.298507;
2679;0.425781;
2680;0.33568;
2681;0.170268;
2682;0.13003;
2683;0.106339;
2684;0.106366;
2685;0.139974;
2686;0.150805;
2687;0.160458;
2688;0.113037;
2689;0.115436;
2690;0.191746;
2691;0.130941;
2692;0.123744;
2693;0.272034;
2694;0.193325;
2695;0.214816;
2696;0.334354;
2697;0.180728;
2698;0.132275;
2699;0.194779;
2700;0.0408498;
2701;0.185719;
2702;0.205312;
2703;0.307707;
2704;0.451912;
2705;0.13202;
2706;0.155589;
2707;0.25109;
2708;0.167103;
2709;0.162246;
2710;0.0928241;
2711;0.182522;
2712;0.370087;
2713;0.373;
2714;0.265669;
2715;0.16464;
2716;0.0306802;
2717;0.172504;
2718;0.0621609;
2719;0.3391;
2720;0.872557;
2721;0.589059;
2722;0.180082;
2723;0.212706;
2724;0.234776;
2725;0.0943354;
2726;0.348591;
2727;0.39656;
2728;0.257485;
2729;0.136017;
2730;0.0995729;
2731;0.0540901;
2732;0.0135474;
2733;0.0766911;
2734;0.139433;
2735;0.167276;
2736;0.282227;
2737;0.274856;
2738;0.263111;
2739;0.0932829;
2740;0.183282;
2741;0.251581;
2742;0.171985;
2743;0.285372;
2744;0.314568;
2745;0.145851;
2746;0.084555;
2747;0.112066;
2748;0.0386254;
2749;0.154031;
2750;0.215616;
2751;0.177096;
2752;0.12762;
2753;0.146294;
2754;0.234683;
2755;0.146363;
2756;0.129768;
2757;0.205714;
2758;0.0624663;
2759;0.195837;
2760;0.341993;
2761;0.31231;
2762;0.226564;
2763;0.094725;
2764;0.12123;
2765;0.232474;
2766;0.159913;
2767;0.130253;
2768;0.345565;
2769;0.192843;
2770;0.0498748;
2771;0.0764612;
2772;0.117748;
2773;0.161602;
2774;0.268796;
2775;0.382827;
2776;0.365131;
2777;0.203015;
2778;0.0839093;
2779;0.10768;
2780;0.173707;
2781;0.11294;
2782;0.181519;
2783;0.509537;
2784;0.848759;
2785;0.562244;
2786;0.33785;
2787;0.109941;
2788;0.128535;
2789;0.134198;
2790;0.162721;
2791;0.300851;
2792;0.285282;
2793;0.111029;
2794;0.0833965;
2795;0.141638;
2796;0.144278;
2797;0.0661576;
2798;0.220891;
2799;0.396097;
2800;0.492066;
2801;0.217285;
2802;0.244166;
2803;0.115226;
2804;0.107117;
2805;0.142487;
2806;0.0241219;
2807;0.170972;
2808;0.27444;
2809;0.314785;
2810;0.21023;
2811;0.0730667;
2812;0.124779;
2813;0.184089;
2814;0.262195;
2815;0.190141;
2816;0.128993;
2817;0.0643663;
2818;0.019673;
2819;0.0252675;
2820;0.0949706;
2821;0.21136;
2822;0.242484;
2823;0.287217;
2824;0.344008;
2825;0.287412;
2826;0.162122;
2827;0.0986623;
2828;0.151009;
2829;0.12771;
2830;0.057551;
2831;0.117293;
2832;0.269896;
2833;0.126918;
2834;0.235722;
2835;0.275167;
2836;0.111453;
2837;0.105143;
2838;0.180776;
2839;0.292053;
2840;0.362825;
2841;0.144548;
2842;0.178197;
2843;0.262698;
2844;0.132332;
2845;0.0721138;
2846;0.277245;
2847;0.659751;
2848;0.85539;
2849;0.295365;
2850;0.223785;
2851;0.249948;
2852;0.0276785;
2853;0.106758;
2854;0.0281452;
2855;0.194938;
2856;0.299035;
2857;0.293637;
2858;0.184516;
2859;0.206763;
2860;0.204893;
2861;0.147565;
2862;0.295451;
2863;0.302787;
2864;0.362922;
2865;0.114124;
2866;0.0478552;
2867;0.110668;
2868;0.0177987;
2869;0.154493;
2870;0.189642;
2871;0.176441;
2872;0.271937;
2873;0.335672;
2874;0.245023;
2875;0.0415676;
2876;0.193833;
2877;0.178115;
2878;0.0287858;
2879;0.144379;
2880;0.162858;
2881;0.102682;
2882;0.220132;
2883;0.170092;
2884;0.0591412;
2885;0.114965;
2886;0.158942;
2887;0.332612;
2888;0.358115;
2889;0.152603;
2890;0.101247;
2891;0.204427;
2892;0.180119;
2893;0.147274;
2894;0.208677;
2895;0.225429;
2896;0.402;
2897;0.314963;
2898;0.278798;
2899;0.150773;
2900;0.0302816;
2901;0.16524;
2902;0.193751;
2903;0.182223;
2904;0.351805;
2905;0.234679;
2906;0.17655;
2907;0.319702;
2908;0.0642022;
2909;0.272877;
2910;0.219312;
2911;0.344326;
2912;0.826884;
2913;0.496479;
2914;0.0168575;
2915;0.319996;
2916;0.189976;
2917;0.115799;
2918;0.204729;
2919;0.171153;
2920;0.287954;
2921;0.376917;
2922;0.316882;
2923;0.100769;
2924;0.169053;
2925;0.1508;
2926;0.0867984;
2927;0.261317;
2928;0.32403;
2929;0.0414217;
2930;0.149549;
2931;0.0542262;
2932;0.101409;
2933;0.11924;
2934;0.18105;
2935;0.338949;
2936;0.313493;
2937;0.147058;
2938;0.0889459;
2939;0.0775315;
2940;0.101774;
2941;0.17636;
2942;0.201319;
2943;0.167925;
2944;0.11394;
2945;0.139042;
2946;0.198928;
2947;0.170285;
2948;0.11729;
2949;0.25372;
2950;0.173027;
2951;0.235975;
2952;0.362275;
2953;0.174937;
2954;0.178389;
2955;0.253519;
2956;0.059666;
2957;0.232074;
2958;0.299169;
2959;0.224392;
2960;0.297803;
2961;0.143162;
2962;0.186889;
2963;0.129464;
2964;0.108808;
2965;0.169611;
2966;0.0940471;
2967;0.143401;
2968;0.361695;
2969;0.35973;
2970;0.177702;
2971;0.115304;
2972;0.139838;
2973;0.17443;
2974;0.0441839;
2975;0.406359;
2976;0.822301;
2977;0.614494;
2978;0.236907;
2979;0.138316;
2980;0.185896;
2981;0.0408242;
2982;0.272117;
2983;0.365548;
2984;0.281829;
2985;0.152109;
2986;0.084059;
2987;0.0532253;
2988;0.0599618;
2989;0.166102;
2990;0.148446;
2991;0.0646197;
2992;0.402944;
2993;0.290729;
2994;0.194822;
2995;0.110875;
2996;0.128889;
2997;0.23548;
2998;0.171747;
2999;0.29233;
3000;0.354044;
3001;0.107007;
3002;0.197744;
3003;0.207376;
3004;0.0761655;
3005;0.300916;
3006;0.237019;
3007;0.0581491;
3008;0.0362071;
3009;0.103252;
3010;0.197505;
3011;0.111712;
3012;0.14307;
3013;0.238014;
3014;0.122808;
3015;0.127427;
3016;0.323279;
3017;0.384224;
3018;0.283606;
3019;0.11366;
3020;0.0344436;
3021;0.0871204;
3022;0.166174;
3023;0.228856;
3024;0.346272;
3025;0.193253;
3026;0.0941194;
3027;0.150233;
3028;0.172109;
3029;0.107166;
3030;0.139551;
3031;0.367727;
3032;0.407807;
3033;0.206618;
3034;0.0959169;
3035;0.0857005;
3036;0.129524;
3037;0.0904024;
3038;0.261802;
3039;0.654911;
3040;0.816761;
3041;0.404408;
3042;0.188095;
3043;0.10135;
3044;0.0991882;
3045;0.154364;
3046;0.0714156;
3047;0.2939;
3048;0.293119;
3049;0.0704922;
3050;0.180535;
3051;0.230882;
3052;0.110481;
3053;0.170167;
3054;0.239392;
3055;0.129349;
3056;0.252489;
3057;0.271689;
3058;0.216808;
3059;0.0911052;
3060;0.134426;
3061;0.223161;
3062;0.181908;
3063;0.182565;
3064;0.374711;
3065;0.41628;
3066;0.247452;
3067;0.0244682;
3068;0.120962;
3069;0.173476;
3070;0.16832;
3071;0.0821019;
3072;0.0689828;
3073;0.116362;
3074;0.0975069;
3075;0.0545745;
3076;0.108849;
3077;0.196117;
3078;0.236868;
3079;0.295049;
3080;0.305296;
3081;0.224756;
3082;0.126257;
3083;0.10367;
3084;0.10731;
3085;0.12084;
3086;0.144599;
3087;0.251884;
3088;0.428547;
3089;0.207636;
3090;0.137828;
3091;0.300685;
3092;0.145487;
3093;0.117842;
3094;0.147962;
3095;0.309423;
3096;0.425546;
3097;0.145284;
3098;0.284502;
3099;0.352892;
3100;0.0741887;
3101;0.252008;
3102;0.1277;
3103;0.504617;
3104;0.804549;
3105;0.391424;
3106;0.103802;
3107;0.260404;
3108;0.0861844;
3109;0.134105;
3110;0.188535;
3111;0.196359;
3112;0.311982;
3113;0.389067;
3114;0.257471;
3115;0.100233;
3116;0.140653;
3117;0.0986324;
3118;0.214663;
3119;0.174233;
3120;0.295776;
3121;0.342463;
3122;0.172102;
3123;0.137515;
3124;0.119289;
3125;0.187179;
3126;0.239052;
3127;0.284676;
3128;0.394041;
3129;0.311976;
3130;0.0987334;
3131;0.0731163;
3132;0.130183;
3133;0.153172;
3134;0.0931401;
3135;0.045495;
3136;0.17037;
3137;0.14601;
3138;0.190119;
3139;0.170311;
3140;0.0624496;
3141;0.0881394;
3142;0.12131;
3143;0.260527;
3144;0.320974;
3145;0.160496;
3146;0.213068;
3147;0.270144;
3148;0.131754;
3149;0.170068;
3150;0.140974;
3151;0.108987;
3152;0.278059;
3153;0.25492;
3154;0.173729;
3155;0.193171;
3156;0.0789785;
3157;0.18607;
3158;0.276305;
3159;0.171589;
3160;0.401298;
3161;0.389233;
3162;0.118465;
3163;0.230448;
3164;0.116342;
3165;0.228018;
3166;0.132393;
3167;0.379361;
3168;0.817121;
3169;0.523063;
3170;0.164901;
3171;0.326267;
3172;0.131632;
3173;0.194807;
3174;0.272455;
3175;0.226569;
3176;0.340767;
3177;0.330287;
3178;0.184998;
3179;0.103229;
3180;0.147984;
3181;0.0746401;
3182;0.155046;
3183;0.319138;
3184;0.405281;
3185;0.308465;
3186;0.208348;
3187;0.131853;
3188;0.097462;
3189;0.124944;
3190;0.0519872;
3191;0.306728;
3192;0.382685;
3193;0.210319;
3194;0.136937;
3195;0.167399;
3196;0.100217;
3197;0.119175;
3198;0.160683;
3199;0.124692;
3200;0.193837;
3201;0.165857;
3202;0.160815;
3203;0.0724708;
3204;0.085761;
3205;0.257594;
3206;0.268563;
3207;0.237932;
3208;0.364602;
3209;0.263041;
3210;0.120188;
3211;0.217505;
3212;0.117022;
3213;0.220502;
3214;0.169629;
3215;0.0881544;
3216;0.190435;
3217;0.171299;
3218;0.235767;
3219;0.230641;
3220;0.108239;
3221;0.163729;
3222;0.160479;
3223;0.234106;
3224;0.359061;
3225;0.325256;
3226;0.150003;
3227;0.0713332;
3228;0.146899;
3229;0.154402;
3230;0.162111;
3231;0.490097;
3232;0.796533;
3233;0.582307;
3234;0.265353;
3235;0.0308942;
3236;0.120488;
3237;0.114464;
3238;0.120055;
3239;0.34524;
3240;0.381673;
3241;0.236982;
3242;0.135216;
3243;0.0477341;
3244;0.0765471;
3245;0.114373;
3246;0.170669;
3247;0.299243;
3248;0.296387;
3249;0.128727;
3250;0.0871027;
3251;0.0964465;
3252;0.0965647;
3253;0.253294;
3254;0.207165;
3255;0.279195;
3256;0.354908;
3257;0.18969;
3258;0.147148;
3259;0.133698;
3260;0.0750499;
3261;0.22398;
3262;0.177173;
3263;0.0617448;
3264;0.10486;
3265;0.205706;
3266;0.269698;
3267;0.141561;
3268;0.133171;
3269;0.22209;
3270;0.10227;
3271;0.209788;
3272;0.38681;
3273;0.336743;
3274;0.155527;
3275;0.073651;
3276;0.12333;
3277;0.223865;
3278;0.195633;
3279;0.226946;
3280;0.358084;
3281;0.337687;
3282;0.219879;
3283;0.126734;
3284;0.113275;
3285;0.0870043;
3286;0.140037;
3287;0.311799;
3288;0.329783;
3289;0.213363;
3290;0.184221;
3291;0.138583;
3292;0.107699;
3293;0.109558;
3294;0.234491;
3295;0.599465;
3296;0.812994;
3297;0.425349;
3298;0.0475126;
3299;0.190949;
3300;0.0685152;
3301;0.177999;
3302;0.155392;
3303;0.344566;
3304;0.419248;
3305;0.167532;
3306;0.169134;
3307;0.177614;
3308;0.117892;
3309;0.229662;
3310;0.137502;
3311;0.260411;
3312;0.21914;
3313;0.0712706;
3314;0.243894;
3315;0.145774;
3316;0.125193;
3317;0.26225;
3318;0.132144;
3319;0.140667;
3320;0.331459;
3321;0.329597;
3322;0.183351;
3323;0.0353672;
3324;0.0876767;
3325;0.20033;
3326;0.24471;
3327;0.147509;
3328;0.0715632;
3329;0.157117;
3330;0.153603;
3331;0.149608;
3332;0.150172;
3333;0.134845;
3334;0.145037;
3335;0.290569;
3336;0.3869;
3337;0.312146;
3338;0.167822;
3339;0.108606;
3340;0.0819425;
3341;0.0909154;
3342;0.231709;
3343;0.337746;
3344;0.251292;
3345;0.109693;
3346;0.111748;
3347;0.160006;
3348;0.110835;
3349;0.0519294;
3350;0.222769;
3351;0.321383;
3352;0.313831;
3353;0.120729;
3354;0.179148;
3355;0.280567;
3356;0.0747537;
3357;0.150975;
3358;0.0270717;
3359;0.419742;
3360;0.810064;
3361;0.512608;
3362;0.218708;
3363;0.306939;
3364;0.132625;
3365;0.220402;
3366;0.183267;
3367;0.156363;
3368;0.418003;
3369;0.360749;
3370;0.147068;
3371;0.178076;
3372;0.151624;
3373;0.22802;
3374;0.238471;
3375;0.140084;
3376;0.32317;
3377;0.329851;
3378;0.151604;
3379;0.026847;
3380;0.0538398;
3381;0.152998;
3382;0.185867;
3383;0.22389;
3384;0.33892;
3385;0.342795;
3386;0.214403;
3387;0.0382618;
3388;0.139263;
3389;0.220145;
3390;0.217296;
3391;0.182087;
3392;0.0958958;
3393;0.116645;
3394;0.124674;
3395;0.135724;
3396;0.0774468;
3397;0.0936508;
3398;0.153869;
3399;0.31929;
3400;0.363542;
3401;0.154408;
3402;0.201789;
3403;0.285737;
3404;0.124793;
3405;0.0399012;
3406;0.0975174;
3407;0.241226;
3408;0.325317;
3409;0.182303;
3410;0.25773;
3411;0.199202;
3412;0.0458859;
3413;0.0864226;
3414;0.1109;
3415;0.152769;
3416;0.291448;
3417;0.315381;
3418;0.105326;
3419;0.14458;
3420;0.173638;
3421;0.159222;
3422;0.280803;
3423;0.455409;
3424;0.826124;
3425;0.610898;
3426;0.206939;
3427;0.155795;
3428;0.148875;
3429;0.066965;
3430;0.154168;
3431;0.223432;
3432;0.39072;
3433;0.368443;
3434;0.218173;
3435;0.120149;
3436;0.0819262;
3437;0.166133;
3438;0.172362;
3439;0.136351;
3440;0.175433;
3441;0.19529;
3442;0.155288;
3443;0.0398722;
3444;0.0897776;
3445;0.0970425;
3446;0.182041;
3447;0.362909;
3448;0.365406;
3449;0.221785;
3450;0.239943;
3451;0.214066;
3452;0.104724;
3453;0.10599;
3454;0.0867099;
3455;0.17474;
3456;0.118282;
3457;0.0879929;
3458;0.194326;
3459;0.157636;
3460;0.0947712;
3461;0.190351;
3462;0.169979;
3463;0.184818;
3464;0.326023;
3465;0.262139;
3466;0.0846893;
3467;0.173314;
3468;0.0888938;
3469;0.179618;
3470;0.252624;
3471;0.249814;
3472;0.430742;
3473;0.187294;
3474;0.0673472;
3475;0.218552;
3476;0.162042;
3477;0.073806;
3478;0.15122;
3479;0.204678;
3480;0.277523;
3481;0.350483;
3482;0.319214;
3483;0.175571;
3484;0.208748;
3485;0.16312;
3486;0.243414;
3487;0.614545;
3488;0.846949;
3489;0.401215;
3490;0.144701;
3491;0.104828;
3492;0.0405671;
3493;0.074257;
3494;0.150211;
3495;0.382374;
3496;0.379002;
3497;0.220092;
3498;0.198199;
3499;0.105378;
3500;0.0506457;
3501;0.0555571;
3502;0.122814;
3503;0.198939;
3504;0.356702;
3505;0.290278;
3506;0.207777;
3507;0.0430136;
3508;0.16834;
3509;0.234384;
3510;0.244924;
3511;0.293335;
3512;0.349048;
3513;0.223864;
3514;0.0262858;
3515;0.107845;
3516;0.0660767;
3517;0.237804;
3518;0.231284;
3519;0.0909561;
3520;0.0948665;
3521;0.0232039;
3522;0.146491;
3523;0.164046;
3524;0.172433;
3525;0.181125;
3526;0.0886032;
3527;0.194566;
3528;0.298537;
3529;0.301696;
3530;0.25441;
3531;0.160419;
3532;0.039147;
3533;0.107798;
3534;0.121484;
3535;0.025109;
3536;0.29513;
3537;0.227732;
3538;0.136815;
3539;0.199133;
3540;0.218627;
3541;0.0836331;
3542;0.293944;
3543;0.383387;
3544;0.266317;
3545;0.200074;
3546;0.271143;
3547;0.185176;
3548;0.0469909;
3549;0.170784;
3550;0.124122;
3551;0.490299;
3552;0.843109;
3553;0.387477;
3554;0.0864904;
3555;0.253603;
3556;0.11509;
3557;0.231766;
3558;0.249362;
3559;0.331955;
3560;0.375341;
3561;0.168676;
3562;0.086009;
3563;0.123477;
3564;0.127405;
3565;0.171106;
3566;0.233802;
3567;0.334129;
3568;0.483253;
3569;0.283057;
3570;0.221875;
3571;0.0554256;
3572;0.171004;
3573;0.160952;
3574;0.0156093;
3575;0.202652;
3576;0.325361;
3577;0.343096;
3578;0.242011;
3579;0.0792011;
3580;0.0862157;
3581;0.160376;
3582;0.152879;
3583;0.0749732;
3584;0.126548;
3585;0.0814939;
3586;0.0913539;
3587;0.111794;
3588;0.130008;
3589;0.165012;
3590;0.266921;
3591;0.330873;
3592;0.297185;
3593;0.239651;
3594;0.210291;
3595;0.160936;
3596;0.105671;
3597;0.109641;
3598;0.103121;
3599;0.030682;
3600;0.353132;
3601;0.251201;
3602;0.209858;
3603;0.237022;
3604;0.135705;
3605;0.131976;
3606;0.304086;
3607;0.288553;
3608;0.248073;
3609;0.153479;
3610;0.140667;
3611;0.236109;
3612;0.121659;
3613;0.16993;
3614;0.125699;
3615;0.371201;
3616;0.866608;
3617;0.599131;
3618;0.299401;
3619;0.210905;
3620;0.169681;
3621;0.140156;
3622;0.0792432;
3623;0.218933;
3624;0.372104;
3625;0.338936;
3626;0.211718;
3627;0.106551;
3628;0.13206;
3629;0.159624;
3630;0.167581;
3631;0.233268;
3632;0.371711;
3633;0.089532;
3634;0.0175546;
3635;0.06697;
3636;0.11007;
3637;0.165353;
3638;0.223586;
3639;0.271022;
3640;0.296455;
3641;0.285076;
3642;0.216043;
3643;0.130086;
3644;0.142546;
3645;0.151153;
3646;0.120957;
3647;0.126918;
3648;0.164973;
3649;0.0688845;
3650;0.217837;
3651;0.227829;
3652;0.0624876;
3653;0.165646;
3654;0.27379;
3655;0.310709;
3656;0.314492;
3657;0.184971;
3658;0.122018;
3659;0.224727;
3660;0.189719;
3661;0.131379;
3662;0.127721;
3663;0.153523;
3664;0.455805;
3665;0.381405;
3666;0.321696;
3667;0.121694;
3668;0.0306074;
3669;0.0129602;
3670;0.138884;
3671;0.194319;
3672;0.243033;
3673;0.285877;
3674;0.152707;
3675;0.131305;
3676;0.236255;
3677;0.0929038;
3678;0.296182;
3679;0.597479;
3680;0.856655;
3681;0.422275;
3682;0.105945;
3683;0.0814697;
3684;0.0552291;
3685;0.0794616;
3686;0.161436;
3687;0.268465;
3688;0.370183;
3689;0.354623;
3690;0.200255;
3691;0.0514725;
3692;0.157491;
3693;0.15204;
3694;0.108304;
3695;0.173509;
3696;0.260904;
3697;0.0255794;
3698;0.176568;
3699;0.162525;
3700;0.0439216;
3701;0.228569;
3702;0.268484;
3703;0.29815;
3704;0.296018;
3705;0.164146;
3706;0.183839;
3707;0.181731;
3708;0.151058;
3709;0.193548;
3710;0.153111;
3711;0.190384;
3712;0.114815;
3713;0.164877;
3714;0.285204;
3715;0.199035;
3716;0.107034;
3717;0.147373;
3718;0.131084;
3719;0.246158;
3720;0.315025;
3721;0.234523;
3722;0.10153;
3723;0.179506;
3724;0.153796;
3725;0.128317;
3726;0.294756;
3727;0.321729;
3728;0.369574;
3729;0.0915629;
3730;0.0737374;
3731;0.113601;
3732;0.120182;
3733;0.101007;
3734;0.160145;
3735;0.202693;
3736;0.252407;
3737;0.296594;
3738;0.25891;
3739;0.127953;
3740;0.168425;
3741;0.188186;
3742;0.136869;
3743;0.531021;
3744;0.878922;
3745;0.324082;
3746;0.122458;
3747;0.241929;
3748;0.0792077;
3749;0.217429;
3750;0.253917;
3751;0.374905;
3752;0.362971;
3753;0.184561;
3754;0.19181;
3755;0.0891844;
3756;0.115085;
3757;0.162129;
3758;0.144583;
3759;0.156991;
3760;0.344071;
3761;0.36197;
3762;0.301074;
3763;0.0750392;
3764;0.127185;
3765;0.210063;
3766;0.22127;
3767;0.281191;
3768;0.317004;
3769;0.14729;
3770;0.0997311;
3771;0.145308;
3772;0.123688;
3773;0.310648;
3774;0.254877;
3775;0.0532478;
3776;0.0671368;
3777;0.0526797;
3778;0.111036;
3779;0.103217;
3780;0.155755;
3781;0.196512;
3782;0.106381;
3783;0.182694;
3784;0.297595;
3785;0.310155;
3786;0.240697;
3787;0.143191;
3788;0.0953514;
3789;0.0353277;
3790;0.116699;
3791;0.255289;
3792;0.284702;
3793;0.147251;
3794;0.182186;
3795;0.183644;
3796;0.147145;
3797;0.0223445;
3798;0.205722;
3799;0.344037;
3800;0.290415;
3801;0.188346;
3802;0.153918;
3803;0.0923421;
3804;0.0324063;
3805;0.1573;
3806;0.102469;
3807;0.297541;
3808;0.886589;
3809;0.616607;
3810;0.282912;
3811;0.212536;
3812;0.213432;
3813;0.195807;
3814;0.261021;
3815;0.312068;
3816;0.343692;
3817;0.139087;
3818;0.154881;
3819;0.205347;
3820;0.0456404;
3821;0.283996;
3822;0.270023;
3823;0.110031;
3824;0.278966;
3825;0.244754;
3826;0.192632;
3827;0.0293851;
3828;0.194084;
3829;0.222784;
3830;0.060347;
3831;0.196202;
3832;0.346203;
3833;0.333775;
3834;0.199066;
3835;0.0598165;
3836;0.0549537;
3837;0.105;
3838;0.0839371;
3839;0.0527524;
3840;0.05965;
3841;0.147366;
3842;0.157361;
3843;0.175773;
3844;0.154519;
3845;0.0947917;
3846;0.203544;
3847;0.300736;
3848;0.278656;
3849;0.197649;
3850;0.192656;
3851;0.169292;
3852;0.0654768;
3853;0.0988922;
3854;0.200885;
3855;0.337529;
3856;0.351892;
3857;0.126404;
3858;0.178593;
3859;0.181257;
3860;0.0968027;
3861;0.093289;
3862;0.166773;
3863;0.34029;
3864;0.328393;
3865;0.130699;
3866;0.102514;
3867;0.233534;
3868;0.18051;
3869;0.0497446;
3870;0.301004;
3871;0.48054;
3872;0.891209;
3873;0.577285;
3874;0.289934;
3875;0.128097;
3876;0.189913;
3877;0.133593;
3878;0.167934;
3879;0.165898;
3880;0.322621;
3881;0.364191;
3882;0.185602;
3883;0.0489606;
3884;0.0776466;
3885;0.0803525;
3886;0.118309;
3887;0.147425;
3888;0.298924;
3889;0.312325;
3890;0.148884;
3891;0.0565983;
3892;0.0932753;
3893;0.125353;
3894;0.171807;
3895;0.284353;
3896;0.361752;
3897;0.273506;
3898;0.105179;
3899;0.0877875;
3900;0.126708;
3901;0.167521;
3902;0.186749;
3903;0.145593;
3904;0.133501;
3905;0.16037;
3906;0.181792;
3907;0.140531;
3908;0.0602864;
3909;0.0972953;
3910;0.212905;
3911;0.281985;
3912;0.283708;
3913;0.139151;
3914;0.20858;
3915;0.302203;
3916;0.127579;
3917;0.178126;
3918;0.199315;
3919;0.0351425;
3920;0.204986;
3921;0.15092;
3922;0.18426;
3923;0.252801;
3924;0.0876872;
3925;0.0923583;
3926;0.108342;
3927;0.212312;
3928;0.331632;
3929;0.362787;
3930;0.304033;
3931;0.158804;
3932;0.214213;
3933;0.121929;
3934;0.256816;
3935;0.588467;
3936;0.908479;
3937;0.393236;
3938;0.142308;
3939;0.0557584;
3940;0.0716151;
3941;0.0763922;
3942;0.125742;
3943;0.229966;
3944;0.313599;
3945;0.283671;
3946;0.131889;
3947;0.0807355;
3948;0.14324;
3949;0.0898831;
3950;0.252376;
3951;0.415421;
3952;0.391708;
3953;0.22023;
3954;0.145902;
3955;0.121808;
3956;0.0843904;
3957;0.119968;
3958;0.137919;
3959;0.281012;
3960;0.340532;
3961;0.214401;
3962;0.197117;
3963;0.248613;
3964;0.156754;
3965;0.184884;
3966;0.192625;
3967;0.0990693;
3968;0.162513;
3969;0.135508;
3970;0.211949;
3971;0.14777;
3972;0.0595585;
3973;0.156415;
3974;0.21004;
3975;0.251627;
3976;0.3107;
3977;0.300138;
3978;0.204755;
3979;0.209558;
3980;0.1532;
3981;0.129699;
3982;0.170791;
3983;0.0492729;
3984;0.256695;
3985;0.265011;
3986;0.122047;
3987;0.252012;
3988;0.134532;
3989;0.184426;
3990;0.294016;
3991;0.245946;
3992;0.325841;
3993;0.290957;
3994;0.190792;
3995;0.169545;
3996;0.144618;
3997;0.204176;
3998;0.112834;
3999;0.417096;
