0;-7.47309;
1;-9.13697;
2;-6.31683;
3;-6.93195;
4;-12.3354;
5;-7.68172;
6;-7.58004;
7;-6.80307;
8;-4.84899;
9;-4.93533;
10;-7.13432;
11;-9.50748;
12;-8.23902;
13;-10.5324;
14;-8.31887;
15;-5.16007;
16;-3.69997;
17;-10.8507;
18;-8.79964;
19;-8.04838;
20;-10.7175;
21;-8.25658;
22;-8.55675;
23;-5.26819;
24;-4.66645;
25;-6.71399;
26;-5.58772;
27;-7.22021;
28;-7.82128;
29;-5.70824;
30;-8.66404;
31;-2.37247;
32;-1.03493;
33;-4.40405;
34;-10.9928;
35;-7.03932;
36;-8.34038;
37;-6.39548;
38;-7.12466;
39;-4.92432;
40;-4.51877;
41;-6.51279;
42;-7.77137;
43;-7.813;
44;-10.465;
45;-8.5155;
46;-6.29506;
47;-6.63623;
48;-4.52725;
49;-5.47605;
50;-5.73597;
51;-7.13319;
52;-9.47824;
53;-6.5228;
54;-7.49696;
55;-7.03948;
56;-4.78109;
57;-5.40751;
58;-7.55266;
59;-8.56701;
60;-11.3842;
61;-10.7735;
62;-7.67272;
63;-7.29352;
64;-7.80065;
65;-10.4447;
66;-7.63046;
67;-8.2519;
68;-8.37891;
69;-10.0951;
70;-9.56249;
71;-4.93923;
72;-4.56384;
73;-5.8277;
74;-7.07563;
75;-11.2956;
76;-10.7926;
77;-10.1627;
78;-9.01489;
79;-9.24844;
80;-5.13366;
81;-5.70066;
82;-8.46103;
83;-9.18729;
84;-7.80185;
85;-6.58144;
86;-4.97176;
87;-5.06275;
88;-5.01209;
89;-7.52076;
90;-11.0434;
91;-9.76014;
92;-7.90311;
93;-4.65973;
94;-10.2045;
95;-3.41573;
96;-0.850978;
97;-3.48036;
98;-6.51084;
99;-6.222;
100;-11.4932;
101;-5.00265;
102;-6.99941;
103;-7.20976;
104;-4.33479;
105;-5.0567;
106;-6.79931;
107;-9.44449;
108;-12.7017;
109;-8.0342;
110;-5.69195;
111;-4.7152;
112;-3.4754;
113;-5.64196;
114;-7.21367;
115;-7.21684;
116;-8.35363;
117;-9.5977;
118;-10.5063;
119;-5.66358;
120;-4.53856;
121;-5.84643;
122;-8.08565;
123;-9.90709;
124;-10.6471;
125;-14.8995;
126;-7.25352;
127;-6.39;
128;-9.25975;
129;-9.35275;
130;-12.4278;
131;-7.67686;
132;-7.92197;
133;-9.9583;
134;-6.05179;
135;-4.61447;
136;-4.54009;
137;-8.02162;
138;-9.23705;
139;-7.13056;
140;-13.7993;
141;-7.2931;
142;-9.08396;
143;-10.2552;
144;-5.64877;
145;-5.35909;
146;-5.26407;
147;-8.7841;
148;-7.34653;
149;-5.86867;
150;-9.28029;
151;-8.75529;
152;-4.98476;
153;-4.99038;
154;-9.20482;
155;-12.3974;
156;-31.4839;
157;-7.37021;
158;-6.21782;
159;-3.84755;
160;-0.852209;
161;-2.07825;
162;-5.94332;
163;-9.63578;
164;-8.78001;
165;-7.65705;
166;-8.17169;
167;-6.21657;
168;-4.16679;
169;-4.74666;
170;-7.56391;
171;-12.2112;
172;-9.6521;
173;-7.67319;
174;-6.82029;
175;-6.35967;
176;-5.09531;
177;-7.46006;
178;-13.6739;
179;-6.96868;
180;-8.67307;
181;-12.7378;
182;-7.17311;
183;-4.80578;
184;-4.28815;
185;-7.96866;
186;-7.26403;
187;-5.51729;
188;-9.47748;
189;-9.87856;
190;-10.5966;
191;-10.2009;
192;-14.04;
193;-8.48213;
194;-5.74911;
195;-6.95324;
196;-10.882;
197;-8.6386;
198;-9.82175;
199;-8.34054;
200;-4.85825;
201;-4.72567;
202;-9.23019;
203;-8.3444;
204;-9.09303;
205;-9.46591;
206;-5.82035;
207;-6.43686;
208;-3.98588;
209;-3.9867;
210;-7.01804;
211;-16.1711;
212;-10.7576;
213;-9.56022;
214;-8.91693;
215;-7.14765;
216;-4.72685;
217;-4.46876;
218;-6.60606;
219;-18.6389;
220;-8.64446;
221;-7.6741;
222;-5.54088;
223;-2.54858;
224;-0.783135;
225;-3.27052;
226;-9.79666;
227;-6.7883;
228;-8.1626;
229;-10.7314;
230;-10.8457;
231;-5.28789;
232;-4.05507;
233;-6.78645;
234;-6.57379;
235;-5.69014;
236;-10.4299;
237;-11.0735;
238;-12.1247;
239;-7.35485;
240;-8.13269;
241;-11.5847;
242;-6.40076;
243;-5.87693;
244;-10.735;
245;-8.72436;
246;-8.08151;
247;-6.9597;
248;-4.21563;
249;-4.96009;
250;-9.13717;
251;-6.92242;
252;-9.69307;
253;-8.21756;
254;-5.88012;
255;-8.75654;
256;-13.6966;
257;-7.48508;
258;-8.85133;
259;-9.53622;
260;-12.3216;
261;-12.2154;
262;-9.07821;
263;-7.67213;
264;-5.08081;
265;-4.58192;
266;-6.59226;
267;-8.63485;
268;-8.17165;
269;-10.3371;
270;-6.35781;
271;-4.80604;
272;-5.2581;
273;-6.96848;
274;-8.84486;
275;-15.8158;
276;-11.2461;
277;-10.6242;
278;-7.24505;
279;-4.77215;
280;-4.79324;
281;-5.7526;
282;-5.75902;
283;-8.02574;
284;-6.95123;
285;-6.20571;
286;-11.7952;
287;-2.98581;
288;-0.71793;
289;-3.60264;
290;-7.82744;
291;-6.4971;
292;-13.5931;
293;-6.31299;
294;-6.44676;
295;-6.20626;
296;-4.16439;
297;-6.09424;
298;-10.9062;
299;-7.38206;
300;-9.28648;
301;-5.62765;
302;-6.43389;
303;-11.3205;
304;-5.06293;
305;-5.22689;
306;-8.45075;
307;-7.95921;
308;-10.4063;
309;-7.1279;
310;-7.90783;
311;-7.17344;
312;-4.11642;
313;-4.47964;
314;-6.05388;
315;-6.44054;
316;-10.8151;
317;-9.47597;
318;-7.8314;
319;-12.4322;
320;-8.11129;
321;-8.69464;
322;-9.38681;
323;-8.10205;
324;-8.41372;
325;-15.6286;
326;-7.54623;
327;-4.82236;
328;-4.92561;
329;-5.94177;
330;-6.17237;
331;-10.1793;
332;-9.67798;
333;-9.28751;
334;-9.37666;
335;-5.29137;
336;-6.12964;
337;-7.07951;
338;-7.332;
339;-20.2727;
340;-7.42159;
341;-7.43365;
342;-6.44342;
343;-5.11242;
344;-5.36167;
345;-7.0287;
346;-13.0619;
347;-11.3709;
348;-10.2199;
349;-5.70923;
350;-5.87078;
351;-3.8758;
352;-0.722674;
353;-2.55801;
354;-6.28742;
355;-11.2974;
356;-9.51447;
357;-6.01121;
358;-9.5169;
359;-6.77302;
360;-4.14143;
361;-5.14767;
362;-6.63996;
363;-8.00992;
364;-9.94322;
365;-7.48838;
366;-7.88276;
367;-7.21142;
368;-6.48663;
369;-6.35404;
370;-8.27963;
371;-9.89371;
372;-9.17053;
373;-8.47214;
374;-6.71086;
375;-4.75601;
376;-4.51487;
377;-5.59264;
378;-6.7058;
379;-8.64998;
380;-10.6709;
381;-13.4419;
382;-10.2739;
383;-10.5326;
384;-7.31503;
385;-7.8893;
386;-8.04631;
387;-7.24305;
388;-7.94316;
389;-8.28244;
390;-5.58679;
391;-4.66158;
392;-4.63238;
393;-7.56452;
394;-10.4191;
395;-7.86396;
396;-9.90611;
397;-6.41274;
398;-7.56124;
399;-5.15325;
400;-4.1758;
401;-9.50275;
402;-7.73555;
403;-8.45532;
404;-9.48184;
405;-6.9896;
406;-12.1124;
407;-7.11391;
408;-5.96093;
409;-5.06077;
410;-5.20702;
411;-9.62804;
412;-10.9305;
413;-10.1334;
414;-5.87994;
415;-2.72166;
416;-0.578464;
417;-3.06946;
418;-8.39124;
419;-7.51398;
420;-7.27258;
421;-7.70503;
422;-7.73469;
423;-5.49863;
424;-3.85037;
425;-4.76993;
426;-7.06825;
427;-8.63891;
428;-9.37752;
429;-8.98577;
430;-9.08568;
431;-6.1063;
432;-4.9659;
433;-6.36765;
434;-7.31833;
435;-7.52058;
436;-9.9935;
437;-9.81535;
438;-5.62763;
439;-4.94575;
440;-5.22878;
441;-7.56784;
442;-10.3505;
443;-6.76014;
444;-9.29336;
445;-11.5289;
446;-8.22944;
447;-10.062;
448;-8.71429;
449;-6.96388;
450;-5.57451;
451;-7.7339;
452;-9.62463;
453;-8.99825;
454;-13.6092;
455;-6.37529;
456;-4.64659;
457;-4.95667;
458;-7.08069;
459;-8.1422;
460;-9.21811;
461;-8.73052;
462;-7.7846;
463;-12.4386;
464;-6.90513;
465;-6.49671;
466;-11.442;
467;-11.9018;
468;-15.1507;
469;-6.93881;
470;-5.84136;
471;-7.33665;
472;-6.21015;
473;-4.82183;
474;-5.71319;
475;-10.8116;
476;-6.31228;
477;-5.90598;
478;-8.00003;
479;-2.97146;
480;-0.616651;
481;-4.36911;
482;-10.3915;
483;-5.57332;
484;-8.90211;
485;-7.44525;
486;-5.71898;
487;-4.60768;
488;-3.86145;
489;-6.52067;
490;-8.50785;
491;-6.09398;
492;-9.06121;
493;-14.4106;
494;-7.92663;
495;-4.82966;
496;-3.69479;
497;-5.66691;
498;-5.31528;
499;-7.05697;
500;-15.1037;
501;-14.1614;
502;-10.095;
503;-6.60128;
504;-5.62894;
505;-6.02496;
506;-8.43554;
507;-7.11047;
508;-7.65615;
509;-11.9928;
510;-6.14048;
511;-7.05317;
512;-9.6387;
513;-8.86005;
514;-12.7557;
515;-8.98359;
516;-11.4897;
517;-9.24149;
518;-6.68707;
519;-6.66064;
520;-4.61078;
521;-4.3137;
522;-7.2776;
523;-12.6203;
524;-8.58855;
525;-8.62899;
526;-9.94089;
527;-13.2901;
528;-4.80584;
529;-5.50174;
530;-7.47739;
531;-8.91347;
532;-8.58649;
533;-7.13968;
534;-5.27232;
535;-5.19415;
536;-6.2891;
537;-6.95996;
538;-7.45618;
539;-10.5579;
540;-6.76102;
541;-5.69301;
542;-15.6629;
543;-4.11581;
544;-0.511204;
545;-2.56419;
546;-4.81001;
547;-7.51089;
548;-14.2952;
549;-6.71881;
550;-7.25542;
551;-5.70579;
552;-4.26962;
553;-6.69468;
554;-9.13944;
555;-6.77516;
556;-10.4274;
557;-6.97241;
558;-6.05285;
559;-7.15657;
560;-5.63095;
561;-9.27147;
562;-11.2377;
563;-8.13737;
564;-8.68158;
565;-8.28023;
566;-8.37224;
567;-7.73897;
568;-5.38344;
569;-5.18326;
570;-7.2905;
571;-8.71192;
572;-8.95593;
573;-17.7591;
574;-8.99653;
575;-8.1168;
576;-10.8686;
577;-6.8033;
578;-6.74982;
579;-8.31125;
580;-8.82902;
581;-9.76238;
582;-6.58866;
583;-4.6803;
584;-4.93568;
585;-6.44458;
586;-8.4166;
587;-14.7069;
588;-12.6453;
589;-11.7722;
590;-9.45357;
591;-8.08793;
592;-3.2054;
593;-3.50644;
594;-4.8886;
595;-11.9406;
596;-7.05984;
597;-9.15848;
598;-7.06827;
599;-4.89514;
600;-5.98115;
601;-9.57614;
602;-16.2322;
603;-12.1717;
604;-10.2188;
605;-7.3362;
606;-4.75136;
607;-2.78574;
608;-0.510081;
609;-3.03041;
610;-6.64871;
611;-16.0126;
612;-7.56445;
613;-6.3204;
614;-9.70372;
615;-7.97543;
616;-4.81499;
617;-5.22276;
618;-7.32003;
619;-9.02049;
620;-12.3615;
621;-10.9236;
622;-10.692;
623;-10.4799;
624;-5.40117;
625;-11.1245;
626;-8.31926;
627;-5.79893;
628;-6.95427;
629;-22.0686;
630;-7.06991;
631;-4.96023;
632;-5.0232;
633;-6.24451;
634;-7.03064;
635;-9.67273;
636;-13.5643;
637;-18.1487;
638;-7.30251;
639;-5.66728;
640;-10.1588;
641;-6.67562;
642;-5.9073;
643;-12.1721;
644;-7.83825;
645;-9.84731;
646;-7.12381;
647;-4.61415;
648;-5.60592;
649;-10.2154;
650;-10.9037;
651;-7.87485;
652;-11.0808;
653;-7.85767;
654;-5.08824;
655;-5.29571;
656;-4.16331;
657;-7.11608;
658;-7.41603;
659;-13.5619;
660;-7.41766;
661;-6.29434;
662;-13.2607;
663;-7.12501;
664;-5.50074;
665;-5.245;
666;-5.37574;
667;-9.899;
668;-8.72795;
669;-8.35546;
670;-6.98668;
671;-2.69314;
672;-0.488856;
673;-4.44073;
674;-9.40087;
675;-5.9356;
676;-6.97077;
677;-10.9189;
678;-8.05083;
679;-5.69173;
680;-5.2692;
681;-6.38952;
682;-7.83115;
683;-8.94039;
684;-9.27849;
685;-7.93149;
686;-7.7619;
687;-16.4058;
688;-3.64345;
689;-4.11729;
690;-5.77273;
691;-8.02959;
692;-8.30449;
693;-12.2899;
694;-5.76944;
695;-4.60549;
696;-4.97002;
697;-8.1957;
698;-7.22349;
699;-5.3072;
700;-9.68284;
701;-7.67156;
702;-6.10252;
703;-8.28467;
704;-9.8746;
705;-13.3308;
706;-7.09552;
707;-8.2222;
708;-12.1518;
709;-8.85265;
710;-10.5919;
711;-6.84482;
712;-6.10865;
713;-5.24067;
714;-5.89242;
715;-11.0749;
716;-7.82131;
717;-10.2625;
718;-7.84159;
719;-5.972;
720;-5.0683;
721;-7.32802;
722;-8.83785;
723;-19.4811;
724;-11.9307;
725;-8.27984;
726;-6.96767;
727;-6.32174;
728;-5.07442;
729;-5.47828;
730;-8.43643;
731;-15.5744;
732;-6.59466;
733;-5.25042;
734;-8.56403;
735;-4.34615;
736;-0.40828;
737;-2.96041;
738;-6.8939;
739;-7.02183;
740;-9.861;
741;-8.27427;
742;-5.74826;
743;-5.47652;
744;-5.41575;
745;-7.27579;
746;-6.33526;
747;-5.53064;
748;-8.30917;
749;-7.14761;
750;-5.95403;
751;-7.15635;
752;-4.63097;
753;-5.89944;
754;-5.99864;
755;-7.85387;
756;-14.0283;
757;-10.5315;
758;-7.51128;
759;-6.27975;
760;-5.02258;
761;-5.03742;
762;-6.76075;
763;-6.91311;
764;-8.03435;
765;-16.7773;
766;-8.00503;
767;-8.58802;
768;-8.35914;
769;-13.1699;
770;-9.67731;
771;-8.23879;
772;-13.5169;
773;-9.00406;
774;-7.13744;
775;-7.62709;
776;-5.74682;
777;-5.19336;
778;-7.72836;
779;-10.9205;
780;-6.78849;
781;-7.2538;
782;-6.95382;
783;-5.19025;
784;-4.2346;
785;-11.2604;
786;-9.36904;
787;-10.9507;
788;-12.3944;
789;-8.64279;
790;-7.71273;
791;-5.65403;
792;-5.06871;
793;-6.10934;
794;-7.40679;
795;-7.55498;
796;-7.2728;
797;-7.20486;
798;-6.17784;
799;-3.6609;
800;-0.486231;
801;-2.37264;
802;-4.9128;
803;-16.3326;
804;-9.31485;
805;-7.49018;
806;-5.43959;
807;-5.19083;
808;-5.58691;
809;-6.38739;
810;-8.04066;
811;-6.91656;
812;-7.10792;
813;-7.86405;
814;-7.47568;
815;-7.13207;
816;-4.9529;
817;-6.69161;
818;-7.79574;
819;-7.96956;
820;-9.76269;
821;-7.70298;
822;-7.51401;
823;-7.28089;
824;-5.21273;
825;-5.48533;
826;-8.95132;
827;-9.28835;
828;-8.94468;
829;-14.039;
830;-7.99885;
831;-7.50461;
832;-8.29792;
833;-10.9624;
834;-9.32046;
835;-9.78346;
836;-8.32156;
837;-9.85592;
838;-7.91425;
839;-5.21095;
840;-5.00965;
841;-5.62608;
842;-6.04622;
843;-9.12877;
844;-9.85405;
845;-6.90489;
846;-9.75424;
847;-11.1652;
848;-5.78349;
849;-7.1149;
850;-6.50338;
851;-10.1435;
852;-8.88804;
853;-7.03019;
854;-6.667;
855;-4.44241;
856;-4.94614;
857;-7.42384;
858;-6.24804;
859;-7.88352;
860;-22.2239;
861;-10.2642;
862;-5.39307;
863;-2.69833;
864;-0.431001;
865;-2.98331;
866;-5.87888;
867;-8.49254;
868;-6.27093;
869;-6.70144;
870;-10.8504;
871;-8.00237;
872;-5.49965;
873;-5.73277;
874;-8.3483;
875;-10.6535;
876;-9.74096;
877;-10.916;
878;-6.54496;
879;-4.51842;
880;-3.87033;
881;-6.97701;
882;-8.33031;
883;-8.01258;
884;-8.78315;
885;-12.1094;
886;-9.74252;
887;-5.72136;
888;-5.25565;
889;-6.18757;
890;-6.3287;
891;-8.28132;
892;-11.8421;
893;-9.69676;
894;-10.5719;
895;-7.77093;
896;-9.75901;
897;-9.24145;
898;-7.572;
899;-10.7668;
900;-8.40404;
901;-9.15248;
902;-5.62462;
903;-3.85704;
904;-4.79872;
905;-7.64276;
906;-9.28669;
907;-10.4086;
908;-13.4943;
909;-6.76182;
910;-7.02912;
911;-13.0484;
912;-4.97713;
913;-5.91006;
914;-6.77983;
915;-7.07741;
916;-9.9707;
917;-4.56497;
918;-6.04649;
919;-8.75862;
920;-4.46009;
921;-5.82082;
922;-6.6447;
923;-8.72005;
924;-8.4345;
925;-5.68577;
926;-7.26397;
927;-2.99834;
928;-0.542561;
929;-4.49853;
930;-12.1515;
931;-5.60156;
932;-6.62112;
933;-11.5549;
934;-8.52308;
935;-6.44083;
936;-5.26518;
937;-5.191;
938;-5.62442;
939;-7.38097;
940;-14.4891;
941;-13.7191;
942;-8.86609;
943;-5.77732;
944;-6.42126;
945;-11.3468;
946;-9.23736;
947;-8.50244;
948;-8.65801;
949;-14.0971;
950;-5.359;
951;-3.97537;
952;-5.12451;
953;-8.42446;
954;-10.1581;
955;-7.20579;
956;-10.1546;
957;-9.33301;
958;-7.58216;
959;-12.6465;
960;-9.88104;
961;-8.61726;
962;-5.97298;
963;-6.49691;
964;-9.52634;
965;-5.67915;
966;-7.82539;
967;-8.70385;
968;-4.79101;
969;-5.31119;
970;-8.24659;
971;-8.30161;
972;-9.37394;
973;-8.95771;
974;-7.16843;
975;-9.1067;
976;-3.88267;
977;-3.17114;
978;-6.01791;
979;-14.5045;
980;-9.90109;
981;-8.33417;
982;-8.47964;
983;-7.48024;
984;-4.00813;
985;-4.47104;
986;-8.67367;
987;-13.8815;
988;-6.65541;
989;-5.48857;
990;-10.6183;
991;-3.88504;
992;-0.545765;
993;-2.95905;
994;-7.62662;
995;-10.2687;
996;-11.9047;
997;-8.07474;
998;-4.8718;
999;-4.72424;
1000;-5.41943;
1001;-8.09457;
1002;-9.42867;
1003;-5.94627;
1004;-8.58693;
1005;-8.93317;
1006;-9.2178;
1007;-8.61134;
1008;-6.41981;
1009;-12.1436;
1010;-5.52705;
1011;-4.6712;
1012;-11.5477;
1013;-7.11143;
1014;-8.4089;
1015;-7.93825;
1016;-4.67086;
1017;-5.49394;
1018;-7.55036;
1019;-6.95643;
1020;-8.51833;
1021;-11.1919;
1022;-6.60472;
1023;-8.56584;
1024;-10.7751;
1025;-5.25517;
1026;-6.78863;
1027;-10.1649;
1028;-10.2954;
1029;-12.8823;
1030;-9.45134;
1031;-8.60033;
1032;-4.82097;
1033;-4.45704;
1034;-7.57988;
1035;-11.3721;
1036;-9.08496;
1037;-8.48282;
1038;-7.00205;
1039;-6.32784;
1040;-6.38867;
1041;-6.66915;
1042;-11.5755;
1043;-9.7641;
1044;-8.79574;
1045;-10.2729;
1046;-7.68649;
1047;-4.49542;
1048;-3.87821;
1049;-6.62004;
1050;-9.31965;
1051;-6.83068;
1052;-9.77057;
1053;-15.7973;
1054;-6.91249;
1055;-2.96523;
1056;-0.573145;
1057;-2.63112;
1058;-4.53056;
1059;-7.47058;
1060;-9.67942;
1061;-8.84577;
1062;-10.3732;
1063;-7.99993;
1064;-5.75585;
1065;-6.29167;
1066;-9.39679;
1067;-7.20357;
1068;-8.17502;
1069;-6.90163;
1070;-6.57862;
1071;-10.9874;
1072;-4.30294;
1073;-3.88148;
1074;-7.00221;
1075;-6.93262;
1076;-8.96416;
1077;-8.90456;
1078;-7.44167;
1079;-8.06105;
1080;-4.45394;
1081;-4.47461;
1082;-6.65176;
1083;-6.75862;
1084;-9.43808;
1085;-8.73639;
1086;-6.84003;
1087;-10.0694;
1088;-10.1384;
1089;-8.64667;
1090;-12.1286;
1091;-11.3553;
1092;-9.92582;
1093;-13.0816;
1094;-7.51972;
1095;-5.03329;
1096;-4.76191;
1097;-6.18325;
1098;-8.10473;
1099;-10.3253;
1100;-10.8644;
1101;-8.6613;
1102;-10.7757;
1103;-7.57462;
1104;-6.94171;
1105;-8.18844;
1106;-6.13883;
1107;-7.30109;
1108;-9.06905;
1109;-6.22704;
1110;-9.18134;
1111;-5.29011;
1112;-3.95051;
1113;-6.60542;
1114;-6.9651;
1115;-6.96139;
1116;-15.5268;
1117;-7.01037;
1118;-4.81219;
1119;-2.19536;
1120;-0.673594;
1121;-4.7893;
1122;-10.7224;
1123;-5.68514;
1124;-6.52089;
1125;-7.32675;
1126;-9.11479;
1127;-8.682;
1128;-5.75596;
1129;-5.81749;
1130;-7.2143;
1131;-7.50504;
1132;-11.3824;
1133;-8.43821;
1134;-6.33362;
1135;-6.52919;
1136;-5.45722;
1137;-5.49614;
1138;-8.9512;
1139;-8.22553;
1140;-8.01493;
1141;-10.6815;
1142;-6.87359;
1143;-4.95744;
1144;-4.69703;
1145;-5.5046;
1146;-6.99025;
1147;-9.49725;
1148;-16.1281;
1149;-13.1762;
1150;-13.5379;
1151;-13.562;
1152;-8.8252;
1153;-7.87888;
1154;-6.51158;
1155;-10.158;
1156;-8.62344;
1157;-7.2184;
1158;-8.22628;
1159;-4.65616;
1160;-4.5237;
1161;-7.89852;
1162;-9.51774;
1163;-11.0104;
1164;-9.90665;
1165;-6.66705;
1166;-5.67032;
1167;-4.97584;
1168;-4.79624;
1169;-7.80034;
1170;-9.66217;
1171;-8.89648;
1172;-9.87884;
1173;-5.44799;
1174;-7.40519;
1175;-7.52647;
1176;-4.15444;
1177;-5.31371;
1178;-5.5483;
1179;-7.19338;
1180;-7.69237;
1181;-4.14059;
1182;-8.89811;
1183;-4.00488;
1184;-0.656409;
1185;-3.25078;
1186;-9.34128;
1187;-6.90212;
1188;-8.45739;
1189;-7.89799;
1190;-6.57724;
1191;-6.1734;
1192;-5.19542;
1193;-4.99342;
1194;-6.07204;
1195;-7.87429;
1196;-9.25144;
1197;-10.7098;
1198;-14.7167;
1199;-8.58286;
1200;-4.77955;
1201;-5.41949;
1202;-6.58328;
1203;-10.5485;
1204;-10.4052;
1205;-16.8893;
1206;-6.97973;
1207;-4.60296;
1208;-5.24273;
1209;-7.95465;
1210;-14.9406;
1211;-8.86969;
1212;-8.8181;
1213;-10.9178;
1214;-5.70391;
1215;-6.28537;
1216;-7.30631;
1217;-8.06349;
1218;-7.69552;
1219;-9.17216;
1220;-9.48437;
1221;-6.61619;
1222;-9.57355;
1223;-7.30744;
1224;-4.43096;
1225;-5.39258;
1226;-5.98436;
1227;-7.4692;
1228;-9.09255;
1229;-5.5933;
1230;-8.14204;
1231;-9.6013;
1232;-6.14681;
1233;-6.76489;
1234;-8.55127;
1235;-16.0874;
1236;-10.281;
1237;-7.39958;
1238;-7.13158;
1239;-7.4621;
1240;-4.46703;
1241;-4.1621;
1242;-7.01214;
1243;-9.17409;
1244;-8.45889;
1245;-7.7313;
1246;-10.5743;
1247;-3.76321;
1248;-0.815524;
1249;-2.4344;
1250;-5.97112;
1251;-14.6524;
1252;-20.7005;
1253;-9.66483;
1254;-5.86916;
1255;-4.42625;
1256;-4.88561;
1257;-6.99343;
1258;-15.4941;
1259;-8.27567;
1260;-7.48307;
1261;-12.0244;
1262;-6.2214;
1263;-4.7829;
1264;-4.19073;
1265;-8.09713;
1266;-7.27887;
1267;-7.44469;
1268;-15.7655;
1269;-9.61196;
1270;-17.2158;
1271;-7.37035;
1272;-5.54966;
1273;-5.82738;
1274;-5.88507;
1275;-6.46695;
1276;-7.14684;
1277;-8.49107;
1278;-6.75333;
1279;-6.75691;
1280;-7.9567;
1281;-7.14267;
1282;-8.55309;
1283;-11.2104;
1284;-11.8169;
1285;-8.72321;
1286;-6.61673;
1287;-7.77318;
1288;-4.21733;
1289;-3.55608;
1290;-6.56975;
1291;-11.6839;
1292;-7.59671;
1293;-7.62754;
1294;-10.2689;
1295;-9.67547;
1296;-4.31123;
1297;-6.95049;
1298;-9.37426;
1299;-11.6634;
1300;-14.8676;
1301;-7.71722;
1302;-5.66488;
1303;-4.70336;
1304;-4.63512;
1305;-6.92297;
1306;-10.2615;
1307;-7.52791;
1308;-11.042;
1309;-10.0797;
1310;-6.13877;
1311;-2.56345;
1312;-0.786319;
1313;-3.37704;
1314;-6.54657;
1315;-5.28555;
1316;-7.75786;
1317;-9.8488;
1318;-14.0935;
1319;-6.31364;
1320;-4.98765;
1321;-6.57459;
1322;-6.18775;
1323;-5.78565;
1324;-8.09447;
1325;-11.4326;
1326;-6.92448;
1327;-6.58742;
1328;-5.99462;
1329;-9.15782;
1330;-11.732;
1331;-7.63585;
1332;-8.96388;
1333;-9.13327;
1334;-6.78565;
1335;-8.65278;
1336;-5.27316;
1337;-4.04188;
1338;-6.04509;
1339;-11.6695;
1340;-9.23291;
1341;-10.8728;
1342;-7.85112;
1343;-7.75573;
1344;-13.0586;
1345;-7.69769;
1346;-8.08478;
1347;-10.5838;
1348;-8.92175;
1349;-8.27544;
1350;-5.5989;
1351;-4.08526;
1352;-4.37107;
1353;-6.39969;
1354;-10.6483;
1355;-15.3393;
1356;-12.0423;
1357;-10.0974;
1358;-8.87848;
1359;-7.73627;
1360;-3.60276;
1361;-4.72283;
1362;-5.35442;
1363;-9.40598;
1364;-9.61909;
1365;-7.42353;
1366;-9.68425;
1367;-5.3764;
1368;-4.51483;
1369;-8.70779;
1370;-7.25131;
1371;-6.54044;
1372;-9.12014;
1373;-5.52947;
1374;-8.67143;
1375;-3.73005;
1376;-0.858525;
1377;-3.05502;
1378;-12.505;
1379;-5.92452;
1380;-7.11262;
1381;-6.44176;
1382;-5.99739;
1383;-8.95489;
1384;-5.2047;
1385;-4.45707;
1386;-5.78167;
1387;-7.89618;
1388;-13.4534;
1389;-9.76767;
1390;-8.36736;
1391;-7.73471;
1392;-4.43108;
1393;-10.6696;
1394;-8.81251;
1395;-6.31925;
1396;-8.24166;
1397;-11.4008;
1398;-5.55678;
1399;-4.36625;
1400;-4.89365;
1401;-6.18083;
1402;-7.45398;
1403;-10.8158;
1404;-11.4027;
1405;-11.043;
1406;-9.9329;
1407;-7.19062;
1408;-15.1996;
1409;-7.62778;
1410;-5.53691;
1411;-9.00992;
1412;-8.81098;
1413;-7.65364;
1414;-10.2688;
1415;-4.72267;
1416;-4.81149;
1417;-9.38064;
1418;-8.53915;
1419;-9.69739;
1420;-14.0885;
1421;-8.09283;
1422;-6.14808;
1423;-6.06323;
1424;-4.73603;
1425;-7.4399;
1426;-9.31131;
1427;-14.0505;
1428;-7.35402;
1429;-5.88999;
1430;-8.17109;
1431;-8.57841;
1432;-4.22372;
1433;-4.73429;
1434;-9.61738;
1435;-13.1625;
1436;-9.15045;
1437;-6.25603;
1438;-8.6174;
1439;-3.53571;
1440;-0.884189;
1441;-2.51813;
1442;-6.04;
1443;-7.02864;
1444;-9.51787;
1445;-8.0675;
1446;-5.48788;
1447;-4.97869;
1448;-5.26264;
1449;-6.03659;
1450;-6.93485;
1451;-8.28082;
1452;-9.06377;
1453;-8.66704;
1454;-11.251;
1455;-8.21493;
1456;-3.09211;
1457;-4.67279;
1458;-5.42735;
1459;-7.12292;
1460;-7.64235;
1461;-9.94424;
1462;-7.51787;
1463;-4.20045;
1464;-4.45749;
1465;-9.01655;
1466;-9.58941;
1467;-7.48947;
1468;-9.88576;
1469;-8.99938;
1470;-6.58214;
1471;-6.54452;
1472;-9.30055;
1473;-13.6328;
1474;-10.2336;
1475;-10.595;
1476;-9.37875;
1477;-6.36378;
1478;-8.24981;
1479;-9.48877;
1480;-5.22469;
1481;-5.26396;
1482;-7.57775;
1483;-13.2003;
1484;-9.01046;
1485;-7.62661;
1486;-8.21646;
1487;-7.99751;
1488;-5.62711;
1489;-7.46069;
1490;-7.46452;
1491;-8.15768;
1492;-8.47605;
1493;-9.52078;
1494;-7.93324;
1495;-5.341;
1496;-4.08257;
1497;-4.86112;
1498;-6.78814;
1499;-7.8133;
1500;-11.3605;
1501;-9.90458;
1502;-6.10613;
1503;-2.31861;
1504;-0.882228;
1505;-3.12352;
1506;-5.86397;
1507;-6.90043;
1508;-11.9552;
1509;-12.4435;
1510;-7.04312;
1511;-4.56344;
1512;-5.15742;
1513;-8.87724;
1514;-12.5679;
1515;-7.32704;
1516;-7.41173;
1517;-9.37867;
1518;-5.96312;
1519;-6.64198;
1520;-4.33752;
1521;-6.09458;
1522;-8.47721;
1523;-6.52515;
1524;-9.81257;
1525;-8.24999;
1526;-8.12017;
1527;-7.91133;
1528;-4.25493;
1529;-5.16504;
1530;-8.02651;
1531;-7.32501;
1532;-8.81969;
1533;-8.39231;
1534;-9.688;
1535;-8.69735;
1536;-7.71459;
1537;-9.86041;
1538;-7.50602;
1539;-10.5093;
1540;-12.0329;
1541;-8.53304;
1542;-8.0672;
1543;-7.12022;
1544;-5.21192;
1545;-4.71469;
1546;-6.89221;
1547;-13.4896;
1548;-8.14122;
1549;-7.81823;
1550;-6.31598;
1551;-5.04348;
1552;-3.86621;
1553;-7.74254;
1554;-7.2995;
1555;-6.78733;
1556;-10.6437;
1557;-8.40799;
1558;-6.28864;
1559;-4.75713;
1560;-4.12621;
1561;-6.47324;
1562;-6.11654;
1563;-5.77673;
1564;-9.47332;
1565;-5.34371;
1566;-6.63763;
1567;-3.04061;
1568;-1.00217;
1569;-3.70128;
1570;-9.41826;
1571;-5.38592;
1572;-9.17203;
1573;-8.46771;
1574;-10.1937;
1575;-6.5199;
1576;-4.78065;
1577;-6.60303;
1578;-6.90783;
1579;-5.94182;
1580;-7.87567;
1581;-20.5565;
1582;-9.44266;
1583;-9.60806;
1584;-6.17118;
1585;-5.35013;
1586;-6.69666;
1587;-9.14167;
1588;-11.675;
1589;-12.4373;
1590;-8.71931;
1591;-6.74785;
1592;-4.38168;
1593;-4.53468;
1594;-8.78362;
1595;-9.96362;
1596;-8.98937;
1597;-10.49;
1598;-6.68303;
1599;-7.50513;
1600;-9.34072;
1601;-7.88551;
1602;-7.91752;
1603;-13.57;
1604;-11.0046;
1605;-9.40801;
1606;-6.59845;
1607;-4.7053;
1608;-4.69701;
1609;-5.6718;
1610;-5.89917;
1611;-8.24615;
1612;-8.56646;
1613;-5.38505;
1614;-7.15144;
1615;-11.5944;
1616;-5.0228;
1617;-6.88231;
1618;-7.11398;
1619;-8.8997;
1620;-10.7684;
1621;-6.1849;
1622;-6.63421;
1623;-5.32725;
1624;-4.46489;
1625;-7.49583;
1626;-7.40083;
1627;-6.5573;
1628;-7.98205;
1629;-6.1656;
1630;-25.9356;
1631;-3.27377;
1632;-0.915733;
1633;-2.86478;
1634;-7.54827;
1635;-6.5262;
1636;-8.78053;
1637;-6.70393;
1638;-7.42994;
1639;-7.5131;
1640;-4.42808;
1641;-4.93099;
1642;-8.92777;
1643;-9.98703;
1644;-10.7043;
1645;-10.9119;
1646;-5.85909;
1647;-4.53491;
1648;-4.69039;
1649;-8.38015;
1650;-9.01148;
1651;-10.8588;
1652;-10.567;
1653;-10.8715;
1654;-8.40774;
1655;-4.71856;
1656;-4.45062;
1657;-5.92488;
1658;-6.5381;
1659;-8.36462;
1660;-11.164;
1661;-7.48178;
1662;-7.2635;
1663;-9.07248;
1664;-9.82528;
1665;-8.28672;
1666;-6.87044;
1667;-9.60587;
1668;-8.72408;
1669;-7.2999;
1670;-6.35685;
1671;-3.83375;
1672;-4.27384;
1673;-9.19161;
1674;-6.99646;
1675;-8.43131;
1676;-9.38363;
1677;-6.45787;
1678;-10.0563;
1679;-7.82889;
1680;-5.43356;
1681;-6.0166;
1682;-7.61598;
1683;-12.1914;
1684;-9.11465;
1685;-5.94369;
1686;-7.80477;
1687;-9.12262;
1688;-4.78332;
1689;-5.52975;
1690;-10.7336;
1691;-19.0645;
1692;-8.83043;
1693;-6.45911;
1694;-5.92292;
1695;-2.57206;
1696;-0.966552;
1697;-3.00523;
1698;-7.58392;
1699;-12.7504;
1700;-11.8635;
1701;-10.714;
1702;-9.31127;
1703;-4.94564;
1704;-4.06057;
1705;-5.07379;
1706;-6.28766;
1707;-7.3496;
1708;-11.1605;
1709;-11.1263;
1710;-8.56067;
1711;-6.91426;
1712;-6.60867;
1713;-10.5031;
1714;-7.73941;
1715;-6.87085;
1716;-8.46866;
1717;-10.3552;
1718;-6.57218;
1719;-3.79921;
1720;-4.54258;
1721;-9.75425;
1722;-6.6345;
1723;-7.888;
1724;-10.9031;
1725;-8.09755;
1726;-8.09876;
1727;-9.28454;
1728;-8.99419;
1729;-6.77641;
1730;-7.89041;
1731;-8.32678;
1732;-7.7687;
1733;-5.73038;
1734;-6.86931;
1735;-9.21077;
1736;-4.15899;
1737;-5.09689;
1738;-14.8304;
1739;-8.96698;
1740;-12.4042;
1741;-6.35662;
1742;-7.17244;
1743;-6.36749;
1744;-4.47455;
1745;-5.33728;
1746;-8.14671;
1747;-10.7132;
1748;-8.65345;
1749;-9.29578;
1750;-9.03117;
1751;-6.30933;
1752;-4.88872;
1753;-4.83655;
1754;-5.32275;
1755;-6.51242;
1756;-13.8019;
1757;-9.5179;
1758;-7.9651;
1759;-2.67274;
1760;-0.834135;
1761;-4.02437;
1762;-10.2636;
1763;-5.52015;
1764;-8.46031;
1765;-16.4536;
1766;-7.25546;
1767;-3.69104;
1768;-3.80772;
1769;-8.85213;
1770;-6.9754;
1771;-5.91062;
1772;-9.22795;
1773;-10.2486;
1774;-7.47196;
1775;-5.8553;
1776;-5.45823;
1777;-8.16169;
1778;-7.57338;
1779;-5.5247;
1780;-10.3837;
1781;-6.18184;
1782;-6.36027;
1783;-8.847;
1784;-4.35556;
1785;-5.47738;
1786;-9.41978;
1787;-6.82025;
1788;-8.8347;
1789;-7.72025;
1790;-8.13605;
1791;-21.4043;
1792;-10.2398;
1793;-6.4093;
1794;-7.51069;
1795;-14.6878;
1796;-11.396;
1797;-11.7982;
1798;-12.7865;
1799;-7.63391;
1800;-4.51728;
1801;-4.12088;
1802;-6.34609;
1803;-9.3804;
1804;-9.28894;
1805;-11.0445;
1806;-8.9322;
1807;-6.27031;
1808;-7.0107;
1809;-7.92092;
1810;-8.39651;
1811;-9.50088;
1812;-12.777;
1813;-8.94308;
1814;-5.2633;
1815;-3.98272;
1816;-4.9389;
1817;-9.88216;
1818;-8.25645;
1819;-6.38307;
1820;-8.16017;
1821;-6.451;
1822;-10.6808;
1823;-4.18406;
1824;-0.783077;
1825;-3.34931;
1826;-7.94274;
1827;-3.87634;
1828;-8.01821;
1829;-5.98386;
1830;-5.79731;
1831;-8.52958;
1832;-3.84806;
1833;-5.84575;
1834;-7.42106;
1835;-5.50897;
1836;-12.1969;
1837;-7.73405;
1838;-8.58321;
1839;-6.91425;
1840;-4.33414;
1841;-5.00308;
1842;-6.91565;
1843;-7.57492;
1844;-9.59551;
1845;-15.7663;
1846;-11.3143;
1847;-8.23938;
1848;-4.24829;
1849;-3.77591;
1850;-6.59531;
1851;-12.5681;
1852;-9.82895;
1853;-11.9448;
1854;-8.52494;
1855;-8.71954;
1856;-13.1266;
1857;-9.23676;
1858;-10.3993;
1859;-14.8627;
1860;-11.1118;
1861;-9.06565;
1862;-5.82982;
1863;-4.20235;
1864;-4.78893;
1865;-8.6682;
1866;-8.55266;
1867;-8.12607;
1868;-9.58556;
1869;-7.67972;
1870;-8.30326;
1871;-6.19557;
1872;-6.22131;
1873;-7.41415;
1874;-5.57642;
1875;-7.07111;
1876;-9.25081;
1877;-6.10961;
1878;-8.25546;
1879;-7.17908;
1880;-5.17861;
1881;-6.99979;
1882;-11.3561;
1883;-7.30616;
1884;-6.92256;
1885;-6.22018;
1886;-7.61163;
1887;-4.47945;
1888;-0.764517;
1889;-1.87442;
1890;-4.98552;
1891;-10.3971;
1892;-15.4897;
1893;-7.79644;
1894;-8.27675;
1895;-8.51466;
1896;-4.02658;
1897;-4.53711;
1898;-9.06547;
1899;-8.37621;
1900;-10.4444;
1901;-8.5039;
1902;-7.83771;
1903;-7.19928;
1904;-5.29529;
1905;-6.27968;
1906;-11.7951;
1907;-9.91765;
1908;-8.80429;
1909;-16.7963;
1910;-5.79703;
1911;-3.80782;
1912;-4.34697;
1913;-7.00956;
1914;-8.98531;
1915;-11.7828;
1916;-11.3474;
1917;-8.34801;
1918;-9.21058;
1919;-8.93934;
1920;-10.4291;
1921;-7.49632;
1922;-5.63988;
1923;-8.75137;
1924;-8.20887;
1925;-5.46917;
1926;-7.46414;
1927;-5.9292;
1928;-4.83248;
1929;-8.24958;
1930;-8.83374;
1931;-8.65703;
1932;-10.82;
1933;-6.47063;
1934;-6.60442;
1935;-4.73269;
1936;-3.96069;
1937;-9.6291;
1938;-7.72221;
1939;-6.3735;
1940;-6.85716;
1941;-7.24351;
1942;-12.2563;
1943;-8.44755;
1944;-5.69157;
1945;-5.20494;
1946;-6.62669;
1947;-10.322;
1948;-11.918;
1949;-11.5007;
1950;-4.51974;
1951;-2.00289;
1952;-0.665613;
1953;-3.65421;
1954;-9.62828;
1955;-11.8001;
1956;-9.75722;
1957;-9.85292;
1958;-8.55561;
1959;-4.5158;
1960;-4.10847;
1961;-6.27887;
1962;-8.77935;
1963;-9.16671;
1964;-9.38269;
1965;-12.2375;
1966;-10.1261;
1967;-7.7027;
1968;-6.07417;
1969;-6.34589;
1970;-5.69474;
1971;-7.76666;
1972;-8.24342;
1973;-7.07594;
1974;-8.07591;
1975;-5.04006;
1976;-4.79329;
1977;-8.29079;
1978;-9.40657;
1979;-9.2667;
1980;-10.5223;
1981;-8.78465;
1982;-6.11988;
1983;-6.24166;
1984;-7.31946;
1985;-6.50502;
1986;-6.34964;
1987;-13.5952;
1988;-8.21328;
1989;-6.73363;
1990;-9.59373;
1991;-8.17663;
1992;-4.7566;
1993;-5.52262;
1994;-8.39835;
1995;-9.50306;
1996;-9.85562;
1997;-5.13826;
1998;-6.41525;
1999;-10.794;
2000;-4.36963;
2001;-6.59131;
2002;-15.0138;
2003;-8.6688;
2004;-9.27344;
2005;-7.33202;
2006;-6.24454;
2007;-6.3539;
2008;-6.14128;
2009;-5.14724;
2010;-4.73011;
2011;-6.39966;
2012;-9.95541;
2013;-8.34456;
2014;-10.6651;
2015;-3.09883;
2016;-0.709805;
2017;-4.42615;
2018;-8.02659;
2019;-4.54063;
2020;-7.60436;
2021;-9.85436;
2022;-7.77185;
2023;-4.57477;
2024;-4.00575;
2025;-7.99305;
2026;-8.70812;
2027;-7.31739;
2028;-8.89462;
2029;-12.2064;
2030;-6.01713;
2031;-4.05126;
2032;-4.22146;
2033;-8.79425;
2034;-7.08406;
2035;-11.1236;
2036;-10.2201;
2037;-8.94338;
2038;-10.2753;
2039;-9.07915;
2040;-5.57234;
2041;-5.52497;
2042;-7.8956;
2043;-7.02084;
2044;-8.54068;
2045;-7.27626;
2046;-5.47963;
2047;-6.97596;
2048;-7.73944;
2049;-9.35601;
2050;-9.14281;
2051;-13.9009;
2052;-10.6981;
2053;-8.11801;
2054;-8.64737;
2055;-7.80106;
2056;-4.88461;
2057;-3.90834;
2058;-5.44665;
2059;-10.2542;
2060;-7.73419;
2061;-9.09368;
2062;-12.4887;
2063;-8.82176;
2064;-4.86302;
2065;-6.15826;
2066;-6.73357;
2067;-9.52912;
2068;-14.3417;
2069;-9.90856;
2070;-5.9779;
2071;-5.23577;
2072;-6.28589;
2073;-8.50371;
2074;-12.2496;
2075;-8.29507;
2076;-6.27282;
2077;-5.42943;
2078;-7.87626;
2079;-4.70183;
2080;-0.568131;
2081;-2.28872;
2082;-5.97824;
2083;-6.72761;
2084;-10.221;
2085;-7.74176;
2086;-7.26571;
2087;-7.61279;
2088;-4.03348;
2089;-5.49682;
2090;-7.14281;
2091;-5.00677;
2092;-8.71395;
2093;-7.44838;
2094;-6.33336;
2095;-7.84974;
2096;-5.37367;
2097;-12.3418;
2098;-9.06231;
2099;-7.97033;
2100;-13.1134;
2101;-12.0084;
2102;-10.0741;
2103;-9.88564;
2104;-5.64122;
2105;-3.8466;
2106;-5.11214;
2107;-15.9827;
2108;-7.75493;
2109;-10.3404;
2110;-8.32566;
2111;-6.57207;
2112;-9.62912;
2113;-8.90508;
2114;-8.46675;
2115;-22.9054;
2116;-10.1877;
2117;-9.44417;
2118;-5.82563;
2119;-4.37049;
2120;-4.9712;
2121;-7.40149;
2122;-12.675;
2123;-11.19;
2124;-7.98673;
2125;-6.82828;
2126;-7.07712;
2127;-7.23745;
2128;-3.77788;
2129;-5.87247;
2130;-6.87154;
2131;-9.93578;
2132;-8.91209;
2133;-8.07867;
2134;-10.4712;
2135;-7.32739;
2136;-6.33699;
2137;-8.4638;
2138;-8.68107;
2139;-6.4537;
2140;-7.11804;
2141;-12.0789;
2142;-5.00181;
2143;-2.46423;
2144;-0.577281;
2145;-3.11727;
2146;-6.21208;
2147;-11.7717;
2148;-11.9249;
2149;-8.28924;
2150;-8.5472;
2151;-8.83851;
2152;-4.49753;
2153;-3.63284;
2154;-5.59012;
2155;-10.4638;
2156;-9.64717;
2157;-20.1235;
2158;-7.88659;
2159;-6.84426;
2160;-4.66984;
2161;-8.85213;
2162;-12.5325;
2163;-8.13388;
2164;-8.89762;
2165;-10.2898;
2166;-5.37908;
2167;-4.32319;
2168;-5.21737;
2169;-7.26476;
2170;-8.60438;
2171;-13.0485;
2172;-8.76186;
2173;-7.05843;
2174;-8.31939;
2175;-7.79299;
2176;-11.4575;
2177;-10.793;
2178;-7.06447;
2179;-10.62;
2180;-8.5511;
2181;-6.9485;
2182;-11.3209;
2183;-5.79102;
2184;-5.18579;
2185;-9.33515;
2186;-7.73814;
2187;-7.05672;
2188;-11.3056;
2189;-7.22758;
2190;-6.22517;
2191;-7.32423;
2192;-5.58154;
2193;-8.91755;
2194;-8.07293;
2195;-8.16116;
2196;-7.44406;
2197;-6.90607;
2198;-9.22636;
2199;-11.936;
2200;-5.80625;
2201;-4.19229;
2202;-4.65127;
2203;-7.77536;
2204;-11.7523;
2205;-13.0186;
2206;-5.76002;
2207;-2.49761;
2208;-0.506908;
2209;-4.17596;
2210;-9.49335;
2211;-5.80786;
2212;-6.88771;
2213;-11.7738;
2214;-5.57083;
2215;-4.30674;
2216;-5.07554;
2217;-7.00823;
2218;-7.78322;
2219;-9.25798;
2220;-14.9901;
2221;-9.78488;
2222;-11.6883;
2223;-8.66902;
2224;-3.21317;
2225;-4.94975;
2226;-6.24869;
2227;-7.17626;
2228;-6.66616;
2229;-7.34636;
2230;-9.07888;
2231;-5.01318;
2232;-4.7287;
2233;-10.1981;
2234;-7.5803;
2235;-7.52637;
2236;-12.8399;
2237;-6.66123;
2238;-8.18071;
2239;-9.14415;
2240;-10.2807;
2241;-13.6805;
2242;-8.8695;
2243;-11.7527;
2244;-7.77578;
2245;-6.42026;
2246;-8.39568;
2247;-11.441;
2248;-5.81275;
2249;-4.14137;
2250;-5.24213;
2251;-10.8206;
2252;-11.5854;
2253;-9.27852;
2254;-6.19082;
2255;-5.37867;
2256;-4.79165;
2257;-8.69777;
2258;-8.54169;
2259;-7.92275;
2260;-8.37041;
2261;-7.10579;
2262;-5.24032;
2263;-4.71488;
2264;-5.15395;
2265;-5.80442;
2266;-6.42204;
2267;-8.45682;
2268;-8.15475;
2269;-7.11891;
2270;-11.01;
2271;-3.79872;
2272;-0.458903;
2273;-3.1564;
2274;-6.04704;
2275;-5.49271;
2276;-7.02448;
2277;-11.477;
2278;-7.58718;
2279;-5.21674;
2280;-5.31228;
2281;-10.402;
2282;-8.33068;
2283;-6.60001;
2284;-9.97689;
2285;-10.9279;
2286;-7.99116;
2287;-10.361;
2288;-4.9828;
2289;-5.37654;
2290;-7.93011;
2291;-10.4034;
2292;-9.04594;
2293;-7.80995;
2294;-7.13439;
2295;-9.57046;
2296;-4.65523;
2297;-4.0943;
2298;-7.64562;
2299;-10.9516;
2300;-9.33775;
2301;-7.55261;
2302;-7.0414;
2303;-11.0087;
2304;-8.58427;
2305;-11.7845;
2306;-8.07197;
2307;-8.19836;
2308;-12.3642;
2309;-6.09948;
2310;-5.4027;
2311;-6.27031;
2312;-6.14737;
2313;-5.22057;
2314;-5.64073;
2315;-9.52089;
2316;-7.92363;
2317;-7.78205;
2318;-7.69209;
2319;-4.21836;
2320;-3.36598;
2321;-11.9452;
2322;-6.73466;
2323;-6.12257;
2324;-10.4757;
2325;-15.6733;
2326;-8.62345;
2327;-5.00362;
2328;-4.75617;
2329;-7.79837;
2330;-14.3707;
2331;-8.08097;
2332;-6.88521;
2333;-8.26348;
2334;-6.61126;
2335;-3.3255;
2336;-0.493723;
2337;-2.93026;
2338;-6.82137;
2339;-9.13037;
2340;-10.3364;
2341;-8.81393;
2342;-6.48377;
2343;-9.62218;
2344;-5.27109;
2345;-4.92338;
2346;-10.3348;
2347;-7.4721;
2348;-8.39859;
2349;-11.3882;
2350;-6.71797;
2351;-7.06177;
2352;-6.4758;
2353;-6.27807;
2354;-6.4905;
2355;-8.39433;
2356;-12.4674;
2357;-8.21547;
2358;-7.02392;
2359;-6.32477;
2360;-4.7231;
2361;-4.2349;
2362;-6.48846;
2363;-15.1399;
2364;-8.18134;
2365;-10.2873;
2366;-7.68356;
2367;-8.28929;
2368;-8.27339;
2369;-6.01864;
2370;-6.39805;
2371;-12.3976;
2372;-12.2774;
2373;-10.3992;
2374;-6.49284;
2375;-5.14954;
2376;-5.68493;
2377;-7.1188;
2378;-8.1548;
2379;-9.21461;
2380;-6.96063;
2381;-5.59049;
2382;-8.14653;
2383;-9.47502;
2384;-4.78602;
2385;-7.43264;
2386;-10.2637;
2387;-8.02109;
2388;-10.7924;
2389;-6.87796;
2390;-8.21104;
2391;-8.00605;
2392;-4.89041;
2393;-6.00761;
2394;-7.3212;
2395;-6.09026;
2396;-7.74393;
2397;-11.7896;
2398;-6.42108;
2399;-2.87504;
2400;-0.398914;
2401;-3.50334;
2402;-5.88736;
2403;-6.17986;
2404;-8.71598;
2405;-13.5701;
2406;-9.08135;
2407;-7.05844;
2408;-5.26277;
2409;-4.45215;
2410;-5.99133;
2411;-11.8884;
2412;-7.41705;
2413;-13.0315;
2414;-5.68729;
2415;-3.53355;
2416;-4.34856;
2417;-7.88732;
2418;-7.2184;
2419;-12.8323;
2420;-9.59203;
2421;-11.8158;
2422;-7.25726;
2423;-4.53882;
2424;-4.85138;
2425;-6.62444;
2426;-8.05167;
2427;-11.9178;
2428;-10.7906;
2429;-7.14909;
2430;-7.39923;
2431;-11.5085;
2432;-7.97612;
2433;-9.09351;
2434;-8.36662;
2435;-14.3623;
2436;-8.07581;
2437;-6.23771;
2438;-7.74142;
2439;-5.53623;
2440;-4.82974;
2441;-8.31774;
2442;-9.00687;
2443;-7.63736;
2444;-10.5304;
2445;-7.67227;
2446;-9.91431;
2447;-9.5332;
2448;-6.88216;
2449;-6.78195;
2450;-6.26952;
2451;-6.06726;
2452;-8.5224;
2453;-7.25562;
2454;-7.73868;
2455;-7.83118;
2456;-5.01271;
2457;-5.01828;
2458;-6.36322;
2459;-8.4888;
2460;-14.539;
2461;-7.21845;
2462;-5.99742;
2463;-3.50565;
2464;-0.493582;
2465;-3.22799;
2466;-7.8015;
2467;-6.06994;
2468;-6.39973;
2469;-21.644;
2470;-6.06973;
2471;-4.58753;
2472;-5.18406;
2473;-6.00337;
2474;-5.53816;
2475;-7.16994;
2476;-10.2496;
2477;-7.08274;
2478;-7.47213;
2479;-5.59701;
2480;-5.03063;
2481;-10.6865;
2482;-8.9368;
2483;-8.85558;
2484;-9.25324;
2485;-7.88146;
2486;-8.09191;
2487;-4.86622;
2488;-5.13908;
2489;-10.4629;
2490;-7.77836;
2491;-9.08446;
2492;-11.9432;
2493;-7.97045;
2494;-10.2291;
2495;-12.8972;
2496;-9.93108;
2497;-6.90971;
2498;-6.7031;
2499;-11.5022;
2500;-8.75063;
2501;-6.59156;
2502;-9.69224;
2503;-8.22818;
2504;-4.47469;
2505;-4.70294;
2506;-8.49371;
2507;-16.9178;
2508;-11.5885;
2509;-6.09557;
2510;-5.54651;
2511;-7.01693;
2512;-5.16432;
2513;-4.83968;
2514;-7.7289;
2515;-13.4684;
2516;-11.0416;
2517;-7.75121;
2518;-6.80442;
2519;-5.2996;
2520;-4.52106;
2521;-5.41672;
2522;-6.87946;
2523;-8.17231;
2524;-7.61962;
2525;-7.11143;
2526;-7.05089;
2527;-3.52883;
2528;-0.469698;
2529;-2.76927;
2530;-6.43524;
2531;-6.79334;
2532;-7.02174;
2533;-14.6486;
2534;-5.97634;
2535;-4.35713;
2536;-4.89401;
2537;-10.4661;
2538;-7.24044;
2539;-6.2601;
2540;-11.6348;
2541;-8.8939;
2542;-10.5898;
2543;-5.80612;
2544;-5.59633;
2545;-11.2732;
2546;-7.93449;
2547;-8.92563;
2548;-10.415;
2549;-6.80967;
2550;-8.64433;
2551;-9.49707;
2552;-5.36787;
2553;-5.00262;
2554;-8.82567;
2555;-10.0499;
2556;-8.7771;
2557;-7.56515;
2558;-5.76714;
2559;-8.31831;
2560;-12.3541;
2561;-7.11175;
2562;-9.62954;
2563;-16.7688;
2564;-11.0945;
2565;-7.91105;
2566;-7.34596;
2567;-6.07649;
2568;-4.69071;
2569;-4.42753;
2570;-5.73933;
2571;-9.18084;
2572;-8.20814;
2573;-7.49549;
2574;-8.06607;
2575;-7.52722;
2576;-7.33426;
2577;-7.02443;
2578;-7.49426;
2579;-7.34423;
2580;-10.8702;
2581;-15.798;
2582;-7.80812;
2583;-4.13967;
2584;-4.18301;
2585;-10.4563;
2586;-6.80027;
2587;-5.949;
2588;-6.59037;
2589;-8.97011;
2590;-6.62568;
2591;-2.42952;
2592;-0.553626;
2593;-3.46864;
2594;-6.13077;
2595;-10.9065;
2596;-16.418;
2597;-9.64544;
2598;-8.17558;
2599;-9.59237;
2600;-5.09494;
2601;-5.00962;
2602;-12.6123;
2603;-6.90976;
2604;-8.94032;
2605;-8.04727;
2606;-6.89695;
2607;-10.9788;
2608;-4.23038;
2609;-5.09442;
2610;-9.84941;
2611;-7.24826;
2612;-10.5695;
2613;-8.74;
2614;-7.37457;
2615;-7.18286;
2616;-5.07549;
2617;-4.1135;
2618;-5.12732;
2619;-11.7826;
2620;-8.00496;
2621;-7.0996;
2622;-9.35956;
2623;-9.48116;
2624;-11.0846;
2625;-6.96137;
2626;-7.48022;
2627;-9.25245;
2628;-9.49934;
2629;-11.3567;
2630;-6.83523;
2631;-4.33743;
2632;-4.75437;
2633;-9.29155;
2634;-7.68856;
2635;-6.65109;
2636;-9.31884;
2637;-11.5806;
2638;-7.6943;
2639;-5.81522;
2640;-5.4668;
2641;-8.32256;
2642;-7.42168;
2643;-6.31994;
2644;-8.92646;
2645;-6.79739;
2646;-7.37943;
2647;-7.35255;
2648;-4.16837;
2649;-5.69397;
2650;-7.7101;
2651;-5.78326;
2652;-10.2985;
2653;-7.85716;
2654;-6.14876;
2655;-2.81053;
2656;-0.614454;
2657;-4.44649;
2658;-10.189;
2659;-5.75445;
2660;-8.64019;
2661;-12.4386;
2662;-8.91257;
2663;-8.09666;
2664;-5.66335;
2665;-4.33575;
2666;-5.35967;
2667;-9.50945;
2668;-9.13012;
2669;-11.7423;
2670;-10.7775;
2671;-10.6883;
2672;-6.15097;
2673;-5.017;
2674;-7.42669;
2675;-12.4573;
2676;-8.49414;
2677;-13.3289;
2678;-5.25046;
2679;-3.70814;
2680;-4.74074;
2681;-7.68868;
2682;-8.85958;
2683;-9.73307;
2684;-9.73199;
2685;-8.53952;
2686;-8.21585;
2687;-7.94639;
2688;-9.46779;
2689;-9.37659;
2690;-7.17274;
2691;-8.82923;
2692;-9.07475;
2693;-5.65377;
2694;-7.13711;
2695;-6.67933;
2696;-4.75793;
2697;-7.42975;
2698;-8.78522;
2699;-7.10458;
2700;-13.8881;
2701;-7.31143;
2702;-6.87586;
2703;-5.11863;
2704;-3.44946;
2705;-8.79362;
2706;-8.08022;
2707;-6.0017;
2708;-7.77016;
2709;-7.89827;
2710;-10.3234;
2711;-7.38684;
2712;-4.31696;
2713;-4.28291;
2714;-5.75659;
2715;-7.83466;
2716;-15.1314;
2717;-7.63202;
2718;-12.0648;
2719;-4.69672;
2720;-0.592063;
2721;-2.29841;
2722;-7.44529;
2723;-6.7222;
2724;-6.29345;
2725;-10.2533;
2726;-4.57684;
2727;-4.01691;
2728;-5.89247;
2729;-8.66406;
2730;-10.0186;
2731;-12.6688;
2732;-18.6815;
2733;-11.1525;
2734;-8.55634;
2735;-7.76566;
2736;-5.49401;
2737;-5.60895;
2738;-5.79861;
2739;-10.302;
2740;-7.36881;
2741;-5.99322;
2742;-7.64509;
2743;-5.44589;
2744;-5.02285;
2745;-8.36089;
2746;-10.7286;
2747;-9.50527;
2748;-14.1313;
2749;-8.12391;
2750;-6.6632;
2751;-7.51792;
2752;-8.94083;
2753;-8.34774;
2754;-6.29518;
2755;-8.34568;
2756;-8.86832;
2757;-6.86736;
2758;-12.0435;
2759;-7.08106;
2760;-4.65983;
2761;-5.05415;
2762;-6.4481;
2763;-10.2354;
2764;-9.16389;
2765;-6.33625;
2766;-7.96117;
2767;-8.85214;
2768;-4.6147;
2769;-7.14795;
2770;-13.0212;
2771;-11.1656;
2772;-9.29047;
2773;-7.91553;
2774;-5.70577;
2775;-4.16998;
2776;-4.37552;
2777;-6.92471;
2778;-10.7619;
2779;-9.67863;
2780;-7.60184;
2781;-9.47153;
2782;-7.41079;
2783;-2.92825;
2784;-0.712159;
2785;-2.50075;
2786;-4.71276;
2787;-9.58842;
2788;-8.90978;
2789;-8.72255;
2790;-7.88556;
2791;-5.21648;
2792;-5.44725;
2793;-9.54563;
2794;-10.7885;
2795;-8.48821;
2796;-8.40799;
2797;-11.7942;
2798;-6.55823;
2799;-4.02199;
2800;-3.07976;
2801;-6.62969;
2802;-6.12314;
2803;-9.38451;
2804;-9.70143;
2805;-8.46224;
2806;-16.1759;
2807;-7.67076;
2808;-5.61552;
2809;-5.01987;
2810;-6.77306;
2811;-11.3628;
2812;-9.03857;
2813;-7.34972;
2814;-5.81376;
2815;-7.20924;
2816;-8.89434;
2817;-11.9134;
2818;-17.0613;
2819;-15.9744;
2820;-10.2241;
2821;-6.74976;
2822;-6.15316;
2823;-5.4179;
2824;-4.63431;
2825;-5.41495;
2826;-7.90159;
2827;-10.0585;
2828;-8.20996;
2829;-8.93774;
2830;-12.3995;
2831;-9.30727;
2832;-5.68803;
2833;-8.96476;
2834;-6.276;
2835;-5.60404;
2836;-9.5291;
2837;-9.78218;
2838;-7.4286;
2839;-5.34538;
2840;-4.40303;
2841;-8.39987;
2842;-7.491;
2843;-5.80544;
2844;-8.78334;
2845;-11.4198;
2846;-5.57137;
2847;-1.8062;
2848;-0.678357;
2849;-5.29641;
2850;-6.50169;
2851;-6.02151;
2852;-15.5786;
2853;-9.71601;
2854;-15.506;
2855;-7.10102;
2856;-5.24277;
2857;-5.32189;
2858;-7.33967;
2859;-6.84528;
2860;-6.88473;
2861;-8.31016;
2862;-5.29515;
2863;-5.18863;
2864;-4.40187;
2865;-9.42623;
2866;-13.2007;
2867;-9.55979;
2868;-17.4961;
2869;-8.11091;
2870;-7.22065;
2871;-7.53401;
2872;-5.65532;
2873;-4.74085;
2874;-6.10793;
2875;-13.8125;
2876;-7.12572;
2877;-7.493;
2878;-15.4082;
2879;-8.40495;
2880;-7.8819;
2881;-9.88507;
2882;-6.57316;
2883;-7.69315;
2884;-12.2811;
2885;-9.39435;
2886;-7.98761;
2887;-4.78062;
2888;-4.45978;
2889;-8.16438;
2890;-9.94618;
2891;-6.89461;
2892;-7.44441;
2893;-8.31872;
2894;-6.80526;
2895;-6.4699;
2896;-3.95774;
2897;-5.0174;
2898;-5.5471;
2899;-8.21678;
2900;-15.1882;
2901;-7.81885;
2902;-7.12757;
2903;-7.39397;
2904;-4.53698;
2905;-6.29526;
2906;-7.53133;
2907;-4.95255;
2908;-11.9245;
2909;-5.64033;
2910;-6.58937;
2911;-4.6303;
2912;-0.825555;
2913;-3.04099;
2914;-17.7321;
2915;-4.94855;
2916;-7.21301;
2917;-9.36295;
2918;-6.88821;
2919;-7.66616;
2920;-5.40677;
2921;-4.23754;
2922;-4.99103;
2923;-9.96675;
2924;-7.71978;
2925;-8.21599;
2926;-10.6149;
2927;-5.82833;
2928;-4.89415;
2929;-13.8277;
2930;-8.25216;
2931;-12.6579;
2932;-9.93925;
2933;-9.23579;
2934;-7.42202;
2935;-4.69866;
2936;-5.03772;
2937;-8.32512;
2938;-10.5087;
2939;-11.1052;
2940;-9.92365;
2941;-7.536;
2942;-6.96116;
2943;-7.74884;
2944;-9.43325;
2945;-8.56853;
2946;-7.01305;
2947;-7.68824;
2948;-9.30739;
2949;-5.95645;
2950;-7.61887;
2951;-6.27134;
2952;-4.40961;
2953;-7.57118;
2954;-7.48632;
2955;-5.95989;
2956;-12.2427;
2957;-6.34373;
2958;-5.24083;
2959;-6.48992;
2960;-5.2607;
2961;-8.44171;
2962;-7.28415;
2963;-8.8785;
2964;-9.6334;
2965;-7.70547;
2966;-10.2665;
2967;-8.43448;
2968;-4.41658;
2969;-4.44024;
2970;-7.50308;
2971;-9.38157;
2972;-8.54373;
2973;-7.58379;
2974;-13.5474;
2975;-3.9109;
2976;-0.849691;
2977;-2.11482;
2978;-6.25422;
2979;-8.59127;
2980;-7.30729;
2981;-13.8908;
2982;-5.65245;
2983;-4.37055;
2984;-5.50015;
2985;-8.17845;
2986;-10.7542;
2987;-12.7388;
2988;-12.2213;
2989;-7.79624;
2990;-8.28433;
2991;-11.8963;
2992;-3.94756;
2993;-5.36512;
2994;-7.10363;
2995;-9.55164;
2996;-8.89785;
2997;-6.28046;
2998;-7.65111;
2999;-5.34127;
3000;-4.50943;
3001;-9.70587;
3002;-7.03898;
3003;-6.83242;
3004;-11.1824;
3005;-5.21555;
3006;-6.25216;
3007;-12.3546;
3008;-14.4121;
3009;-9.86102;
3010;-7.04421;
3011;-9.519;
3012;-8.44452;
3013;-6.23397;
3014;-9.10773;
3015;-8.94739;
3016;-4.90422;
3017;-4.15416;
3018;-5.47284;
3019;-9.44393;
3020;-14.6289;
3021;-10.5988;
3022;-7.79436;
3023;-6.40437;
3024;-4.60582;
3025;-7.13873;
3026;-10.2632;
3027;-8.23235;
3028;-7.64197;
3029;-9.69942;
3030;-8.55268;
3031;-4.34474;
3032;-3.89545;
3033;-6.84833;
3034;-10.181;
3035;-10.6702;
3036;-8.8765;
3037;-10.4382;
3038;-5.82027;
3039;-1.83817;
3040;-0.879051;
3041;-3.93181;
3042;-7.25622;
3043;-9.94176;
3044;-10.0354;
3045;-8.11453;
3046;-11.4621;
3047;-5.318;
3048;-5.32956;
3049;-11.5186;
3050;-7.43439;
3051;-6.3661;
3052;-9.56711;
3053;-7.69125;
3054;-6.20891;
3055;-8.88236;
3056;-5.97757;
3057;-5.65928;
3058;-6.63924;
3059;-10.4046;
3060;-8.71517;
3061;-6.51381;
3062;-7.40147;
3063;-7.38582;
3064;-4.26304;
3065;-3.80614;
3066;-6.06509;
3067;-16.114;
3068;-9.1735;
3069;-7.60761;
3070;-7.73865;
3071;-10.8565;
3072;-11.6126;
3073;-9.3419;
3074;-10.1096;
3075;-12.6301;
3076;-9.63174;
3077;-7.07485;
3078;-6.25493;
3079;-5.30106;
3080;-5.15279;
3081;-6.48289;
3082;-8.98743;
3083;-9.84349;
3084;-9.69361;
3085;-9.1779;
3086;-8.39836;
3087;-5.98799;
3088;-3.68001;
3089;-6.82698;
3090;-8.60661;
3091;-5.21889;
3092;-8.37177;
3093;-9.287;
3094;-8.29849;
3095;-5.09448;
3096;-3.71053;
3097;-8.37782;
3098;-5.45914;
3099;-4.52358;
3100;-11.2966;
3101;-5.98585;
3102;-8.93809;
3103;-2.97038;
3104;-0.944477;
3105;-4.07353;
3106;-9.83793;
3107;-5.84352;
3108;-10.6457;
3109;-8.72556;
3110;-7.24609;
3111;-7.0695;
3112;-5.05871;
3113;-4.09975;
3114;-5.89272;
3115;-9.98989;
3116;-8.51852;
3117;-10.0598;
3118;-6.68243;
3119;-7.58869;
3120;-5.29037;
3121;-4.65387;
3122;-7.64213;
3123;-8.6165;
3124;-9.23399;
3125;-7.27743;
3126;-6.21508;
3127;-5.4565;
3128;-4.04459;
3129;-5.05879;
3130;-10.0554;
3131;-11.3599;
3132;-8.85445;
3133;-8.14821;
3134;-10.3086;
3135;-13.4204;
3136;-7.68607;
3137;-8.35617;
3138;-7.20974;
3139;-7.68757;
3140;-12.0447;
3141;-10.5483;
3142;-9.16104;
3143;-5.84148;
3144;-4.93531;
3145;-7.94537;
3146;-6.71482;
3147;-5.68404;
3148;-8.80238;
3149;-7.69376;
3150;-8.50862;
3151;-9.62624;
3152;-5.55864;
3153;-5.93597;
3154;-7.60128;
3155;-7.14059;
3156;-11.0249;
3157;-7.30323;
3158;-5.58612;
3159;-7.6551;
3160;-3.96533;
3161;-4.0979;
3162;-9.26409;
3163;-6.37427;
3164;-9.34264;
3165;-6.42031;
3166;-8.78134;
3167;-4.20947;
3168;-0.877138;
3169;-2.81446;
3170;-7.82776;
3171;-4.86426;
3172;-8.8064;
3173;-7.10396;
3174;-5.64705;
3175;-6.44799;
3176;-4.67543;
3177;-4.81109;
3178;-7.32832;
3179;-9.86196;
3180;-8.29786;
3181;-11.2703;
3182;-8.09539;
3183;-4.96021;
3184;-3.92244;
3185;-5.10793;
3186;-6.8121;
3187;-8.7991;
3188;-10.1116;
3189;-9.03286;
3190;-12.841;
3191;-5.13247;
3192;-4.17158;
3193;-6.77121;
3194;-8.63478;
3195;-7.76247;
3196;-9.99057;
3197;-9.23814;
3198;-7.9403;
3199;-9.04162;
3200;-7.12563;
3201;-7.80266;
3202;-7.93675;
3203;-11.3984;
3204;-10.6671;
3205;-5.89064;
3206;-5.70953;
3207;-6.23548;
3208;-4.38181;
3209;-5.79976;
3210;-9.20138;
3211;-6.62531;
3212;-9.31731;
3213;-6.56587;
3214;-7.705;
3215;-10.5476;
3216;-7.20253;
3217;-7.66245;
3218;-6.27517;
3219;-6.37064;
3220;-9.65615;
3221;-7.85875;
3222;-7.94581;
3223;-6.30587;
3224;-4.44832;
3225;-4.87775;
3226;-8.239;
3227;-11.4671;
3228;-8.32982;
3229;-8.11347;
3230;-7.90188;
3231;-3.09718;
3232;-0.987961;
3233;-2.34848;
3234;-5.76176;
3235;-15.1012;
3236;-9.19055;
3237;-9.41331;
3238;-9.2062;
3239;-4.61879;
3240;-4.18309;
3241;-6.25284;
3242;-8.68973;
3243;-13.2117;
3244;-11.1607;
3245;-9.41676;
3246;-7.67844;
3247;-5.23976;
3248;-5.28141;
3249;-8.90332;
3250;-10.5997;
3251;-10.1571;
3252;-10.1518;
3253;-5.96376;
3254;-6.83684;
3255;-5.54093;
3256;-4.49885;
3257;-7.21956;
3258;-8.32245;
3259;-8.73874;
3260;-11.2465;
3261;-6.49791;
3262;-7.51602;
3263;-12.094;
3264;-9.79391;
3265;-6.86754;
3266;-5.69123;
3267;-8.49055;
3268;-8.7559;
3269;-6.5347;
3270;-9.90252;
3271;-6.7822;
3272;-4.12502;
3273;-4.72701;
3274;-8.08194;
3275;-11.3282;
3276;-9.08933;
3277;-6.50014;
3278;-7.08559;
3279;-6.44078;
3280;-4.46015;
3281;-4.71485;
3282;-6.57817;
3283;-8.97106;
3284;-9.45867;
3285;-10.6046;
3286;-8.53758;
3287;-5.06125;
3288;-4.81772;
3289;-6.70882;
3290;-7.34661;
3291;-8.58291;
3292;-9.6779;
3293;-9.60356;
3294;-6.29874;
3295;-2.22236;
3296;-0.899126;
3297;-3.71254;
3298;-13.2319;
3299;-7.19082;
3300;-11.6421;
3301;-7.49581;
3302;-8.08571;
3303;-4.62728;
3304;-3.77529;
3305;-7.75902;
3306;-7.71768;
3307;-7.50522;
3308;-9.28515;
3309;-6.38911;
3310;-8.6169;
3311;-5.8434;
3312;-6.59278;
3313;-11.4709;
3314;-6.12798;
3315;-8.3632;
3316;-9.02421;
3317;-5.81284;
3318;-8.78953;
3319;-8.51809;
3320;-4.7957;
3321;-4.82017;
3322;-7.36718;
3323;-14.514;
3324;-10.5712;
3325;-6.98254;
3326;-6.11348;
3327;-8.31182;
3328;-11.4531;
3329;-8.03776;
3330;-8.13599;
3331;-8.25046;
3332;-8.2341;
3333;-8.70166;
3334;-8.3852;
3335;-5.3675;
3336;-4.12401;
3337;-5.05642;
3338;-7.75152;
3339;-9.64145;
3340;-10.8649;
3341;-10.4136;
3342;-6.35057;
3343;-4.7141;
3344;-5.99821;
3345;-9.5982;
3346;-9.51761;
3347;-7.95863;
3348;-9.55322;
3349;-12.8459;
3350;-6.52146;
3351;-4.92977;
3352;-5.03304;
3353;-9.18189;
3354;-7.46789;
3355;-5.51964;
3356;-11.2637;
3357;-8.21096;
3358;-15.6749;
3359;-3.77018;
3360;-0.914807;
3361;-2.90214;
3362;-6.60136;
3363;-5.12948;
3364;-8.77375;
3365;-6.56785;
3366;-7.36915;
3367;-8.05866;
3368;-3.7882;
3369;-4.42795;
3370;-8.32481;
3371;-7.49394;
3372;-8.19231;
3373;-6.42027;
3374;-6.22565;
3375;-8.53611;
3376;-4.90569;
3377;-4.81683;
3378;-8.19288;
3379;-15.711;
3380;-12.689;
3381;-8.15315;
3382;-7.30798;
3383;-6.49965;
3384;-4.69903;
3385;-4.64965;
3386;-6.68769;
3387;-14.1723;
3388;-8.56165;
3389;-6.57291;
3390;-6.62947;
3391;-7.39722;
3392;-10.182;
3393;-9.33135;
3394;-9.04224;
3395;-8.67344;
3396;-11.11;
3397;-10.2849;
3398;-8.12849;
3399;-4.95814;
3400;-4.39446;
3401;-8.1133;
3402;-6.95103;
3403;-5.44034;
3404;-9.03808;
3405;-13.9901;
3406;-10.1092;
3407;-6.17576;
3408;-4.87693;
3409;-7.39206;
3410;-5.88835;
3411;-7.00706;
3412;-13.3832;
3413;-10.6337;
3414;-9.55069;
3415;-8.15966;
3416;-5.35439;
3417;-5.01165;
3418;-9.77466;
3419;-8.39893;
3420;-7.60356;
3421;-7.97996;
3422;-5.51598;
3423;-3.41599;
3424;-0.829548;
3425;-2.14031;
3426;-6.84157;
3427;-8.07446;
3428;-8.27179;
3429;-11.7415;
3430;-8.12007;
3431;-6.50855;
3432;-4.08135;
3433;-4.3363;
3434;-6.612;
3435;-9.2028;
3436;-10.8658;
3437;-7.79544;
3438;-7.63559;
3439;-8.65342;
3440;-7.55887;
3441;-7.0932;
3442;-8.08862;
3443;-13.9933;
3444;-10.4683;
3445;-10.1304;
3446;-7.39831;
3447;-4.40203;
3448;-4.37224;
3449;-6.54067;
3450;-6.19893;
3451;-6.69452;
3452;-9.79956;
3453;-9.74736;
3454;-10.6193;
3455;-7.57608;
3456;-9.27083;
3457;-10.5555;
3458;-7.11469;
3459;-8.02343;
3460;-10.2332;
3461;-7.20446;
3462;-7.69606;
3463;-7.33255;
3464;-4.86752;
3465;-5.81468;
3466;-10.7217;
3467;-7.61167;
3468;-10.5113;
3469;-7.45651;
3470;-5.97526;
3471;-6.02383;
3472;-3.65783;
3473;-7.27477;
3474;-11.7168;
3475;-6.60446;
3476;-7.90373;
3477;-11.3191;
3478;-8.20391;
3479;-6.88928;
3480;-5.56701;
3481;-4.55334;
3482;-4.95919;
3483;-7.55546;
3484;-6.80378;
3485;-7.87492;
3486;-6.13654;
3487;-2.11446;
3488;-0.721428;
3489;-3.96622;
3490;-8.3953;
3491;-9.79524;
3492;-13.9183;
3493;-11.2926;
3494;-8.23298;
3495;-4.17512;
3496;-4.21359;
3497;-6.57396;
3498;-7.02898;
3499;-9.77251;
3500;-12.9546;
3501;-12.5526;
3502;-9.10751;
3503;-7.0128;
3504;-4.47694;
3505;-5.37186;
3506;-6.82402;
3507;-13.6639;
3508;-7.73812;
3509;-6.30072;
3510;-6.10969;
3511;-5.32636;
3512;-4.57115;
3513;-6.50015;
3514;-15.8028;
3515;-9.672;
3516;-11.7995;
3517;-6.23782;
3518;-6.35854;
3519;-10.4117;
3520;-10.2289;
3521;-16.3444;
3522;-8.34189;
3523;-7.85035;
3524;-7.63379;
3525;-7.42022;
3526;-10.5255;
3527;-7.10933;
3528;-5.25002;
3529;-5.20431;
3530;-5.94467;
3531;-7.94745;
3532;-14.073;
3533;-9.67388;
3534;-9.15482;
3535;-16.0017;
3536;-5.29986;
3537;-6.42576;
3538;-8.63866;
3539;-7.00858;
3540;-6.60295;
3541;-10.7762;
3542;-5.31735;
3543;-4.16362;
3544;-5.74601;
3545;-6.9881;
3546;-5.66801;
3547;-7.32415;
3548;-13.2799;
3549;-7.67552;
3550;-9.0615;
3551;-3.09539;
3552;-0.741164;
3553;-4.11754;
3554;-10.6303;
3555;-5.95846;
3556;-9.38961;
3557;-6.34951;
3558;-6.03169;
3559;-4.78921;
3560;-4.25573;
3561;-7.72946;
3562;-10.6546;
3563;-9.08415;
3564;-8.94815;
3565;-7.66734;
3566;-6.31151;
3567;-4.76086;
3568;-3.15825;
3569;-5.48127;
3570;-6.53891;
3571;-12.5629;
3572;-7.66995;
3573;-7.93304;
3574;-18.0662;
3575;-6.93249;
3576;-4.87634;
3577;-4.64584;
3578;-6.16165;
3579;-11.0127;
3580;-10.6441;
3581;-7.94861;
3582;-8.15652;
3583;-11.2509;
3584;-8.97746;
3585;-10.8887;
3586;-10.3927;
3587;-9.5158;
3588;-8.8603;
3589;-7.82484;
3590;-5.73618;
3591;-4.80339;
3592;-5.26973;
3593;-6.20421;
3594;-6.77179;
3595;-7.93348;
3596;-9.76045;
3597;-9.60029;
3598;-9.86653;
3599;-15.1312;
3600;-4.52062;
3601;-5.99979;
3602;-6.78075;
3603;-6.25211;
3604;-8.67403;
3605;-8.79505;
3606;-5.17003;
3607;-5.39774;
3608;-6.0542;
3609;-8.13951;
3610;-8.51808;
3611;-6.26888;
3612;-9.14855;
3613;-7.6973;
3614;-9.0067;
3615;-4.3039;
3616;-0.621775;
3617;-2.22478;
3618;-5.23747;
3619;-6.75913;
3620;-7.70367;
3621;-8.53388;
3622;-11.0104;
3623;-6.5969;
3624;-4.29336;
3625;-4.69882;
3626;-6.74243;
3627;-9.72443;
3628;-8.7923;
3629;-7.96902;
3630;-7.75776;
3631;-6.32144;
3632;-4.29794;
3633;-10.4802;
3634;-17.5561;
3635;-11.7412;
3636;-9.5833;
3637;-7.81587;
3638;-6.50555;
3639;-5.66996;
3640;-5.28041;
3641;-5.45039;
3642;-6.65459;
3643;-8.85771;
3644;-8.46044;
3645;-8.20583;
3646;-9.17369;
3647;-8.96477;
3648;-7.82587;
3649;-11.6188;
3650;-6.61868;
3651;-6.4239;
3652;-12.0421;
3653;-7.80819;
3654;-5.62583;
3655;-5.07646;
3656;-5.02391;
3657;-7.32896;
3658;-9.13575;
3659;-6.48344;
3660;-7.21888;
3661;-8.81476;
3662;-8.93738;
3663;-8.13827;
3664;-3.41221;
3665;-4.18613;
3666;-4.92554;
3667;-9.14731;
3668;-15.1417;
3669;-18.8739;
3670;-8.57347;
3671;-7.11486;
3672;-6.14334;
3673;-5.43821;
3674;-8.16141;
3675;-8.81718;
3676;-6.26618;
3677;-10.3197;
3678;-5.28441;
3679;-2.23677;
3680;-0.671938;
3681;-3.74404;
3682;-9.74919;
3683;-10.89;
3684;-12.5783;
3685;-10.9984;
3686;-7.92001;
3687;-5.71113;
3688;-4.31584;
3689;-4.50233;
3690;-6.98418;
3691;-12.8842;
3692;-8.02744;
3693;-8.18043;
3694;-9.65356;
3695;-7.60678;
3696;-5.83519;
3697;-15.9211;
3698;-7.53088;
3699;-7.89081;
3700;-13.5732;
3701;-6.40983;
3702;-5.71082;
3703;-5.25565;
3704;-5.28683;
3705;-7.84769;
3706;-7.35563;
3707;-7.40571;
3708;-8.20857;
3709;-7.13212;
3710;-8.14993;
3711;-7.2037;
3712;-9.40001;
3713;-7.82841;
3714;-5.44845;
3715;-7.01071;
3716;-9.70476;
3717;-8.31582;
3718;-8.82451;
3719;-6.08785;
3720;-5.01654;
3721;-6.29814;
3722;-9.93407;
3723;-7.45922;
3724;-8.13056;
3725;-8.91716;
3726;-5.30537;
3727;-4.9251;
3728;-4.32298;
3729;-10.3828;
3730;-11.3231;
3731;-9.44617;
3732;-9.20159;
3733;-9.95647;
3734;-7.95487;
3735;-6.93161;
3736;-5.97898;
3737;-5.27838;
3738;-5.86851;
3739;-8.9295;
3740;-7.73592;
3741;-7.25413;
3742;-8.63696;
3743;-2.74889;
3744;-0.560494;
3745;-4.89345;
3746;-9.12013;
3747;-6.16312;
3748;-11.0123;
3749;-6.62682;
3750;-5.95308;
3751;-4.26079;
3752;-4.40128;
3753;-7.33859;
3754;-7.17128;
3755;-10.4971;
3756;-9.38983;
3757;-7.90139;
3758;-8.39882;
3759;-8.04125;
3760;-4.63352;
3761;-4.41327;
3762;-5.21327;
3763;-11.2471;
3764;-8.95563;
3765;-6.7765;
3766;-6.55077;
3767;-5.50999;
3768;-4.98936;
3769;-8.31828;
3770;-10.0117;
3771;-8.37711;
3772;-9.07673;
3773;-5.07732;
3774;-5.93669;
3775;-12.737;
3776;-11.7304;
3777;-12.7836;
3778;-9.54538;
3779;-9.86247;
3780;-8.07559;
3781;-7.0661;
3782;-9.73136;
3783;-7.38276;
3784;-5.26375;
3785;-5.08422;
3786;-6.1853;
3787;-8.44084;
3788;-10.2067;
3789;-14.5188;
3790;-9.32932;
3791;-5.92969;
3792;-5.45609;
3793;-8.31941;
3794;-7.39485;
3795;-7.36022;
3796;-8.32255;
3797;-16.5083;
3798;-6.86718;
3799;-4.63395;
3800;-5.36981;
3801;-7.25044;
3802;-8.1271;
3803;-10.346;
3804;-14.8937;
3805;-8.03271;
3806;-9.89407;
3807;-5.26453;
3808;-0.522774;
3809;-2.09991;
3810;-5.48348;
3811;-6.72568;
3812;-6.70741;
3813;-7.08172;
3814;-5.83325;
3815;-5.0575;
3816;-4.63831;
3817;-8.56713;
3818;-8.10001;
3819;-6.87512;
3820;-13.4065;
3821;-5.46687;
3822;-5.686;
3823;-9.58484;
3824;-5.54449;
3825;-6.1127;
3826;-7.15271;
3827;-15.3187;
3828;-7.1201;
3829;-6.52115;
3830;-12.1934;
3831;-7.07296;
3832;-4.60669;
3833;-4.76546;
3834;-7.01003;
3835;-12.2318;
3836;-12.6;
3837;-9.78811;
3838;-10.7605;
3839;-12.7776;
3840;-12.2439;
3841;-8.31603;
3842;-8.03103;
3843;-7.55048;
3844;-8.11019;
3845;-10.2323;
3846;-6.91342;
3847;-5.21814;
3848;-5.54932;
3849;-7.04106;
3850;-7.15217;
3851;-7.71363;
3852;-11.8391;
3853;-10.0484;
3854;-6.97052;
3855;-4.71689;
3856;-4.53591;
3857;-8.9824;
3858;-7.48136;
3859;-7.41705;
3860;-10.1411;
3861;-10.3017;
3862;-7.77874;
3863;-4.6815;
3864;-4.83606;
3865;-8.83729;
3866;-9.89216;
3867;-6.3165;
3868;-7.43499;
3869;-13.0325;
3870;-5.21428;
3871;-3.18271;
3872;-0.500206;
3873;-2.3861;
3874;-5.37701;
3875;-8.9246;
3876;-7.21446;
3877;-8.74217;
3878;-7.74862;
3879;-7.80158;
3880;-4.91308;
3881;-4.38671;
3882;-7.31417;
3883;-13.1015;
3884;-11.0988;
3885;-10.95;
3886;-9.26984;
3887;-8.3143;
3888;-5.24439;
3889;-5.05393;
3890;-8.27152;
3891;-12.472;
3892;-10.3023;
3893;-9.01866;
3894;-7.64959;
3895;-5.46142;
3896;-4.4159;
3897;-5.63033;
3898;-9.78073;
3899;-10.5657;
3900;-8.97196;
3901;-7.75931;
3902;-7.28742;
3903;-8.3686;
3904;-8.74514;
3905;-7.94876;
3906;-7.40426;
3907;-8.52227;
3908;-12.1978;
3909;-10.1191;
3910;-6.71815;
3911;-5.49774;
3912;-5.47128;
3913;-8.56513;
3914;-6.80728;
3915;-5.19701;
3916;-8.9422;
3917;-7.49273;
3918;-7.00461;
3919;-14.5417;
3920;-6.88275;
3921;-8.21254;
3922;-7.34568;
3923;-5.97221;
3924;-10.5706;
3925;-10.3452;
3926;-9.65205;
3927;-6.73025;
3928;-4.79344;
3929;-4.40348;
3930;-5.17079;
3931;-7.9914;
3932;-6.69154;
3933;-9.13893;
3934;-5.90378;
3935;-2.30278;
3936;-0.416852;
3937;-4.05346;
3938;-8.4677;
3939;-12.5369;
3940;-11.45;
3941;-11.1695;
3942;-9.00519;
3943;-6.38336;
3944;-5.03625;
3945;-5.47185;
3946;-8.7979;
3947;-10.9294;
3948;-8.43937;
3949;-10.4632;
3950;-5.97951;
3951;-3.81511;
3952;-4.07037;
3953;-6.57124;
3954;-8.35939;
3955;-9.14324;
3956;-10.7371;
3957;-9.20936;
3958;-8.60374;
3959;-5.51275;
3960;-4.67842;
3961;-6.68773;
3962;-7.05276;
3963;-6.04476;
3964;-8.0478;
3965;-7.33101;
3966;-7.15287;
3967;-10.0406;
3968;-7.89112;
3969;-8.68034;
3970;-6.7377;
3971;-8.30413;
3972;-12.2506;
3973;-8.05721;
3974;-6.77697;
3975;-5.99243;
3976;-5.07658;
3977;-5.22678;
3978;-6.88765;
3979;-6.78696;
3980;-8.14742;
3981;-8.87064;
3982;-7.67535;
3983;-13.0739;
3984;-5.90583;
3985;-5.76737;
3986;-9.13473;
3987;-5.98578;
3988;-8.71175;
3989;-7.34179;
3990;-5.31629;
3991;-6.09161;
3992;-4.86995;
3993;-5.36171;
3994;-7.19439;
3995;-7.70715;
3996;-8.39777;
3997;-6.89995;
3998;-9.4756;
3999;-3.79764;
