0;1;
1e-05;0.999822;
2e-05;0.999289;
3e-05;0.998401;
4e-05;0.997158;
5e-05;0.995561;
6e-05;0.99361;
7e-05;0.991306;
8e-05;0.98865;
9e-05;0.985642;
0.0001;0.982284;
0.00011;0.978577;
0.00012;0.974523;
0.00013;0.970122;
0.00014;0.965376;
0.00015;0.960287;
0.00016;0.954857;
0.00017;0.949088;
0.00018;0.942981;
0.00019;0.936539;
0.0002;0.929765;
0.00021;0.92266;
0.00022;0.915227;
0.00023;0.907469;
0.00024;0.899389;
0.00025;0.890989;
0.00026;0.882272;
0.00027;0.873242;
0.00028;0.863901;
0.00029;0.854254;
0.0003;0.844303;
0.00031;0.834052;
0.00032;0.823504;
0.00033;0.812664;
0.00034;0.801535;
0.00035;0.790122;
0.00036;0.778427;
0.00037;0.766456;
0.00038;0.754213;
0.00039;0.741701;
0.0004;0.728926;
0.00041;0.715892;
0.00042;0.702604;
0.00043;0.689065;
0.00044;0.675282;
0.00045;0.66126;
0.00046;0.647002;
0.00047;0.632514;
0.00048;0.617801;
0.00049;0.602869;
0.0005;0.587723;
0.00051;0.572368;
0.00052;0.556809;
0.00053;0.541053;
0.00054;0.525104;
0.00055;0.508969;
0.00056;0.492652;
0.00057;0.476161;
0.00058;0.459501;
0.00059;0.442677;
0.0006;0.425696;
0.00061;0.408564;
0.00062;0.391286;
0.00063;0.37387;
0.00064;0.35632;
0.00065;0.338645;
0.00066;0.320848;
0.00067;0.302938;
0.00068;0.28492;
0.00069;0.266801;
0.0007;0.248587;
0.00071;0.230284;
0.00072;0.2119;
0.00073;0.193441;
0.00074;0.174913;
0.00075;0.156322;
0.00076;0.137676;
0.00077;0.118982;
0.00078;0.100245;
0.00079;0.0814719;
0.0008;0.0626703;
0.00081;0.0438464;
0.00082;0.025007;
0.00083;0.0061586;
0.00084;-0.0126919;
0.00085;-0.031538;
0.00086;-0.0503728;
0.00087;-0.0691897;
0.00088;-0.087982;
0.00089;-0.106743;
0.0009;-0.125466;
0.00091;-0.144145;
0.00092;-0.162772;
0.00093;-0.181341;
0.00094;-0.199846;
0.00095;-0.21828;
0.00096;-0.236637;
0.00097;-0.254909;
0.00098;-0.273091;
0.00099;-0.291176;
0.001;-0.309157;
0.00101;-0.327028;
0.00102;-0.344783;
0.00103;-0.362416;
0.00104;-0.37992;
0.00105;-0.397289;
0.00106;-0.414516;
0.00107;-0.431596;
0.00108;-0.448523;
0.00109;-0.465291;
0.0011;-0.481893;
0.00111;-0.498324;
0.00112;-0.514578;
0.00113;-0.530649;
0.00114;-0.546532;
0.00115;-0.56222;
0.00116;-0.577709;
0.00117;-0.592992;
0.00118;-0.608064;
0.00119;-0.622921;
0.0012;-0.637556;
0.00121;-0.651964;
0.00122;-0.666141;
0.00123;-0.680081;
0.00124;-0.69378;
0.00125;-0.707232;
0.00126;-0.720432;
0.00127;-0.733377;
0.00128;-0.746061;
0.00129;-0.75848;
0.0013;-0.770629;
0.00131;-0.782505;
0.00132;-0.794102;
0.00133;-0.805418;
0.00134;-0.816447;
0.00135;-0.827186;
0.00136;-0.837631;
0.00137;-0.847779;
0.00138;-0.857625;
0.00139;-0.867166;
0.0014;-0.876399;
0.00141;-0.885321;
0.00142;-0.893929;
0.00143;-0.902218;
0.00144;-0.910187;
0.00145;-0.917833;
0.00146;-0.925153;
0.00147;-0.932143;
0.00148;-0.938803;
0.00149;-0.945129;
0.0015;-0.951119;
0.00151;-0.956771;
0.00152;-0.962083;
0.00153;-0.967054;
0.00154;-0.97168;
0.00155;-0.975962;
0.00156;-0.979897;
0.00157;-0.983483;
0.00158;-0.98672;
0.00159;-0.989606;
0.0016;-0.992141;
0.00161;-0.994323;
0.00162;-0.996152;
0.00163;-0.997627;
0.00164;-0.998748;
0.00165;-0.999513;
0.00166;-0.999924;
0.00167;-0.999979;
0.00168;-0.999679;
0.00169;-0.999023;
0.0017;-0.998013;
0.00171;-0.996648;
0.00172;-0.994929;
0.00173;-0.992856;
0.00174;-0.990431;
0.00175;-0.987653;
0.00176;-0.984525;
0.00177;-0.981047;
0.00178;-0.97722;
0.00179;-0.973047;
0.0018;-0.968527;
0.00181;-0.963663;
0.00182;-0.958457;
0.00183;-0.95291;
0.00184;-0.947025;
0.00185;-0.940803;
0.00186;-0.934247;
0.00187;-0.927359;
0.00188;-0.920141;
0.00189;-0.912597;
0.0019;-0.904728;
0.00191;-0.896538;
0.00192;-0.888029;
0.00193;-0.879205;
0.00194;-0.870068;
0.00195;-0.860622;
0.00196;-0.850871;
0.00197;-0.840817;
0.00198;-0.830464;
0.00199;-0.819816;
0.002;-0.808877;
0.00201;-0.797651;
0.00202;-0.786141;
0.00203;-0.774352;
0.00204;-0.762287;
0.00205;-0.749952;
0.00206;-0.737351;
0.00207;-0.724487;
0.00208;-0.711366;
0.00209;-0.697992;
0.0021;-0.684371;
0.00211;-0.670506;
0.00212;-0.656403;
0.00213;-0.642066;
0.00214;-0.627502;
0.00215;-0.612714;
0.00216;-0.597709;
0.00217;-0.582492;
0.00218;-0.567067;
0.00219;-0.551441;
0.0022;-0.535619;
0.00221;-0.519607;
0.00222;-0.503411;
0.00223;-0.487035;
0.00224;-0.470486;
0.00225;-0.45377;
0.00226;-0.436893;
0.00227;-0.419861;
0.00228;-0.40268;
0.00229;-0.385355;
0.0023;-0.367894;
0.00231;-0.350302;
0.00232;-0.332585;
0.00233;-0.314751;
0.00234;-0.296804;
0.00235;-0.278752;
0.00236;-0.260601;
0.00237;-0.242358;
0.00238;-0.224028;
0.00239;-0.205619;
0.0024;-0.187136;
0.00241;-0.168587;
0.00242;-0.149979;
0.00243;-0.131317;
0.00244;-0.112608;
0.00245;-0.0938595;
0.00246;-0.0750776;
0.00247;-0.056269;
0.00248;-0.0374404;
0.00249;-0.0185985;
0.0025;0.00025;
0.00251;0.0190984;
0.00252;0.03794;
0.00253;0.0567681;
0.00254;0.075576;
0.00255;0.0943571;
0.00256;0.113105;
0.00257;0.131812;
0.00258;0.150472;
0.00259;0.169079;
0.0026;0.187626;
0.00261;0.206107;
0.00262;0.224514;
0.00263;0.242841;
0.00264;0.261082;
0.00265;0.27923;
0.00266;0.297279;
0.00267;0.315222;
0.00268;0.333054;
0.00269;0.350767;
0.0027;0.368355;
0.00271;0.385813;
0.00272;0.403133;
0.00273;0.42031;
0.00274;0.437338;
0.00275;0.45421;
0.00276;0.470922;
0.00277;0.487465;
0.00278;0.503836;
0.00279;0.520027;
0.0028;0.536034;
0.00281;0.55185;
0.00282;0.567471;
0.00283;0.582889;
0.00284;0.598101;
0.00285;0.6131;
0.00286;0.627881;
0.00287;0.642439;
0.00288;0.656769;
0.00289;0.670865;
0.0029;0.684724;
0.00291;0.698338;
0.00292;0.711705;
0.00293;0.724819;
0.00294;0.737676;
0.00295;0.75027;
0.00296;0.762598;
0.00297;0.774654;
0.00298;0.786436;
0.00299;0.797938;
0.003;0.809157;
0.00301;0.820088;
0.00302;0.830728;
0.00303;0.841072;
0.00304;0.851118;
0.00305;0.860862;
0.00306;0.870299;
0.00307;0.879428;
0.00308;0.888244;
0.00309;0.896744;
0.0031;0.904926;
0.00311;0.912786;
0.00312;0.920322;
0.00313;0.927531;
0.00314;0.934411;
0.00315;0.940958;
0.00316;0.947172;
0.00317;0.953048;
0.00318;0.958587;
0.00319;0.963784;
0.0032;0.968639;
0.00321;0.97315;
0.00322;0.977316;
0.00323;0.981134;
0.00324;0.984603;
0.00325;0.987723;
0.00326;0.990492;
0.00327;0.992909;
0.00328;0.994973;
0.00329;0.996684;
0.0033;0.99804;
0.00331;0.999043;
0.00332;0.99969;
0.00333;0.999982;
0.00334;0.999918;
0.00335;0.9995;
0.00336;0.998726;
0.00337;0.997598;
0.00338;0.996115;
0.00339;0.994278;
0.0034;0.992088;
0.00341;0.989546;
0.00342;0.986652;
0.00343;0.983407;
0.00344;0.979814;
0.00345;0.975872;
0.00346;0.971583;
0.00347;0.966949;
0.00348;0.961972;
0.00349;0.956653;
0.0035;0.950994;
0.00351;0.944997;
0.00352;0.938665;
0.00353;0.931999;
0.00354;0.925002;
0.00355;0.917676;
0.00356;0.910024;
0.00357;0.90205;
0.00358;0.893754;
0.00359;0.885141;
0.0036;0.876214;
0.00361;0.866975;
0.00362;0.857429;
0.00363;0.847577;
0.00364;0.837425;
0.00365;0.826975;
0.00366;0.816232;
0.00367;0.805198;
0.00368;0.793878;
0.00369;0.782277;
0.0037;0.770397;
0.00371;0.758244;
0.00372;0.745821;
0.00373;0.733134;
0.00374;0.720186;
0.00375;0.706982;
0.00376;0.693527;
0.00377;0.679825;
0.00378;0.665883;
0.00379;0.651703;
0.0038;0.637292;
0.00381;0.622655;
0.00382;0.607796;
0.00383;0.592722;
0.00384;0.577437;
0.00385;0.561947;
0.00386;0.546257;
0.00387;0.530373;
0.00388;0.514301;
0.00389;0.498046;
0.0039;0.481614;
0.00391;0.465011;
0.00392;0.448243;
0.00393;0.431316;
0.00394;0.414235;
0.00395;0.397007;
0.00396;0.379638;
0.00397;0.362135;
0.00398;0.344503;
0.00399;0.326748;
0.004;0.308877;
0.00401;0.290897;
0.00402;0.272813;
0.00403;0.254632;
0.00404;0.236361;
0.00405;0.218006;
0.00406;0.199574;
0.00407;0.18107;
0.00408;0.162502;
0.00409;0.143877;
0.0041;0.1252;
0.00411;0.106479;
0.00412;0.0877204;
0.00413;0.0689304;
0.00414;0.0501159;
0.00415;0.0312836;
0.00416;0.0124401;
0.00417;-0.00640769;
0.00418;-0.0252532;
0.00419;-0.0440898;
0.0042;-0.0629107;
0.00421;-0.0817093;
0.00422;-0.100479;
0.00423;-0.119213;
0.00424;-0.137904;
0.00425;-0.156547;
0.00426;-0.175133;
0.00427;-0.193658;
0.00428;-0.212114;
0.00429;-0.230494;
0.0043;-0.248793;
0.00431;-0.267003;
0.00432;-0.285119;
0.00433;-0.303133;
0.00434;-0.321039;
0.00435;-0.338831;
0.00436;-0.356503;
0.00437;-0.374049;
0.00438;-0.391461;
0.00439;-0.408734;
0.0044;-0.425863;
0.00441;-0.442839;
0.00442;-0.459659;
0.00443;-0.476315;
0.00444;-0.492802;
0.00445;-0.509114;
0.00446;-0.525245;
0.00447;-0.54119;
0.00448;-0.556942;
0.00449;-0.572497;
0.0045;-0.587848;
0.00451;-0.60299;
0.00452;-0.617918;
0.00453;-0.632627;
0.00454;-0.64711;
0.00455;-0.661364;
0.00456;-0.675383;
0.00457;-0.689162;
0.00458;-0.702696;
0.00459;-0.715981;
0.0046;-0.729011;
0.00461;-0.741782;
0.00462;-0.75429;
0.00463;-0.76653;
0.00464;-0.778497;
0.00465;-0.790188;
0.00466;-0.801599;
0.00467;-0.812724;
0.00468;-0.823561;
0.00469;-0.834105;
0.0047;-0.844353;
0.00471;-0.854301;
0.00472;-0.863945;
0.00473;-0.873283;
0.00474;-0.88231;
0.00475;-0.891024;
0.00476;-0.899422;
0.00477;-0.9075;
0.00478;-0.915255;
0.00479;-0.922685;
0.0048;-0.929788;
0.00481;-0.93656;
0.00482;-0.943;
0.00483;-0.949105;
0.00484;-0.954872;
0.00485;-0.9603;
0.00486;-0.965387;
0.00487;-0.970132;
0.00488;-0.974531;
0.00489;-0.978584;
0.0049;-0.98229;
0.00491;-0.985647;
0.00492;-0.988654;
0.00493;-0.991309;
0.00494;-0.993612;
0.00495;-0.995563;
0.00496;-0.997159;
0.00497;-0.998402;
0.00498;-0.99929;
0.00499;-0.999822;
0.005;-1;
0.00501;-0.999822;
0.00502;-0.99929;
0.00503;-0.998402;
0.00504;-0.997159;
0.00505;-0.995563;
0.00506;-0.993612;
0.00507;-0.991309;
0.00508;-0.988654;
0.00509;-0.985647;
0.0051;-0.98229;
0.00511;-0.978584;
0.00512;-0.974531;
0.00513;-0.970132;
0.00514;-0.965387;
0.00515;-0.9603;
0.00516;-0.954872;
0.00517;-0.949105;
0.00518;-0.943;
0.00519;-0.93656;
0.0052;-0.929788;
0.00521;-0.922685;
0.00522;-0.915255;
0.00523;-0.9075;
0.00524;-0.899422;
0.00525;-0.891024;
0.00526;-0.88231;
0.00527;-0.873283;
0.00528;-0.863945;
0.00529;-0.854301;
0.0053;-0.844353;
0.00531;-0.834105;
0.00532;-0.823561;
0.00533;-0.812724;
0.00534;-0.801599;
0.00535;-0.790188;
0.00536;-0.778497;
0.00537;-0.76653;
0.00538;-0.75429;
0.00539;-0.741782;
0.0054;-0.729011;
0.00541;-0.715981;
0.00542;-0.702696;
0.00543;-0.689162;
0.00544;-0.675383;
0.00545;-0.661364;
0.00546;-0.64711;
0.00547;-0.632627;
0.00548;-0.617918;
0.00549;-0.60299;
0.0055;-0.587848;
0.00551;-0.572497;
0.00552;-0.556942;
0.00553;-0.54119;
0.00554;-0.525245;
0.00555;-0.509114;
0.00556;-0.492802;
0.00557;-0.476315;
0.00558;-0.459659;
0.00559;-0.442839;
0.0056;-0.425863;
0.00561;-0.408734;
0.00562;-0.391461;
0.00563;-0.374049;
0.00564;-0.356503;
0.00565;-0.338831;
0.00566;-0.321039;
0.00567;-0.303133;
0.00568;-0.285119;
0.00569;-0.267003;
0.0057;-0.248793;
0.00571;-0.230494;
0.00572;-0.212114;
0.00573;-0.193658;
0.00574;-0.175133;
0.00575;-0.156547;
0.00576;-0.137904;
0.00577;-0.119213;
0.00578;-0.100479;
0.00579;-0.0817093;
0.0058;-0.0629107;
0.00581;-0.0440898;
0.00582;-0.0252532;
0.00583;-0.00640769;
0.00584;0.0124401;
0.00585;0.0312836;
0.00586;0.0501159;
0.00587;0.0689304;
0.00588;0.0877204;
0.00589;0.106479;
0.0059;0.1252;
0.00591;0.143877;
0.00592;0.162502;
0.00593;0.18107;
0.00594;0.199574;
0.00595;0.218006;
0.00596;0.236361;
0.00597;0.254632;
0.00598;0.272813;
0.00599;0.290897;
0.006;0.308877;
0.00601;0.326748;
0.00602;0.344503;
0.00603;0.362135;
0.00604;0.379638;
0.00605;0.397007;
0.00606;0.414235;
0.00607;0.431316;
0.00608;0.448243;
0.00609;0.465011;
0.0061;0.481614;
0.00611;0.498046;
0.00612;0.514301;
0.00613;0.530373;
0.00614;0.546257;
0.00615;0.561947;
0.00616;0.577437;
0.00617;0.592722;
0.00618;0.607796;
0.00619;0.622655;
0.0062;0.637292;
0.00621;0.651703;
0.00622;0.665883;
0.00623;0.679825;
0.00624;0.693527;
0.00625;0.706982;
0.00626;0.720186;
0.00627;0.733134;
0.00628;0.745821;
0.00629;0.758244;
0.0063;0.770397;
0.00631;0.782277;
0.00632;0.793878;
0.00633;0.805198;
0.00634;0.816232;
0.00635;0.826975;
0.00636;0.837425;
0.00637;0.847577;
0.00638;0.857429;
0.00639;0.866975;
0.0064;0.876214;
0.00641;0.885141;
0.00642;0.893754;
0.00643;0.90205;
0.00644;0.910024;
0.00645;0.917676;
0.00646;0.925002;
0.00647;0.931999;
0.00648;0.938665;
0.00649;0.944997;
0.0065;0.950994;
0.00651;0.956653;
0.00652;0.961972;
0.00653;0.966949;
0.00654;0.971583;
0.00655;0.975872;
0.00656;0.979814;
0.00657;0.983407;
0.00658;0.986652;
0.00659;0.989546;
0.0066;0.992088;
0.00661;0.994278;
0.00662;0.996115;
0.00663;0.997598;
0.00664;0.998726;
0.00665;0.9995;
0.00666;0.999918;
0.00667;0.999982;
0.00668;0.99969;
0.00669;0.999043;
0.0067;0.99804;
0.00671;0.996684;
0.00672;0.994973;
0.00673;0.992909;
0.00674;0.990492;
0.00675;0.987723;
0.00676;0.984603;
0.00677;0.981134;
0.00678;0.977316;
0.00679;0.97315;
0.0068;0.968639;
0.00681;0.963784;
0.00682;0.958587;
0.00683;0.953048;
0.00684;0.947172;
0.00685;0.940958;
0.00686;0.934411;
0.00687;0.927531;
0.00688;0.920322;
0.00689;0.912786;
0.0069;0.904926;
0.00691;0.896744;
0.00692;0.888244;
0.00693;0.879428;
0.00694;0.870299;
0.00695;0.860862;
0.00696;0.851118;
0.00697;0.841072;
0.00698;0.830728;
0.00699;0.820088;
0.007;0.809157;
0.00701;0.797938;
0.00702;0.786436;
0.00703;0.774654;
0.00704;0.762598;
0.00705;0.75027;
0.00706;0.737676;
0.00707;0.724819;
0.00708;0.711705;
0.00709;0.698338;
0.0071;0.684724;
0.00711;0.670865;
0.00712;0.656769;
0.00713;0.642439;
0.00714;0.627881;
0.00715;0.6131;
0.00716;0.598101;
0.00717;0.582889;
0.00718;0.567471;
0.00719;0.55185;
0.0072;0.536034;
0.00721;0.520027;
0.00722;0.503836;
0.00723;0.487465;
0.00724;0.470922;
0.00725;0.45421;
0.00726;0.437338;
0.00727;0.42031;
0.00728;0.403133;
0.00729;0.385813;
0.0073;0.368355;
0.00731;0.350767;
0.00732;0.333054;
0.00733;0.315222;
0.00734;0.297279;
0.00735;0.27923;
0.00736;0.261082;
0.00737;0.242841;
0.00738;0.224514;
0.00739;0.206107;
0.0074;0.187626;
0.00741;0.169079;
0.00742;0.150472;
0.00743;0.131812;
0.00744;0.113105;
0.00745;0.0943571;
0.00746;0.075576;
0.00747;0.0567681;
0.00748;0.03794;
0.00749;0.0190984;
0.0075;0.00025;
0.00751;-0.0185985;
0.00752;-0.0374404;
0.00753;-0.056269;
0.00754;-0.0750776;
0.00755;-0.0938595;
0.00756;-0.112608;
0.00757;-0.131317;
0.00758;-0.149979;
0.00759;-0.168587;
0.0076;-0.187136;
0.00761;-0.205619;
0.00762;-0.224028;
0.00763;-0.242358;
0.00764;-0.260601;
0.00765;-0.278752;
0.00766;-0.296804;
0.00767;-0.314751;
0.00768;-0.332585;
0.00769;-0.350302;
0.0077;-0.367894;
0.00771;-0.385355;
0.00772;-0.40268;
0.00773;-0.419861;
0.00774;-0.436893;
0.00775;-0.45377;
0.00776;-0.470486;
0.00777;-0.487035;
0.00778;-0.503411;
0.00779;-0.519607;
0.0078;-0.535619;
0.00781;-0.551441;
0.00782;-0.567067;
0.00783;-0.582492;
0.00784;-0.597709;
0.00785;-0.612714;
0.00786;-0.627502;
0.00787;-0.642066;
0.00788;-0.656403;
0.00789;-0.670506;
0.0079;-0.684371;
0.00791;-0.697992;
0.00792;-0.711366;
0.00793;-0.724487;
0.00794;-0.737351;
0.00795;-0.749952;
0.00796;-0.762287;
0.00797;-0.774352;
0.00798;-0.786141;
0.00799;-0.797651;
0.008;-0.808877;
0.00801;-0.819816;
0.00802;-0.830464;
0.00803;-0.840817;
0.00804;-0.850871;
0.00805;-0.860622;
0.00806;-0.870068;
0.00807;-0.879205;
0.00808;-0.888029;
0.00809;-0.896538;
0.0081;-0.904728;
0.00811;-0.912597;
0.00812;-0.920141;
0.00813;-0.927359;
0.00814;-0.934247;
0.00815;-0.940803;
0.00816;-0.947025;
0.00817;-0.95291;
0.00818;-0.958457;
0.00819;-0.963663;
0.0082;-0.968527;
0.00821;-0.973047;
0.00822;-0.97722;
0.00823;-0.981047;
0.00824;-0.984525;
0.00825;-0.987653;
0.00826;-0.990431;
0.00827;-0.992856;
0.00828;-0.994929;
0.00829;-0.996648;
0.0083;-0.998013;
0.00831;-0.999023;
0.00832;-0.999679;
0.00833;-0.999979;
0.00834;-0.999924;
0.00835;-0.999513;
0.00836;-0.998748;
0.00837;-0.997627;
0.00838;-0.996152;
0.00839;-0.994323;
0.0084;-0.992141;
0.00841;-0.989606;
0.00842;-0.98672;
0.00843;-0.983483;
0.00844;-0.979897;
0.00845;-0.975962;
0.00846;-0.97168;
0.00847;-0.967054;
0.00848;-0.962083;
0.00849;-0.956771;
0.0085;-0.951119;
0.00851;-0.945129;
0.00852;-0.938803;
0.00853;-0.932143;
0.00854;-0.925153;
0.00855;-0.917833;
0.00856;-0.910187;
0.00857;-0.902218;
0.00858;-0.893929;
0.00859;-0.885321;
0.0086;-0.876399;
0.00861;-0.867166;
0.00862;-0.857625;
0.00863;-0.847779;
0.00864;-0.837631;
0.00865;-0.827186;
0.00866;-0.816447;
0.00867;-0.805418;
0.00868;-0.794102;
0.00869;-0.782505;
0.0087;-0.770629;
0.00871;-0.75848;
0.00872;-0.746061;
0.00873;-0.733377;
0.00874;-0.720432;
0.00875;-0.707232;
0.00876;-0.69378;
0.00877;-0.680081;
0.00878;-0.666141;
0.00879;-0.651964;
0.0088;-0.637556;
0.00881;-0.622921;
0.00882;-0.608064;
0.00883;-0.592992;
0.00884;-0.577709;
0.00885;-0.56222;
0.00886;-0.546532;
0.00887;-0.530649;
0.00888;-0.514578;
0.00889;-0.498324;
0.0089;-0.481893;
0.00891;-0.465291;
0.00892;-0.448523;
0.00893;-0.431596;
0.00894;-0.414516;
0.00895;-0.397289;
0.00896;-0.37992;
0.00897;-0.362416;
0.00898;-0.344783;
0.00899;-0.327028;
0.009;-0.309157;
0.00901;-0.291176;
0.00902;-0.273091;
0.00903;-0.254909;
0.00904;-0.236637;
0.00905;-0.21828;
0.00906;-0.199846;
0.00907;-0.181341;
0.00908;-0.162772;
0.00909;-0.144145;
0.0091;-0.125466;
0.00911;-0.106743;
0.00912;-0.087982;
0.00913;-0.0691897;
0.00914;-0.0503728;
0.00915;-0.031538;
0.00916;-0.0126919;
0.00917;0.0061586;
0.00918;0.025007;
0.00919;0.0438464;
0.0092;0.0626703;
0.00921;0.0814719;
0.00922;0.100245;
0.00923;0.118982;
0.00924;0.137676;
0.00925;0.156322;
0.00926;0.174913;
0.00927;0.193441;
0.00928;0.2119;
0.00929;0.230284;
0.0093;0.248587;
0.00931;0.266801;
0.00932;0.28492;
0.00933;0.302938;
0.00934;0.320848;
0.00935;0.338645;
0.00936;0.35632;
0.00937;0.37387;
0.00938;0.391286;
0.00939;0.408564;
0.0094;0.425696;
0.00941;0.442677;
0.00942;0.459501;
0.00943;0.476161;
0.00944;0.492652;
0.00945;0.508969;
0.00946;0.525104;
0.00947;0.541053;
0.00948;0.556809;
0.00949;0.572368;
0.0095;0.587723;
0.00951;0.602869;
0.00952;0.617801;
0.00953;0.632514;
0.00954;0.647002;
0.00955;0.66126;
0.00956;0.675282;
0.00957;0.689065;
0.00958;0.702604;
0.00959;0.715892;
0.0096;0.728926;
0.00961;0.741701;
0.00962;0.754213;
0.00963;0.766456;
0.00964;0.778427;
0.00965;0.790122;
0.00966;0.801535;
0.00967;0.812664;
0.00968;0.823504;
0.00969;0.834052;
0.0097;0.844303;
0.00971;0.854254;
0.00972;0.863901;
0.00973;0.873242;
0.00974;0.882272;
0.00975;0.890989;
0.00976;0.899389;
0.00977;0.907469;
0.00978;0.915227;
0.00979;0.92266;
0.0098;0.929765;
0.00981;0.936539;
0.00982;0.942981;
0.00983;0.949088;
0.00984;0.954857;
0.00985;0.960287;
0.00986;0.965376;
0.00987;0.970122;
0.00988;0.974523;
0.00989;0.978577;
0.0099;0.982284;
0.00991;0.985642;
0.00992;0.98865;
0.00993;0.991306;
0.00994;0.99361;
0.00995;0.995561;
0.00996;0.997158;
0.00997;0.998401;
0.00998;0.999289;
0.00999;0.999822;
0.01;1;
0.01001;0.999822;
0.01002;0.999289;
0.01003;0.998401;
0.01004;0.997158;
0.01005;0.995561;
0.01006;0.99361;
0.01007;0.991306;
0.01008;0.98865;
0.01009;0.985642;
0.0101;0.982284;
0.01011;0.978577;
0.01012;0.974523;
0.01013;0.970122;
0.01014;0.965376;
0.01015;0.960287;
0.01016;0.954857;
0.01017;0.949088;
0.01018;0.942981;
0.01019;0.936539;
0.0102;0.929765;
0.01021;0.92266;
0.01022;0.915227;
0.01023;0.907469;
0.01024;0.899389;
0.01025;0.890989;
0.01026;0.882272;
0.01027;0.873242;
0.01028;0.863901;
0.01029;0.854254;
0.0103;0.844303;
0.01031;0.834052;
0.01032;0.823504;
0.01033;0.812664;
0.01034;0.801535;
0.01035;0.790122;
0.01036;0.778427;
0.01037;0.766456;
0.01038;0.754213;
0.01039;0.741701;
0.0104;0.728926;
0.01041;0.715892;
0.01042;0.702604;
0.01043;0.689065;
0.01044;0.675282;
0.01045;0.66126;
0.01046;0.647002;
0.01047;0.632514;
0.01048;0.617801;
0.01049;0.602869;
0.0105;0.587723;
0.01051;0.572368;
0.01052;0.556809;
0.01053;0.541053;
0.01054;0.525104;
0.01055;0.508969;
0.01056;0.492652;
0.01057;0.476161;
0.01058;0.459501;
0.01059;0.442677;
0.0106;0.425696;
0.01061;0.408564;
0.01062;0.391286;
0.01063;0.37387;
0.01064;0.35632;
0.01065;0.338645;
0.01066;0.320848;
0.01067;0.302938;
0.01068;0.28492;
0.01069;0.266801;
0.0107;0.248587;
0.01071;0.230284;
0.01072;0.2119;
0.01073;0.193441;
0.01074;0.174913;
0.01075;0.156322;
0.01076;0.137676;
0.01077;0.118982;
0.01078;0.100245;
0.01079;0.0814719;
0.0108;0.0626703;
0.01081;0.0438464;
0.01082;0.025007;
0.01083;0.0061586;
0.01084;-0.0126919;
0.01085;-0.031538;
0.01086;-0.0503728;
0.01087;-0.0691897;
0.01088;-0.087982;
0.01089;-0.106743;
0.0109;-0.125466;
0.01091;-0.144145;
0.01092;-0.162772;
0.01093;-0.181341;
0.01094;-0.199846;
0.01095;-0.21828;
0.01096;-0.236637;
0.01097;-0.254909;
0.01098;-0.273091;
0.01099;-0.291176;
0.011;-0.309157;
0.01101;-0.327028;
0.01102;-0.344783;
0.01103;-0.362416;
0.01104;-0.37992;
0.01105;-0.397289;
0.01106;-0.414516;
0.01107;-0.431596;
0.01108;-0.448523;
0.01109;-0.465291;
0.0111;-0.481893;
0.01111;-0.498324;
0.01112;-0.514578;
0.01113;-0.530649;
0.01114;-0.546532;
0.01115;-0.56222;
0.01116;-0.577709;
0.01117;-0.592992;
0.01118;-0.608064;
0.01119;-0.622921;
0.0112;-0.637556;
0.01121;-0.651964;
0.01122;-0.666141;
0.01123;-0.680081;
0.01124;-0.69378;
0.01125;-0.707232;
0.01126;-0.720432;
0.01127;-0.733377;
0.01128;-0.746061;
0.01129;-0.75848;
0.0113;-0.770629;
0.01131;-0.782505;
0.01132;-0.794102;
0.01133;-0.805418;
0.01134;-0.816447;
0.01135;-0.827186;
0.01136;-0.837631;
0.01137;-0.847779;
0.01138;-0.857625;
0.01139;-0.867166;
0.0114;-0.876399;
0.01141;-0.885321;
0.01142;-0.893929;
0.01143;-0.902218;
0.01144;-0.910187;
0.01145;-0.917833;
0.01146;-0.925153;
0.01147;-0.932143;
0.01148;-0.938803;
0.01149;-0.945129;
0.0115;-0.951119;
0.01151;-0.956771;
0.01152;-0.962083;
0.01153;-0.967054;
0.01154;-0.97168;
0.01155;-0.975962;
0.01156;-0.979897;
0.01157;-0.983483;
0.01158;-0.98672;
0.01159;-0.989606;
0.0116;-0.992141;
0.01161;-0.994323;
0.01162;-0.996152;
0.01163;-0.997627;
0.01164;-0.998748;
0.01165;-0.999513;
0.01166;-0.999924;
0.01167;-0.999979;
0.01168;-0.999679;
0.01169;-0.999023;
0.0117;-0.998013;
0.01171;-0.996648;
0.01172;-0.994929;
0.01173;-0.992856;
0.01174;-0.990431;
0.01175;-0.987653;
0.01176;-0.984525;
0.01177;-0.981047;
0.01178;-0.97722;
0.01179;-0.973047;
0.0118;-0.968527;
0.01181;-0.963663;
0.01182;-0.958457;
0.01183;-0.95291;
0.01184;-0.947025;
0.01185;-0.940803;
0.01186;-0.934247;
0.01187;-0.927359;
0.01188;-0.920141;
0.01189;-0.912597;
0.0119;-0.904728;
0.01191;-0.896538;
0.01192;-0.888029;
0.01193;-0.879205;
0.01194;-0.870068;
0.01195;-0.860622;
0.01196;-0.850871;
0.01197;-0.840817;
0.01198;-0.830464;
0.01199;-0.819816;
0.012;-0.808877;
0.01201;-0.797651;
0.01202;-0.786141;
0.01203;-0.774352;
0.01204;-0.762287;
0.01205;-0.749952;
0.01206;-0.737351;
0.01207;-0.724487;
0.01208;-0.711366;
0.01209;-0.697992;
0.0121;-0.684371;
0.01211;-0.670506;
0.01212;-0.656403;
0.01213;-0.642066;
0.01214;-0.627502;
0.01215;-0.612714;
0.01216;-0.597709;
0.01217;-0.582492;
0.01218;-0.567067;
0.01219;-0.551441;
0.0122;-0.535619;
0.01221;-0.519607;
0.01222;-0.503411;
0.01223;-0.487035;
0.01224;-0.470486;
0.01225;-0.45377;
0.01226;-0.436893;
0.01227;-0.419861;
0.01228;-0.40268;
0.01229;-0.385355;
0.0123;-0.367894;
0.01231;-0.350302;
0.01232;-0.332585;
0.01233;-0.314751;
0.01234;-0.296804;
0.01235;-0.278752;
0.01236;-0.260601;
0.01237;-0.242358;
0.01238;-0.224028;
0.01239;-0.205619;
0.0124;-0.187136;
0.01241;-0.168587;
0.01242;-0.149979;
0.01243;-0.131317;
0.01244;-0.112608;
0.01245;-0.0938595;
0.01246;-0.0750776;
0.01247;-0.056269;
0.01248;-0.0374404;
0.01249;-0.0185985;
0.0125;0.00025;
0.01251;0.0190984;
0.01252;0.03794;
0.01253;0.0567681;
0.01254;0.075576;
0.01255;0.0943571;
0.01256;0.113105;
0.01257;0.131812;
0.01258;0.150472;
0.01259;0.169079;
0.0126;0.187626;
0.01261;0.206107;
0.01262;0.224514;
0.01263;0.242841;
0.01264;0.261082;
0.01265;0.27923;
0.01266;0.297279;
0.01267;0.315222;
0.01268;0.333054;
0.01269;0.350767;
0.0127;0.368355;
0.01271;0.385813;
0.01272;0.403133;
0.01273;0.42031;
0.01274;0.437338;
0.01275;0.45421;
0.01276;0.470922;
0.01277;0.487465;
0.01278;0.503836;
0.01279;0.520027;
0.0128;0.536034;
0.01281;0.55185;
0.01282;0.567471;
0.01283;0.582889;
0.01284;0.598101;
0.01285;0.6131;
0.01286;0.627881;
0.01287;0.642439;
0.01288;0.656769;
0.01289;0.670865;
0.0129;0.684724;
0.01291;0.698338;
0.01292;0.711705;
0.01293;0.724819;
0.01294;0.737676;
0.01295;0.75027;
0.01296;0.762598;
0.01297;0.774654;
0.01298;0.786436;
0.01299;0.797938;
0.013;0.809157;
0.01301;0.820088;
0.01302;0.830728;
0.01303;0.841072;
0.01304;0.851118;
0.01305;0.860862;
0.01306;0.870299;
0.01307;0.879428;
0.01308;0.888244;
0.01309;0.896744;
0.0131;0.904926;
0.01311;0.912786;
0.01312;0.920322;
0.01313;0.927531;
0.01314;0.934411;
0.01315;0.940958;
0.01316;0.947172;
0.01317;0.953048;
0.01318;0.958587;
0.01319;0.963784;
0.0132;0.968639;
0.01321;0.97315;
0.01322;0.977316;
0.01323;0.981134;
0.01324;0.984603;
0.01325;0.987723;
0.01326;0.990492;
0.01327;0.992909;
0.01328;0.994973;
0.01329;0.996684;
0.0133;0.99804;
0.01331;0.999043;
0.01332;0.99969;
0.01333;0.999982;
0.01334;0.999918;
0.01335;0.9995;
0.01336;0.998726;
0.01337;0.997598;
0.01338;0.996115;
0.01339;0.994278;
0.0134;0.992088;
0.01341;0.989546;
0.01342;0.986652;
0.01343;0.983407;
0.01344;0.979814;
0.01345;0.975872;
0.01346;0.971583;
0.01347;0.966949;
0.01348;0.961972;
0.01349;0.956653;
0.0135;0.950994;
0.01351;0.944997;
0.01352;0.938665;
0.01353;0.931999;
0.01354;0.925002;
0.01355;0.917676;
0.01356;0.910024;
0.01357;0.90205;
0.01358;0.893754;
0.01359;0.885141;
0.0136;0.876214;
0.01361;0.866975;
0.01362;0.857429;
0.01363;0.847577;
0.01364;0.837425;
0.01365;0.826975;
0.01366;0.816232;
0.01367;0.805198;
0.01368;0.793878;
0.01369;0.782277;
0.0137;0.770397;
0.01371;0.758244;
0.01372;0.745821;
0.01373;0.733134;
0.01374;0.720186;
0.01375;0.706982;
0.01376;0.693527;
0.01377;0.679825;
0.01378;0.665883;
0.01379;0.651703;
0.0138;0.637292;
0.01381;0.622655;
0.01382;0.607796;
0.01383;0.592722;
0.01384;0.577437;
0.01385;0.561947;
0.01386;0.546257;
0.01387;0.530373;
0.01388;0.514301;
0.01389;0.498046;
0.0139;0.481614;
0.01391;0.465011;
0.01392;0.448243;
0.01393;0.431316;
0.01394;0.414235;
0.01395;0.397007;
0.01396;0.379638;
0.01397;0.362135;
0.01398;0.344503;
0.01399;0.326748;
0.014;0.308877;
0.01401;0.290897;
0.01402;0.272813;
0.01403;0.254632;
0.01404;0.236361;
0.01405;0.218006;
0.01406;0.199574;
0.01407;0.18107;
0.01408;0.162502;
0.01409;0.143877;
0.0141;0.1252;
0.01411;0.106479;
0.01412;0.0877204;
0.01413;0.0689304;
0.01414;0.0501159;
0.01415;0.0312836;
0.01416;0.0124401;
0.01417;-0.00640769;
0.01418;-0.0252532;
0.01419;-0.0440898;
0.0142;-0.0629107;
0.01421;-0.0817093;
0.01422;-0.100479;
0.01423;-0.119213;
0.01424;-0.137904;
0.01425;-0.156547;
0.01426;-0.175133;
0.01427;-0.193658;
0.01428;-0.212114;
0.01429;-0.230494;
0.0143;-0.248793;
0.01431;-0.267003;
0.01432;-0.285119;
0.01433;-0.303133;
0.01434;-0.321039;
0.01435;-0.338831;
0.01436;-0.356503;
0.01437;-0.374049;
0.01438;-0.391461;
0.01439;-0.408734;
0.0144;-0.425863;
0.01441;-0.442839;
0.01442;-0.459659;
0.01443;-0.476315;
0.01444;-0.492802;
0.01445;-0.509114;
0.01446;-0.525245;
0.01447;-0.54119;
0.01448;-0.556942;
0.01449;-0.572497;
0.0145;-0.587848;
0.01451;-0.60299;
0.01452;-0.617918;
0.01453;-0.632627;
0.01454;-0.64711;
0.01455;-0.661364;
0.01456;-0.675383;
0.01457;-0.689162;
0.01458;-0.702696;
0.01459;-0.715981;
0.0146;-0.729011;
0.01461;-0.741782;
0.01462;-0.75429;
0.01463;-0.76653;
0.01464;-0.778497;
0.01465;-0.790188;
0.01466;-0.801599;
0.01467;-0.812724;
0.01468;-0.823561;
0.01469;-0.834105;
0.0147;-0.844353;
0.01471;-0.854301;
0.01472;-0.863945;
0.01473;-0.873283;
0.01474;-0.88231;
0.01475;-0.891024;
0.01476;-0.899422;
0.01477;-0.9075;
0.01478;-0.915255;
0.01479;-0.922685;
0.0148;-0.929788;
0.01481;-0.93656;
0.01482;-0.943;
0.01483;-0.949105;
0.01484;-0.954872;
0.01485;-0.9603;
0.01486;-0.965387;
0.01487;-0.970132;
0.01488;-0.974531;
0.01489;-0.978584;
0.0149;-0.98229;
0.01491;-0.985647;
0.01492;-0.988654;
0.01493;-0.991309;
0.01494;-0.993612;
0.01495;-0.995563;
0.01496;-0.997159;
0.01497;-0.998402;
0.01498;-0.99929;
0.01499;-0.999822;
0.015;-1;
0.01501;-0.999822;
0.01502;-0.99929;
0.01503;-0.998402;
0.01504;-0.997159;
0.01505;-0.995563;
0.01506;-0.993612;
0.01507;-0.991309;
0.01508;-0.988654;
0.01509;-0.985647;
0.0151;-0.98229;
0.01511;-0.978584;
0.01512;-0.974531;
0.01513;-0.970132;
0.01514;-0.965387;
0.01515;-0.9603;
0.01516;-0.954872;
0.01517;-0.949105;
0.01518;-0.943;
0.01519;-0.93656;
0.0152;-0.929788;
0.01521;-0.922685;
0.01522;-0.915255;
0.01523;-0.9075;
0.01524;-0.899422;
0.01525;-0.891024;
0.01526;-0.88231;
0.01527;-0.873283;
0.01528;-0.863945;
0.01529;-0.854301;
0.0153;-0.844353;
0.01531;-0.834105;
0.01532;-0.823561;
0.01533;-0.812724;
0.01534;-0.801599;
0.01535;-0.790188;
0.01536;-0.778497;
0.01537;-0.76653;
0.01538;-0.75429;
0.01539;-0.741782;
0.0154;-0.729011;
0.01541;-0.715981;
0.01542;-0.702696;
0.01543;-0.689162;
0.01544;-0.675383;
0.01545;-0.661364;
0.01546;-0.64711;
0.01547;-0.632627;
0.01548;-0.617918;
0.01549;-0.60299;
0.0155;-0.587848;
0.01551;-0.572497;
0.01552;-0.556942;
0.01553;-0.54119;
0.01554;-0.525245;
0.01555;-0.509114;
0.01556;-0.492802;
0.01557;-0.476315;
0.01558;-0.459659;
0.01559;-0.442839;
0.0156;-0.425863;
0.01561;-0.408734;
0.01562;-0.391461;
0.01563;-0.374049;
0.01564;-0.356503;
0.01565;-0.338831;
0.01566;-0.321039;
0.01567;-0.303133;
0.01568;-0.285119;
0.01569;-0.267003;
0.0157;-0.248793;
0.01571;-0.230494;
0.01572;-0.212114;
0.01573;-0.193658;
0.01574;-0.175133;
0.01575;-0.156547;
0.01576;-0.137904;
0.01577;-0.119213;
0.01578;-0.100479;
0.01579;-0.0817093;
0.0158;-0.0629107;
0.01581;-0.0440898;
0.01582;-0.0252532;
0.01583;-0.00640769;
0.01584;0.0124401;
0.01585;0.0312836;
0.01586;0.0501159;
0.01587;0.0689304;
0.01588;0.0877204;
0.01589;0.106479;
0.0159;0.1252;
0.01591;0.143877;
0.01592;0.162502;
0.01593;0.18107;
0.01594;0.199574;
0.01595;0.218006;
0.01596;0.236361;
0.01597;0.254632;
0.01598;0.272813;
0.01599;0.290897;
0.016;0.308877;
0.01601;0.326748;
0.01602;0.344503;
0.01603;0.362135;
0.01604;0.379638;
0.01605;0.397007;
0.01606;0.414235;
0.01607;0.431316;
0.01608;0.448243;
0.01609;0.465011;
0.0161;0.481614;
0.01611;0.498046;
0.01612;0.514301;
0.01613;0.530373;
0.01614;0.546257;
0.01615;0.561947;
0.01616;0.577437;
0.01617;0.592722;
0.01618;0.607796;
0.01619;0.622655;
0.0162;0.637292;
0.01621;0.651703;
0.01622;0.665883;
0.01623;0.679825;
0.01624;0.693527;
0.01625;0.706982;
0.01626;0.720186;
0.01627;0.733134;
0.01628;0.745821;
0.01629;0.758244;
0.0163;0.770397;
0.01631;0.782277;
0.01632;0.793878;
0.01633;0.805198;
0.01634;0.816232;
0.01635;0.826975;
0.01636;0.837425;
0.01637;0.847577;
0.01638;0.857429;
0.01639;0.866975;
0.0164;0.876214;
0.01641;0.885141;
0.01642;0.893754;
0.01643;0.90205;
0.01644;0.910024;
0.01645;0.917676;
0.01646;0.925002;
0.01647;0.931999;
0.01648;0.938665;
0.01649;0.944997;
0.0165;0.950994;
0.01651;0.956653;
0.01652;0.961972;
0.01653;0.966949;
0.01654;0.971583;
0.01655;0.975872;
0.01656;0.979814;
0.01657;0.983407;
0.01658;0.986652;
0.01659;0.989546;
0.0166;0.992088;
0.01661;0.994278;
0.01662;0.996115;
0.01663;0.997598;
0.01664;0.998726;
0.01665;0.9995;
0.01666;0.999918;
0.01667;0.999982;
0.01668;0.99969;
0.01669;0.999043;
0.0167;0.99804;
0.01671;0.996684;
0.01672;0.994973;
0.01673;0.992909;
0.01674;0.990492;
0.01675;0.987723;
0.01676;0.984603;
0.01677;0.981134;
0.01678;0.977316;
0.01679;0.97315;
0.0168;0.968639;
0.01681;0.963784;
0.01682;0.958587;
0.01683;0.953048;
0.01684;0.947172;
0.01685;0.940958;
0.01686;0.934411;
0.01687;0.927531;
0.01688;0.920322;
0.01689;0.912786;
0.0169;0.904926;
0.01691;0.896744;
0.01692;0.888244;
0.01693;0.879428;
0.01694;0.870299;
0.01695;0.860862;
0.01696;0.851118;
0.01697;0.841072;
0.01698;0.830728;
0.01699;0.820088;
0.017;0.809157;
0.01701;0.797938;
0.01702;0.786436;
0.01703;0.774654;
0.01704;0.762598;
0.01705;0.75027;
0.01706;0.737676;
0.01707;0.724819;
0.01708;0.711705;
0.01709;0.698338;
0.0171;0.684724;
0.01711;0.670865;
0.01712;0.656769;
0.01713;0.642439;
0.01714;0.627881;
0.01715;0.6131;
0.01716;0.598101;
0.01717;0.582889;
0.01718;0.567471;
0.01719;0.55185;
0.0172;0.536034;
0.01721;0.520027;
0.01722;0.503836;
0.01723;0.487465;
0.01724;0.470922;
0.01725;0.45421;
0.01726;0.437338;
0.01727;0.42031;
0.01728;0.403133;
0.01729;0.385813;
0.0173;0.368355;
0.01731;0.350767;
0.01732;0.333054;
0.01733;0.315222;
0.01734;0.297279;
0.01735;0.27923;
0.01736;0.261082;
0.01737;0.242841;
0.01738;0.224514;
0.01739;0.206107;
0.0174;0.187626;
0.01741;0.169079;
0.01742;0.150472;
0.01743;0.131812;
0.01744;0.113105;
0.01745;0.0943571;
0.01746;0.075576;
0.01747;0.0567681;
0.01748;0.03794;
0.01749;0.0190984;
0.0175;0.00025;
0.01751;-0.0185985;
0.01752;-0.0374404;
0.01753;-0.056269;
0.01754;-0.0750776;
0.01755;-0.0938595;
0.01756;-0.112608;
0.01757;-0.131317;
0.01758;-0.149979;
0.01759;-0.168587;
0.0176;-0.187136;
0.01761;-0.205619;
0.01762;-0.224028;
0.01763;-0.242358;
0.01764;-0.260601;
0.01765;-0.278752;
0.01766;-0.296804;
0.01767;-0.314751;
0.01768;-0.332585;
0.01769;-0.350302;
0.0177;-0.367894;
0.01771;-0.385355;
0.01772;-0.40268;
0.01773;-0.419861;
0.01774;-0.436893;
0.01775;-0.45377;
0.01776;-0.470486;
0.01777;-0.487035;
0.01778;-0.503411;
0.01779;-0.519607;
0.0178;-0.535619;
0.01781;-0.551441;
0.01782;-0.567067;
0.01783;-0.582492;
0.01784;-0.597709;
0.01785;-0.612714;
0.01786;-0.627502;
0.01787;-0.642066;
0.01788;-0.656403;
0.01789;-0.670506;
0.0179;-0.684371;
0.01791;-0.697992;
0.01792;-0.711366;
0.01793;-0.724487;
0.01794;-0.737351;
0.01795;-0.749952;
0.01796;-0.762287;
0.01797;-0.774352;
0.01798;-0.786141;
0.01799;-0.797651;
0.018;-0.808877;
0.01801;-0.819816;
0.01802;-0.830464;
0.01803;-0.840817;
0.01804;-0.850871;
0.01805;-0.860622;
0.01806;-0.870068;
0.01807;-0.879205;
0.01808;-0.888029;
0.01809;-0.896538;
0.0181;-0.904728;
0.01811;-0.912597;
0.01812;-0.920141;
0.01813;-0.927359;
0.01814;-0.934247;
0.01815;-0.940803;
0.01816;-0.947025;
0.01817;-0.95291;
0.01818;-0.958457;
0.01819;-0.963663;
0.0182;-0.968527;
0.01821;-0.973047;
0.01822;-0.97722;
0.01823;-0.981047;
0.01824;-0.984525;
0.01825;-0.987653;
0.01826;-0.990431;
0.01827;-0.992856;
0.01828;-0.994929;
0.01829;-0.996648;
0.0183;-0.998013;
0.01831;-0.999023;
0.01832;-0.999679;
0.01833;-0.999979;
0.01834;-0.999924;
0.01835;-0.999513;
0.01836;-0.998748;
0.01837;-0.997627;
0.01838;-0.996152;
0.01839;-0.994323;
0.0184;-0.992141;
0.01841;-0.989606;
0.01842;-0.98672;
0.01843;-0.983483;
0.01844;-0.979897;
0.01845;-0.975962;
0.01846;-0.97168;
0.01847;-0.967054;
0.01848;-0.962083;
0.01849;-0.956771;
0.0185;-0.951119;
0.01851;-0.945129;
0.01852;-0.938803;
0.01853;-0.932143;
0.01854;-0.925153;
0.01855;-0.917833;
0.01856;-0.910187;
0.01857;-0.902218;
0.01858;-0.893929;
0.01859;-0.885321;
0.0186;-0.876399;
0.01861;-0.867166;
0.01862;-0.857625;
0.01863;-0.847779;
0.01864;-0.837631;
0.01865;-0.827186;
0.01866;-0.816447;
0.01867;-0.805418;
0.01868;-0.794102;
0.01869;-0.782505;
0.0187;-0.770629;
0.01871;-0.75848;
0.01872;-0.746061;
0.01873;-0.733377;
0.01874;-0.720432;
0.01875;-0.707232;
0.01876;-0.69378;
0.01877;-0.680081;
0.01878;-0.666141;
0.01879;-0.651964;
0.0188;-0.637556;
0.01881;-0.622921;
0.01882;-0.608064;
0.01883;-0.592992;
0.01884;-0.577709;
0.01885;-0.56222;
0.01886;-0.546532;
0.01887;-0.530649;
0.01888;-0.514578;
0.01889;-0.498324;
0.0189;-0.481893;
0.01891;-0.465291;
0.01892;-0.448523;
0.01893;-0.431596;
0.01894;-0.414516;
0.01895;-0.397289;
0.01896;-0.37992;
0.01897;-0.362416;
0.01898;-0.344783;
0.01899;-0.327028;
0.019;-0.309157;
0.01901;-0.291176;
0.01902;-0.273091;
0.01903;-0.254909;
0.01904;-0.236637;
0.01905;-0.21828;
0.01906;-0.199846;
0.01907;-0.181341;
0.01908;-0.162772;
0.01909;-0.144145;
0.0191;-0.125466;
0.01911;-0.106743;
0.01912;-0.087982;
0.01913;-0.0691897;
0.01914;-0.0503728;
0.01915;-0.031538;
0.01916;-0.0126919;
0.01917;0.0061586;
0.01918;0.025007;
0.01919;0.0438464;
0.0192;0.0626703;
0.01921;0.0814719;
0.01922;0.100245;
0.01923;0.118982;
0.01924;0.137676;
0.01925;0.156322;
0.01926;0.174913;
0.01927;0.193441;
0.01928;0.2119;
0.01929;0.230284;
0.0193;0.248587;
0.01931;0.266801;
0.01932;0.28492;
0.01933;0.302938;
0.01934;0.320848;
0.01935;0.338645;
0.01936;0.35632;
0.01937;0.37387;
0.01938;0.391286;
0.01939;0.408564;
0.0194;0.425696;
0.01941;0.442677;
0.01942;0.459501;
0.01943;0.476161;
0.01944;0.492652;
0.01945;0.508969;
0.01946;0.525104;
0.01947;0.541053;
0.01948;0.556809;
0.01949;0.572368;
0.0195;0.587723;
0.01951;0.602869;
0.01952;0.617801;
0.01953;0.632514;
0.01954;0.647002;
0.01955;0.66126;
0.01956;0.675282;
0.01957;0.689065;
0.01958;0.702604;
0.01959;0.715892;
0.0196;0.728926;
0.01961;0.741701;
0.01962;0.754213;
0.01963;0.766456;
0.01964;0.778427;
0.01965;0.790122;
0.01966;0.801535;
0.01967;0.812664;
0.01968;0.823504;
0.01969;0.834052;
0.0197;0.844303;
0.01971;0.854254;
0.01972;0.863901;
0.01973;0.873242;
0.01974;0.882272;
0.01975;0.890989;
0.01976;0.899389;
0.01977;0.907469;
0.01978;0.915227;
0.01979;0.92266;
0.0198;0.929765;
0.01981;0.936539;
0.01982;0.942981;
0.01983;0.949088;
0.01984;0.954857;
0.01985;0.960287;
0.01986;0.965376;
0.01987;0.970122;
0.01988;0.974523;
0.01989;0.978577;
0.0199;0.982284;
0.01991;0.985642;
0.01992;0.98865;
0.01993;0.991306;
0.01994;0.99361;
0.01995;0.995561;
0.01996;0.997158;
0.01997;0.998401;
0.01998;0.999289;
