0;-12.017;
1;-21.9548;
2;-17.9871;
3;-17.9378;
4;-18.8077;
5;-18.0023;
6;-21.6639;
7;-18.5173;
8;-19.315;
9;-21.9253;
10;-19.5212;
11;-25.609;
12;-17.308;
13;-18.4495;
14;-20.147;
15;-18.665;
16;-24.334;
17;-18.486;
18;-23.0084;
19;-17.9018;
20;-18.8483;
21;-26.4425;
22;-18.1094;
23;-28.0554;
24;-18.9844;
25;-17.7239;
26;-20.6684;
27;-18.0641;
28;-23.1087;
29;-18.8724;
30;-19.5339;
31;-18.4854;
32;-16.6811;
33;-22.3339;
34;-19.2201;
35;-21.2147;
36;-20.0629;
37;-19.1014;
38;-20.2881;
39;-17.3375;
40;-18.8436;
41;-19.6401;
42;-18.0252;
43;-23.0521;
44;-16.4884;
45;-21.0442;
46;-19.5754;
47;-19.5379;
48;-21.0649;
49;-17.1598;
50;-27.8153;
51;-17.3777;
52;-17.2425;
53;-23.4007;
54;-19.111;
55;-26.3238;
56;-17.7292;
57;-18.9748;
58;-19.2082;
59;-17.3419;
60;-23.6264;
61;-17.7207;
62;-19.0536;
63;-17.9131;
64;-17.4394;
65;-22.3259;
66;-19.4227;
67;-23.2338;
68;-19.786;
69;-19.169;
70;-22.3325;
71;-16.9889;
72;-18.3344;
73;-19.6996;
74;-18.7668;
75;-18.4075;
76;-18.0348;
77;-21.7309;
78;-21.2268;
79;-19.1989;
80;-18.5085;
81;-19.3844;
82;-20.4744;
83;-18.2182;
84;-16.5643;
85;-18.7041;
86;-22.537;
87;-17.8114;
88;-18.8313;
89;-19.9734;
90;-20.3857;
91;-18.2204;
92;-16.8275;
93;-19.9015;
94;-17.5491;
95;-18.5079;
96;-18.6156;
97;-17.8359;
98;-24.3448;
99;-17.4369;
100;-18.3735;
101;-19.8962;
102;-17.8009;
103;-18.8281;
104;-16.4736;
105;-18.6482;
106;-18.3995;
107;-17.5157;
108;-21.086;
109;-18.6956;
110;-25.8076;
111;-17.0625;
112;-17.2685;
113;-22.3827;
114;-18.2557;
115;-17.3591;
116;-17.2142;
117;-20.2112;
118;-20.6877;
119;-17.3439;
120;-19.1106;
121;-21.1714;
122;-19.0732;
123;-18.0972;
124;-18.2545;
125;-19.0816;
126;-22.5725;
127;-18.4862;
128;-18.2563;
129;-28.3754;
130;-21.066;
131;-21.4627;
132;-17.9663;
133;-21.2194;
134;-18.4479;
135;-16.8584;
136;-19.9222;
137;-19.2074;
138;-21.8558;
139;-19.5541;
140;-18.6537;
141;-23.0772;
142;-19.4086;
143;-20.4765;
144;-21.2427;
145;-20.7877;
146;-21.5313;
147;-18.7124;
148;-19.6302;
149;-28.3277;
150;-22.4284;
151;-21.4873;
152;-23.1772;
153;-25.1552;
154;-30.5758;
155;-18.4812;
156;-19.5561;
157;-22.1936;
158;-20.9104;
159;-24.9387;
160;-25.525;
161;-19.7545;
162;-17.9973;
163;-19.0017;
164;-20.798;
165;-18.808;
166;-22.3546;
167;-22.1017;
168;-19.5013;
169;-17.7471;
170;-20.7461;
171;-23.0426;
172;-21.5451;
173;-22.1622;
174;-19.8877;
175;-20.0318;
176;-18.9833;
177;-20.7217;
178;-24.3487;
179;-22.8722;
180;-22.2002;
181;-19.7529;
182;-21.3809;
183;-24.9281;
184;-25.8956;
185;-19.0433;
186;-22.0973;
187;-30.1936;
188;-21.9441;
189;-22.5128;
190;-19.3668;
191;-22.5977;
192;-18.3869;
193;-18.6704;
194;-27.5279;
195;-20.9893;
196;-28.3823;
197;-19.3892;
198;-21.0311;
199;-25.6825;
200;-20.8928;
201;-20.6314;
202;-22.9536;
203;-25.6774;
204;-22.0076;
205;-23.177;
206;-21.0202;
207;-23.0289;
208;-19.994;
209;-20.6988;
210;-22.2999;
211;-21.8223;
212;-24.7113;
213;-20.1906;
214;-24.4823;
215;-21.5728;
216;-21.8617;
217;-30.6063;
218;-28.0256;
219;-23.2358;
220;-23.041;
221;-25.3967;
222;-20.8864;
223;-18.945;
224;-22.5497;
225;-21.3657;
226;-18.7014;
227;-28.4485;
228;-18.529;
229;-21.1627;
230;-19.0483;
231;-18.0871;
232;-22.7816;
233;-17.4791;
234;-26.3425;
235;-18.2699;
236;-18.0805;
237;-22.4262;
238;-18.5743;
239;-21.5759;
240;-20.291;
241;-18.8984;
242;-17.9618;
243;-19.6736;
244;-17.0816;
245;-17.1267;
246;-18.1333;
247;-17.1358;
248;-20.6238;
249;-17.0331;
250;-19.5108;
251;-17.8684;
252;-17.8737;
253;-20.6508;
254;-16.907;
255;-18.6266;
256;-19.2054;
257;-17.7088;
258;-18.1701;
259;-19.8424;
260;-17.1536;
261;-19.1508;
262;-18.0632;
263;-16.1804;
264;-19.4674;
265;-16.6372;
266;-18.1599;
267;-20.6541;
268;-17.9548;
269;-23.9455;
270;-20.5287;
271;-21.5972;
272;-19.6379;
273;-17.3547;
274;-20.5594;
275;-20.4429;
276;-16.8676;
277;-21.4157;
278;-21.674;
279;-22.0976;
280;-21.2687;
281;-19.8536;
282;-24.1012;
283;-19.7963;
284;-22.8837;
285;-22.9153;
286;-23.5338;
287;-20.1577;
288;-25.7924;
289;-23.1216;
290;-19.4685;
291;-18.0277;
292;-19.2525;
293;-19.341;
294;-18.2029;
295;-21.4017;
296;-18.5425;
297;-26.1234;
298;-18.8919;
299;-17.4336;
300;-22.6776;
301;-19.335;
302;-17.6722;
303;-18.726;
304;-21.4343;
305;-20.5511;
306;-19.4492;
307;-17.4297;
308;-20.731;
309;-17.6609;
310;-16.3092;
311;-21.7426;
312;-17.6838;
313;-18.9179;
314;-18.7684;
315;-17.3203;
316;-21.0866;
317;-20.4241;
318;-17.5445;
319;-19.7277;
320;-22.5935;
321;-19.9486;
322;-21.2236;
323;-19.032;
324;-23.4629;
325;-22.1119;
326;-19.5809;
327;-21.5491;
328;-29.1861;
329;-21.7805;
330;-24.1098;
331;-24.1757;
332;-20.375;
333;-18.5198;
334;-18.1456;
335;-18.2453;
336;-17.8908;
337;-21.8874;
338;-22.2557;
339;-23.2614;
340;-23.0941;
341;-23.1628;
342;-21.9261;
343;-25.4196;
344;-19.9399;
345;-19.1474;
346;-23.103;
347;-21.0502;
348;-25.0803;
349;-18.4112;
350;-25.2618;
351;-21.4828;
352;-18.434;
353;-21.0703;
354;-31.2127;
355;-18.96;
356;-20.6972;
357;-21.1735;
358;-18.5326;
359;-28.2458;
360;-18.7402;
361;-18.9843;
362;-25.9623;
363;-19.5997;
364;-20.381;
365;-20.6551;
366;-19.4997;
367;-21.802;
368;-19.267;
369;-20.5756;
370;-19.1346;
371;-20.6036;
372;-25.9425;
373;-19.8664;
374;-27.8004;
375;-22.3811;
376;-18.7435;
377;-18.3095;
378;-21.611;
379;-16.0213;
380;-17.8004;
381;-20.1683;
382;-16.7846;
383;-21.6138;
384;-18.7117;
385;-17.645;
386;-20.1389;
387;-17.8921;
388;-15.2478;
389;-18.7888;
390;-18.9413;
391;-15.7638;
392;-20.171;
393;-19.0836;
394;-19.1798;
395;-21.5657;
396;-18.2686;
397;-18.87;
398;-25.4075;
399;-18.7236;
400;-19.1111;
401;-23.1209;
402;-27.1747;
403;-26.8685;
404;-24.0903;
405;-28.8095;
406;-21.0679;
407;-19.1911;
408;-18.7583;
409;-18.6155;
410;-19.4564;
411;-22.111;
412;-19.7704;
413;-20.8267;
414;-21.3728;
415;-17.2632;
416;-17.7149;
417;-18.3878;
418;-15.1009;
419;-16.7199;
420;-18.2987;
421;-16.4561;
422;-17.1437;
423;-24.7875;
424;-17.976;
425;-16.6859;
426;-21.3597;
427;-16.7135;
428;-17.6167;
429;-18.7806;
430;-15.9568;
431;-16.963;
432;-23.3117;
433;-16.4048;
434;-17.4471;
435;-33.0854;
436;-19.0911;
437;-21.8666;
438;-24.4456;
439;-21.8971;
440;-21.4409;
441;-22.2725;
442;-20.5439;
443;-18.1556;
444;-19.3913;
445;-23.5869;
446;-23.5409;
447;-19.0867;
448;-19.6445;
449;-23.7638;
450;-20.8678;
451;-25.9691;
452;-19.7406;
453;-24.5559;
454;-21.0019;
455;-20.7192;
456;-19.1697;
457;-20.12;
458;-27.1395;
459;-19.304;
460;-25.4629;
461;-22.1033;
462;-23.932;
463;-27.5851;
464;-22.0744;
465;-20.5805;
466;-24.6767;
467;-24.5236;
468;-22.1431;
469;-24.4669;
470;-23.9864;
471;-19.3303;
472;-20.0907;
473;-18.7414;
474;-23.7459;
475;-18.9967;
476;-19.6155;
477;-23.5013;
478;-21.5624;
479;-18.8373;
480;-18.8849;
481;-18.5819;
482;-18.542;
483;-20.2779;
484;-16.3631;
485;-20.0862;
486;-19.9288;
487;-18.8295;
488;-17.693;
489;-20.7257;
490;-19.2936;
491;-17.534;
492;-19.8656;
493;-26.0921;
494;-19.6528;
495;-21.3259;
496;-24.4001;
497;-23.3995;
498;-26.118;
499;-23.5048;
500;-29.1965;
501;-24.3075;
502;-18.5883;
503;-18.9734;
504;-23.4857;
505;-18.044;
506;-17.6193;
507;-21.5219;
508;-18.1148;
509;-16.3819;
510;-21.485;
511;-17.4906;
512;-18.466;
513;-17.6407;
514;-18.0079;
515;-18.3663;
516;-20.1277;
517;-19.2703;
518;-17.3709;
519;-21.7435;
520;-20.0192;
521;-16.7361;
522;-18.5401;
523;-25.5621;
524;-17.2705;
525;-20.9909;
526;-25.1401;
527;-23.2637;
528;-25.2894;
529;-21.0075;
530;-22.3311;
531;-24.4758;
532;-21.0451;
533;-30.5472;
534;-21.3102;
535;-18.428;
536;-19.8518;
537;-19.0582;
538;-17.5102;
539;-19.6463;
540;-21.8337;
541;-21.6617;
542;-19.8072;
543;-22.5175;
544;-18.8653;
545;-19.474;
546;-24.5936;
547;-19.4572;
548;-19.1631;
549;-21.2565;
550;-19.1856;
551;-21.9163;
552;-20.5103;
553;-20.9777;
554;-22.3621;
555;-19.2549;
556;-17.7732;
557;-20.1001;
558;-19.5464;
559;-17.2501;
560;-16.8923;
561;-27.4966;
562;-16.6668;
563;-15.7162;
564;-24.9054;
565;-18.0309;
566;-18.992;
567;-19.9574;
568;-20.0809;
569;-18.1299;
570;-23.7654;
571;-18.6947;
572;-17.6042;
573;-26.0849;
574;-19.7089;
575;-18.2027;
576;-20.3578;
577;-17.108;
578;-18.8006;
579;-20.7095;
580;-19.4349;
581;-21.5507;
582;-19.1902;
583;-18.1511;
584;-20.2245;
585;-17.198;
586;-17.5741;
587;-17.7041;
588;-22.5608;
589;-16.524;
590;-17.1835;
591;-23.4856;
592;-17.1011;
593;-17.4244;
594;-20.2224;
595;-17.5264;
596;-16.9584;
597;-21.8185;
598;-19.8791;
599;-19.9909;
600;-22.9727;
601;-21.8966;
602;-20.8295;
603;-20.3678;
604;-22.3398;
605;-21.6762;
606;-18.5358;
607;-18.9836;
608;-21.5934;
609;-17.2352;
610;-19.1071;
611;-24.8467;
612;-18.5495;
613;-18.2266;
614;-19.2929;
615;-19.0951;
616;-17.2935;
617;-22.3263;
618;-23.7642;
619;-17.7487;
620;-21.717;
621;-20.3646;
622;-17.8288;
623;-25.6718;
624;-19.9657;
625;-18.1677;
626;-25.2089;
627;-16.9649;
628;-18.1725;
629;-25.1596;
630;-17.6371;
631;-15.6231;
632;-17.9168;
633;-18.9808;
634;-15.4653;
635;-18.8285;
636;-22.6427;
637;-17.4835;
638;-19.3704;
639;-20.1599;
640;-16.901;
641;-22.1512;
642;-19.2024;
643;-18.5134;
644;-18.991;
645;-20.3177;
646;-20.0215;
647;-20.0206;
648;-18.3011;
649;-18.1095;
650;-19.8838;
651;-18.6963;
652;-19.1389;
653;-26.144;
654;-18.1416;
655;-18.9648;
656;-20.8751;
657;-16.6097;
658;-16.6536;
659;-24.1176;
660;-18.9268;
661;-17.6991;
662;-19.7552;
663;-21.9278;
664;-17.5135;
665;-19.4861;
666;-22.7358;
667;-20.2188;
668;-19.8586;
669;-19.004;
670;-23.8369;
671;-19.7618;
672;-19.6909;
673;-20.3507;
674;-20.4527;
675;-18.2375;
676;-18.9802;
677;-22.4162;
678;-19.3594;
679;-18.9568;
680;-25.2292;
681;-18.0558;
682;-20.6442;
683;-18.9382;
684;-17.1768;
685;-21.5389;
686;-24.2327;
687;-18.1566;
688;-19.1357;
689;-22.0825;
690;-17.599;
691;-18.8581;
692;-25.0107;
693;-16.2867;
694;-17.9901;
695;-19.0058;
696;-17.9762;
697;-18.2323;
698;-22.0667;
699;-16.7471;
700;-19.3729;
701;-19.2504;
702;-18.6347;
703;-17.7977;
704;-21.7278;
705;-20.2437;
706;-19.1429;
707;-19.776;
708;-21.1671;
709;-22.1773;
710;-21.2464;
711;-19.9693;
712;-23.732;
713;-21.5252;
714;-20.1131;
715;-19.5336;
716;-18.2325;
717;-18.0857;
718;-19.2342;
719;-18.7788;
720;-17.518;
721;-17.4743;
722;-27.6824;
723;-18.019;
724;-18.6249;
725;-24.2648;
726;-24.7683;
727;-18.886;
728;-18.9176;
729;-21.0742;
730;-23.1484;
731;-19.6159;
732;-18.3302;
733;-25.7863;
734;-19.4238;
735;-18.403;
736;-18.1634;
737;-20.4869;
738;-17.0909;
739;-19.2954;
740;-17.8481;
741;-18.7888;
742;-28.1751;
743;-20.4798;
744;-17.7318;
745;-25.4248;
746;-18.4459;
747;-17.2717;
748;-21.2197;
749;-18.9818;
750;-17.9267;
751;-21.146;
752;-18.801;
753;-16.9066;
754;-19.4516;
755;-18.6939;
756;-16.9528;
757;-22.6449;
758;-18.5459;
759;-19.2398;
760;-21.2702;
761;-20.3068;
762;-18.7693;
763;-20.5153;
764;-21.0544;
765;-20.2956;
766;-19.2246;
767;-18.8552;
768;-19.0232;
769;-20.9498;
770;-18.2307;
771;-18.5479;
772;-24.642;
773;-16.1685;
774;-18.6807;
775;-20.4741;
776;-18.8193;
777;-16.7949;
778;-19.5944;
779;-22.781;
780;-21.3826;
781;-24.3994;
782;-22.666;
783;-20.1049;
784;-19.9947;
785;-18.6694;
786;-21.8687;
787;-17.493;
788;-15.5768;
789;-23.4468;
790;-18.4937;
791;-17.2378;
792;-17.7227;
793;-24.525;
794;-17.3842;
795;-20.063;
796;-24.3236;
797;-19.0876;
798;-19.4647;
799;-29.997;
800;-18.3912;
801;-22.5011;
802;-18.9689;
803;-19.7477;
804;-21.8694;
805;-17.6221;
806;-17.9113;
807;-21.8103;
808;-21.9447;
809;-16.2276;
810;-18.4954;
811;-22.4828;
812;-17.7823;
813;-18.9959;
814;-22.4214;
815;-19.8483;
816;-20.1738;
817;-18.9194;
818;-21.6025;
819;-21.7323;
820;-20.4639;
821;-19.9285;
822;-21.8166;
823;-19.7472;
824;-17.8933;
825;-19.5973;
826;-17.7685;
827;-17.8155;
828;-24.0229;
829;-23.982;
830;-18.5501;
831;-19.4958;
832;-19.2171;
833;-18.9186;
834;-20.024;
835;-19.0217;
836;-23.6839;
837;-20.7918;
838;-18.6465;
839;-17.1727;
840;-26.0483;
841;-18.8294;
842;-17.096;
843;-18.9611;
844;-19.4156;
845;-17.72;
846;-22.4322;
847;-16.848;
848;-18.0752;
849;-26.2534;
850;-17.1893;
851;-19.608;
852;-25.7073;
853;-18.8132;
854;-18.6358;
855;-26.8278;
856;-18.2691;
857;-20.7159;
858;-24.4214;
859;-18.0105;
860;-17.8954;
861;-32.9819;
862;-17.828;
863;-17.4414;
864;-27.0572;
865;-21.8664;
866;-21.8149;
867;-21.6182;
868;-20.7426;
869;-25.5279;
870;-24.6078;
871;-18.878;
872;-25.1097;
873;-18.0745;
874;-18.4993;
875;-18.7924;
876;-18.5971;
877;-16.8642;
878;-16.8877;
879;-21.8086;
880;-18.962;
881;-19.0868;
882;-18.4293;
883;-21.6372;
884;-25.9751;
885;-18.5986;
886;-18.9416;
887;-22.1288;
888;-17.2404;
889;-17.8573;
890;-20.1005;
891;-16.9651;
892;-15.7413;
893;-22.6704;
894;-15.4792;
895;-16.0546;
896;-21.8551;
897;-17.5961;
898;-17.6961;
899;-22.057;
900;-21.5128;
901;-18.64;
902;-23.6797;
903;-19.9113;
904;-19.0263;
905;-23.2009;
906;-18.8662;
907;-18.8697;
908;-22.0616;
909;-17.9635;
910;-19.3344;
911;-21.873;
912;-22.6454;
913;-20.8111;
914;-23.5525;
915;-19.4436;
916;-23.6652;
917;-18.6885;
918;-18.736;
919;-21.7792;
920;-20.6467;
921;-17.2537;
922;-18.3692;
923;-22.0752;
924;-17.7644;
925;-17.9062;
926;-20.0596;
927;-19.2916;
928;-23.4733;
929;-18.9029;
930;-21.97;
931;-22.3501;
932;-18.1193;
933;-19.2499;
934;-18.5031;
935;-17.4104;
936;-15.9848;
937;-18.8116;
938;-17.5507;
939;-15.6295;
940;-20.0366;
941;-21.1154;
942;-18.0259;
943;-20.5865;
944;-18.668;
945;-18.6247;
946;-21.541;
947;-21.7142;
948;-20.864;
949;-24.554;
950;-18.3586;
951;-20.8381;
952;-21.3044;
953;-19.0772;
954;-18.177;
955;-20.1229;
956;-21.1012;
957;-19.0417;
958;-21.7948;
959;-17.9576;
960;-23.0126;
961;-19.9465;
962;-17.9189;
963;-24.3348;
964;-19.1806;
965;-16.9665;
966;-20.1519;
967;-19.447;
968;-18.0196;
969;-18.7896;
970;-23.2959;
971;-18.1862;
972;-18.0916;
973;-17.705;
974;-18.6078;
975;-28.6529;
976;-17.7774;
977;-16.7991;
978;-20.171;
979;-17.4009;
980;-16.3051;
981;-20.9612;
982;-20.2113;
983;-16.8091;
984;-21.2379;
985;-23.8606;
986;-19.5312;
987;-19.4067;
988;-19.9657;
989;-20.1876;
990;-21.0443;
991;-19.101;
992;-19.6417;
993;-22.6976;
994;-16.9097;
995;-18.7279;
996;-22.8929;
997;-17.7919;
998;-20.2278;
999;-20.3062;
1000;-19.1797;
1001;-21.1469;
1002;-22.1326;
1003;-17.0409;
1004;-18.2567;
1005;-23.5418;
1006;-19.0366;
1007;-17.5185;
1008;-25.147;
1009;-19.0868;
1010;-19.7876;
1011;-19.8887;
1012;-18.9594;
1013;-21.3051;
1014;-20.2833;
1015;-19.341;
1016;-26.6333;
1017;-18.234;
1018;-16.9563;
1019;-18.4075;
1020;-20.4939;
1021;-17.4408;
1022;-17.1573;
1023;-22.3432;
1024;-17.5984;
1025;-18.5914;
1026;-24.2208;
1027;-18.1176;
1028;-19.2792;
1029;-19.4632;
1030;-19.137;
1031;-20.4255;
1032;-21.7413;
1033;-19.2437;
1034;-21.5515;
1035;-19.0447;
1036;-18.9511;
1037;-20.5366;
1038;-18.7773;
1039;-20.971;
1040;-20.4245;
1041;-20.3269;
1042;-19.9878;
1043;-17.1678;
1044;-15.937;
1045;-18.2491;
1046;-20.3306;
1047;-15.7528;
1048;-20.3406;
1049;-26.3992;
1050;-17.7943;
1051;-18.6003;
1052;-23.346;
1053;-19.7327;
1054;-23.3427;
1055;-24.392;
1056;-18.2957;
1057;-19.9254;
1058;-18.543;
1059;-16.3335;
1060;-18.7158;
1061;-18.1349;
1062;-16.9713;
1063;-18.2169;
1064;-23.1666;
1065;-18.9716;
1066;-20.1155;
1067;-21.717;
1068;-21.9407;
1069;-21.7912;
1070;-18.6495;
1071;-23.6669;
1072;-20.6994;
1073;-17.5111;
1074;-18.7938;
1075;-22.5197;
1076;-17.5542;
1077;-16.8567;
1078;-19.2651;
1079;-19.3753;
1080;-19.5355;
1081;-21.4057;
1082;-18.6072;
1083;-17.8852;
1084;-18.4334;
1085;-17.7122;
1086;-20.4593;
1087;-21.8979;
1088;-18.1126;
1089;-20.6381;
1090;-26.269;
1091;-19.4188;
1092;-18.3408;
1093;-17.5682;
1094;-16.3067;
1095;-24.0574;
1096;-21.1797;
1097;-17.8822;
1098;-18.031;
1099;-22.9236;
1100;-15.6302;
1101;-18.9924;
1102;-18.0445;
1103;-18.3797;
1104;-18.639;
1105;-17.1201;
1106;-28.0282;
1107;-17.6038;
1108;-18.2859;
1109;-18.3671;
1110;-18.0634;
1111;-16.7642;
1112;-14.5268;
1113;-18.4362;
1114;-16.8381;
1115;-22.3531;
1116;-20.0973;
1117;-25.9876;
1118;-17.5393;
1119;-21.3791;
1120;-15.328;
1121;-17.3098;
1122;-16.0884;
1123;-15.3344;
1124;-18.2383;
1125;-17.4069;
1126;-21.4915;
1127;-17.5555;
1128;-17.5369;
1129;-16.6569;
1130;-16.8279;
1131;-17.6554;
1132;-14.807;
1133;-18.3106;
1134;-15.3634;
1135;-17.6543;
1136;-17.6492;
1137;-17.2474;
1138;-16.2724;
1139;-15.4357;
1140;-19.2642;
1141;-16.9449;
1142;-18.71;
1143;-16.3859;
1144;-15.1885;
1145;-16.2025;
1146;-16.4101;
1147;-23.7505;
1148;-23.9575;
1149;-17.2403;
1150;-15.9577;
1151;-19.2829;
1152;-15.798;
1153;-17.1538;
1154;-18.0912;
1155;-17.2737;
1156;-21.4226;
1157;-18.5345;
1158;-18.3106;
1159;-17.5584;
1160;-20.4605;
1161;-18.7166;
1162;-19.1449;
1163;-24.3785;
1164;-19.3917;
1165;-22.9615;
1166;-20.9725;
1167;-17.0275;
1168;-22.0155;
1169;-16.8343;
1170;-17.0078;
1171;-24.0223;
1172;-20.8263;
1173;-18.9652;
1174;-17.6411;
1175;-20.9024;
1176;-18.5602;
1177;-20.5218;
1178;-15.973;
1179;-16.9713;
1180;-14.4632;
1181;-16.8939;
1182;-22.9532;
1183;-26.9833;
1184;-18.0971;
1185;-15.57;
1186;-17.8098;
1187;-15.8803;
1188;-17.0874;
1189;-18.3866;
1190;-16.8956;
1191;-23.7566;
1192;-18.9995;
1193;-20.2433;
1194;-18.7157;
1195;-22.2636;
1196;-16.1354;
1197;-18.6775;
1198;-21.0333;
1199;-18.3998;
1200;-19.737;
1201;-20.6033;
1202;-18.0652;
1203;-18.5394;
1204;-17.4891;
1205;-17.8975;
1206;-22.1539;
1207;-20.8008;
1208;-24.3785;
1209;-17.977;
1210;-21.7415;
1211;-18.2617;
1212;-23.1817;
1213;-14.7039;
1214;-16.5837;
1215;-16.0504;
1216;-14.5964;
1217;-22.0518;
1218;-17.9972;
1219;-19.6877;
1220;-16.7267;
1221;-20.5291;
1222;-16.2801;
1223;-19.5225;
1224;-19.5078;
1225;-18.6433;
1226;-21.5719;
1227;-16.9324;
1228;-17.3238;
1229;-21.215;
1230;-23.757;
1231;-17.3629;
1232;-22.0218;
1233;-16.6508;
1234;-24.0268;
1235;-18.4742;
1236;-22.5845;
1237;-18.1196;
1238;-21.6374;
1239;-16.7463;
1240;-18.333;
1241;-17.5653;
1242;-17.1202;
1243;-18.2132;
1244;-16.0757;
1245;-21.6559;
1246;-19.3175;
1247;-22.0042;
1248;-16.669;
1249;-17.2683;
1250;-19.7735;
1251;-14.9423;
1252;-16.3439;
1253;-21.2546;
1254;-21.8121;
1255;-17.7344;
1256;-19.2998;
1257;-16.772;
1258;-19.6754;
1259;-15.3443;
1260;-18.6158;
1261;-19.068;
1262;-19.9947;
1263;-16.2677;
1264;-19.0111;
1265;-19.486;
1266;-17.7618;
1267;-17.6768;
1268;-15.5203;
1269;-17.0893;
1270;-19.0847;
1271;-23.6085;
1272;-32.5182;
1273;-22.777;
1274;-22.0439;
1275;-19.6926;
1276;-20.0426;
1277;-15.8942;
1278;-21.4282;
1279;-19.0314;
1280;-17.1444;
1281;-18.2245;
1282;-18.5799;
1283;-15.3715;
1284;-28.4677;
1285;-18.6229;
1286;-22.333;
1287;-17.1795;
1288;-18.9217;
1289;-22.1682;
1290;-18.5754;
1291;-17.7641;
1292;-16.0211;
1293;-17.6675;
1294;-15.846;
1295;-18.4411;
1296;-20.2743;
1297;-16.9506;
1298;-19.9672;
1299;-20.3209;
1300;-17.5788;
1301;-18.8915;
1302;-22.6468;
1303;-17.0206;
1304;-21.4237;
1305;-20.4804;
1306;-18.9674;
1307;-16.6807;
1308;-18.6994;
1309;-14.8573;
1310;-21.5795;
1311;-15.68;
1312;-18.2947;
1313;-22.237;
1314;-18.2673;
1315;-19.3817;
1316;-18.145;
1317;-19.4089;
1318;-20.271;
1319;-19.4976;
1320;-17.8436;
1321;-19.7369;
1322;-17.3912;
1323;-16.6435;
1324;-18.1287;
1325;-20.6123;
1326;-16.8767;
1327;-19.1196;
1328;-19.0828;
1329;-16.0617;
1330;-22.2607;
1331;-16.0925;
1332;-20.8513;
1333;-16.5609;
1334;-23.7834;
1335;-15.9788;
1336;-19.5992;
1337;-18.7244;
1338;-16.9209;
1339;-24.5845;
1340;-17.0864;
1341;-19.5504;
1342;-21.0909;
1343;-18.6345;
1344;-18.3574;
1345;-24.5255;
1346;-18.7866;
1347;-20.9573;
1348;-17.6366;
1349;-21.0298;
1350;-28.011;
1351;-18.0154;
1352;-16.5016;
1353;-18.7431;
1354;-15.9349;
1355;-15.7014;
1356;-20.3433;
1357;-16.9621;
1358;-21.2318;
1359;-18.5582;
1360;-19.1769;
1361;-17.6706;
1362;-25.4111;
1363;-16.9357;
1364;-19.5413;
1365;-18.9139;
1366;-22.2406;
1367;-17.8782;
1368;-24.289;
1369;-18.5285;
1370;-16.7863;
1371;-20.1121;
1372;-15.3392;
1373;-22.2917;
1374;-17.2724;
1375;-19.2759;
1376;-18.8819;
1377;-19.2155;
1378;-19.7277;
1379;-23.9605;
1380;-19.242;
1381;-17.4384;
1382;-19.9672;
1383;-18.5692;
1384;-18.1552;
1385;-20.5321;
1386;-18.5434;
1387;-16.5491;
1388;-18.7491;
1389;-14.8281;
1390;-18.5976;
1391;-18.026;
1392;-18.6016;
1393;-19.4848;
1394;-21.6869;
1395;-19.7208;
1396;-20.998;
1397;-23.9812;
1398;-19.8317;
1399;-23.9201;
1400;-18.436;
1401;-20.2781;
1402;-21.7567;
1403;-18.0444;
1404;-15.5029;
1405;-20.6964;
1406;-15.0977;
1407;-18.0279;
1408;-19.3177;
1409;-16.2454;
1410;-17.7939;
1411;-23.5122;
1412;-19.579;
1413;-16.3913;
1414;-19.1714;
1415;-19.4406;
1416;-23.2626;
1417;-18.59;
1418;-20.8324;
1419;-20.9112;
1420;-18.8733;
1421;-15.0296;
1422;-17.3817;
1423;-18.2367;
1424;-18.4557;
1425;-23.536;
1426;-17.184;
1427;-18.4825;
1428;-20.0427;
1429;-19.1426;
1430;-20.2495;
1431;-21.7636;
1432;-17.1837;
1433;-22.5315;
1434;-20.5052;
1435;-19.0499;
1436;-17.5041;
1437;-21.9347;
1438;-15.2688;
1439;-17.7605;
1440;-19.2323;
1441;-16.6539;
1442;-20.3158;
1443;-17.9271;
1444;-23.0994;
1445;-17.2575;
1446;-17.5994;
1447;-19.7448;
1448;-23.1031;
1449;-15.5892;
1450;-18.7655;
1451;-20.4712;
1452;-24.2898;
1453;-17.1869;
1454;-20.6165;
1455;-16.788;
1456;-16.9979;
1457;-18.0629;
1458;-15.3072;
1459;-16.2465;
1460;-20.4136;
1461;-17.1855;
1462;-24.7333;
1463;-21.7285;
1464;-19.2836;
1465;-19.4038;
1466;-18.2084;
1467;-20.244;
1468;-19.3655;
1469;-22.8222;
1470;-19.9221;
1471;-18.8121;
1472;-21.1469;
1473;-19.1713;
1474;-20.6177;
1475;-16.2017;
1476;-17.1824;
1477;-18.4643;
1478;-16.7478;
1479;-22.8163;
1480;-22.9425;
1481;-20.2647;
1482;-25.9688;
1483;-16.3899;
1484;-16.7745;
1485;-17.9633;
1486;-17.9065;
1487;-17.9039;
1488;-17.7858;
1489;-22.3919;
1490;-17.3491;
1491;-23.1534;
1492;-18.3249;
1493;-18.4769;
1494;-22.0297;
1495;-18.2383;
1496;-19.789;
1497;-21.2186;
1498;-21.0529;
1499;-21.6665;
1500;-16.6677;
1501;-14.3542;
1502;-18.8171;
1503;-16.8231;
1504;-18.7352;
1505;-19.0838;
1506;-19.8106;
1507;-18.6329;
1508;-22.1801;
1509;-18.4045;
1510;-19.573;
1511;-23.6391;
1512;-19.2021;
1513;-18.747;
1514;-29.8191;
1515;-19.4807;
1516;-17.2414;
1517;-21.4128;
1518;-16.5443;
1519;-19.7991;
1520;-15.6219;
1521;-18.9037;
1522;-23.6046;
1523;-19.7838;
1524;-18.0222;
1525;-21.4043;
1526;-17.265;
1527;-20.4999;
1528;-19.592;
1529;-19.5514;
1530;-19.7295;
1531;-23.5772;
1532;-19.0148;
1533;-17.5583;
1534;-25.6799;
1535;-16.9866;
1536;-19.8468;
1537;-16.9595;
1538;-16.9757;
1539;-19.578;
1540;-26.8123;
1541;-17.5177;
1542;-24.6995;
1543;-16.2706;
1544;-16.4158;
1545;-17.9184;
1546;-16.107;
1547;-18.8232;
1548;-21.3394;
1549;-17.2542;
1550;-22.5778;
1551;-20.5419;
1552;-16.6226;
1553;-16.7364;
1554;-20.4047;
1555;-17.4181;
1556;-18.5523;
1557;-19.7558;
1558;-18.6205;
1559;-17.5719;
1560;-19.853;
1561;-16.3666;
1562;-18.2866;
1563;-17.1342;
1564;-20.687;
1565;-26.3795;
1566;-19.1118;
1567;-21.3275;
1568;-19.783;
1569;-17.7079;
1570;-21.2755;
1571;-17.8616;
1572;-16.5392;
1573;-20.1435;
1574;-23.5323;
1575;-21.7185;
1576;-17.8367;
1577;-25.8791;
1578;-18.6156;
1579;-19.184;
1580;-19.5313;
1581;-21.9745;
1582;-19.0415;
1583;-21.1034;
1584;-20.5356;
1585;-18.4191;
1586;-15.3365;
1587;-18.6736;
1588;-17.0274;
1589;-15.5928;
1590;-21.6888;
1591;-18.9033;
1592;-19.6156;
1593;-20.1177;
1594;-16.9164;
1595;-19.9699;
1596;-20.7012;
1597;-16.5888;
1598;-19.5559;
1599;-18.4874;
1600;-24.5516;
1601;-16.9944;
1602;-20.1359;
1603;-18.3591;
1604;-19.0213;
1605;-18.4419;
1606;-17.2692;
1607;-24.1494;
1608;-19.4091;
1609;-17.6345;
1610;-18.7926;
1611;-17.3142;
1612;-16.0614;
1613;-20.2306;
1614;-16.9491;
1615;-16.53;
1616;-23.8035;
1617;-17.608;
1618;-26.1884;
1619;-17.2583;
1620;-16.9829;
1621;-17.6029;
1622;-19.5056;
1623;-17.018;
1624;-21.0193;
1625;-17.5553;
1626;-23.542;
1627;-17.9844;
1628;-23.3678;
1629;-18.3632;
1630;-19.2819;
1631;-18.4228;
1632;-20.8424;
1633;-28.5596;
1634;-18.0983;
1635;-18.5207;
1636;-18.3604;
1637;-16.6232;
1638;-17.0809;
1639;-22.3738;
1640;-18.9757;
1641;-20.4527;
1642;-17.3514;
1643;-16.3265;
1644;-20.2468;
1645;-20.8636;
1646;-21.1537;
1647;-22.1932;
1648;-19.3887;
1649;-20.4931;
1650;-15.6844;
1651;-17.0177;
1652;-23.9549;
1653;-18.6789;
1654;-18.6817;
1655;-18.78;
1656;-17.9437;
1657;-16.7777;
1658;-30.1389;
1659;-19.0443;
1660;-17.4919;
1661;-21.4065;
1662;-18.733;
1663;-19.6646;
1664;-23.3266;
1665;-18.3105;
1666;-19.7997;
1667;-16.9441;
1668;-16.0366;
1669;-22.7891;
1670;-17.1069;
1671;-18.618;
1672;-20.3144;
1673;-19.5562;
1674;-16.1413;
1675;-18.6168;
1676;-14.8838;
1677;-17.2176;
1678;-21.8106;
1679;-26.2091;
1680;-17.6856;
1681;-20.5377;
1682;-18.537;
1683;-22.4882;
1684;-18.8716;
1685;-19.329;
1686;-18.6474;
1687;-19.8299;
1688;-18.2935;
1689;-20.8363;
1690;-17.3002;
1691;-16.8149;
1692;-21.0291;
1693;-17.088;
1694;-16.2548;
1695;-22.7153;
1696;-17.7627;
1697;-20.1079;
1698;-19.3856;
1699;-16.9993;
1700;-17.6033;
1701;-17.6808;
1702;-17.3494;
1703;-21.343;
1704;-15.9378;
1705;-18.4002;
1706;-19.5364;
1707;-18.7754;
1708;-16.8969;
1709;-19.449;
1710;-16.3762;
1711;-18.1865;
1712;-19.7184;
1713;-19.2389;
1714;-21.5941;
1715;-27.4274;
1716;-21.1731;
1717;-23.8799;
1718;-21.3019;
1719;-21.317;
1720;-21.9134;
1721;-17.9015;
1722;-18.1799;
1723;-26.0178;
1724;-24.965;
1725;-18.0804;
1726;-22.0793;
1727;-18.9502;
1728;-20.1754;
1729;-17.2124;
1730;-16.3646;
1731;-19.2986;
1732;-17.6539;
1733;-19.692;
1734;-21.6068;
1735;-17.2946;
1736;-16.647;
1737;-17.3243;
1738;-16.4429;
1739;-30.6376;
1740;-18.4316;
1741;-19.3729;
1742;-24.0937;
1743;-17.956;
1744;-16.3698;
1745;-21.3912;
1746;-17.6032;
1747;-21.5915;
1748;-17.9106;
1749;-18.7609;
1750;-20.681;
1751;-17.5529;
1752;-15.5928;
1753;-17.7389;
1754;-28.1671;
1755;-17.6614;
1756;-17.6636;
1757;-18.4543;
1758;-17.4932;
1759;-22.0482;
1760;-19.5695;
1761;-18.8692;
1762;-18.6067;
1763;-20.6101;
1764;-17.9522;
1765;-17.6923;
1766;-15.5641;
1767;-19.2475;
1768;-21.9119;
1769;-20.0012;
1770;-20.5328;
1771;-17.9128;
1772;-14.629;
1773;-18.0919;
1774;-15.7551;
1775;-17.3624;
1776;-20.158;
1777;-19.1645;
1778;-19.4641;
1779;-20.0766;
1780;-15.7369;
1781;-18.2624;
1782;-17.8743;
1783;-17.1543;
1784;-21.0813;
1785;-15.8449;
1786;-17.2704;
1787;-22.218;
1788;-17.1164;
1789;-18.3281;
1790;-19.1566;
1791;-19.1063;
1792;-22.7923;
1793;-20.9163;
1794;-17.0905;
1795;-22.8164;
1796;-20.7409;
1797;-21.7103;
1798;-18.6832;
1799;-21.1114;
1800;-20.1036;
1801;-19.8452;
1802;-18.0997;
1803;-18.7549;
1804;-20.9199;
1805;-21.5293;
1806;-17.6445;
1807;-19.4444;
1808;-16.76;
1809;-17.1466;
1810;-18.9239;
1811;-18.0283;
1812;-22.5825;
1813;-20.2542;
1814;-20.0273;
1815;-21.3289;
1816;-17.8361;
1817;-17.0694;
1818;-17.7146;
1819;-16.2026;
1820;-19.9192;
1821;-17.4312;
1822;-17.8857;
1823;-20.2502;
1824;-16.6188;
1825;-15.5789;
1826;-21.1682;
1827;-17.8134;
1828;-21.5359;
1829;-19.4883;
1830;-18.7959;
1831;-20.7217;
1832;-20.1397;
1833;-18.5162;
1834;-20.5092;
1835;-18.0826;
1836;-19.2403;
1837;-21.2897;
1838;-17.6933;
1839;-19.7487;
1840;-19.8515;
1841;-16.999;
1842;-24.5621;
1843;-17.4108;
1844;-17.8773;
1845;-18.7417;
1846;-26.4963;
1847;-19.0486;
1848;-20.8051;
1849;-16.6729;
1850;-18.9759;
1851;-18.1715;
1852;-18.5375;
1853;-19.0221;
1854;-22.498;
1855;-18.4763;
1856;-25.3964;
1857;-16.5118;
1858;-18.0501;
1859;-24.5621;
1860;-24.5206;
1861;-18.3028;
1862;-19.8988;
1863;-17.4096;
1864;-16.7953;
1865;-22.8713;
1866;-18.7283;
1867;-23.6651;
1868;-17.7712;
1869;-21.9316;
1870;-25.6291;
1871;-17.0718;
1872;-14.55;
1873;-19.0888;
1874;-16.1421;
1875;-20.5014;
1876;-18.4097;
1877;-16.699;
1878;-17.4338;
1879;-22.3223;
1880;-17.0415;
1881;-20.2179;
1882;-16.7343;
1883;-16.9363;
1884;-19.2251;
1885;-17.7389;
1886;-19.1653;
1887;-27.2896;
1888;-17.6752;
1889;-19.3758;
1890;-16.1094;
1891;-14.95;
1892;-18.3871;
1893;-19.6496;
1894;-19.3747;
1895;-20.0757;
1896;-16.8257;
1897;-17.3169;
1898;-19.1418;
1899;-15.9638;
1900;-22.2982;
1901;-18.2339;
1902;-16.5873;
1903;-20.5643;
1904;-15.8062;
1905;-16.36;
1906;-25.0504;
1907;-16.9969;
1908;-23.6215;
1909;-17.7924;
1910;-16.9353;
1911;-17.9993;
1912;-23.2215;
1913;-18.0533;
1914;-21.0515;
1915;-15.3499;
1916;-16.6429;
1917;-21.2256;
1918;-17.761;
1919;-19.4412;
1920;-22.6825;
1921;-18.4899;
1922;-18.5192;
1923;-17.1082;
1924;-16.8362;
1925;-21.6452;
1926;-17.0359;
1927;-23.4148;
1928;-18.7877;
1929;-17.7262;
1930;-17.1875;
1931;-23.3343;
1932;-16.1743;
1933;-29.3164;
1934;-15.5489;
1935;-17.4917;
1936;-23.2402;
1937;-24.4865;
1938;-15.65;
1939;-19.3503;
1940;-19.5614;
1941;-21.5734;
1942;-17.3211;
1943;-17.9783;
1944;-20.2242;
1945;-18.4878;
1946;-23.0553;
1947;-18.5443;
1948;-19.3489;
1949;-16.2094;
1950;-22.187;
1951;-16.6332;
1952;-22.1045;
1953;-17.8381;
1954;-19.2084;
1955;-18.3592;
1956;-19.2145;
1957;-16.5622;
1958;-18.3944;
1959;-17.9476;
1960;-18.1066;
1961;-17.4684;
1962;-17.2873;
1963;-18.5209;
1964;-20.3545;
1965;-18.9327;
1966;-17.7831;
1967;-20.6879;
1968;-15.6169;
1969;-20.9558;
1970;-18.3265;
1971;-21.4095;
1972;-18.1955;
1973;-22.3816;
1974;-17.2802;
1975;-18.9377;
1976;-18.0271;
1977;-20.2058;
1978;-17.1701;
1979;-16.525;
1980;-19.1537;
1981;-16.899;
1982;-17.779;
1983;-18.4878;
1984;-18.7639;
1985;-16.0354;
1986;-22.881;
1987;-15.5075;
1988;-22.1475;
1989;-18.2851;
1990;-21.0715;
1991;-19.3616;
1992;-21.6039;
1993;-18.8684;
1994;-23.1445;
1995;-17.8754;
1996;-18.7394;
1997;-16.11;
1998;-15.6093;
1999;-20.5765;
2000;-19.9771;
2001;-17.824;
2002;-16.5965;
2003;-27.17;
2004;-18.2981;
2005;-24.2543;
2006;-15.826;
2007;-18.0607;
2008;-17.2931;
2009;-18.0026;
2010;-20.3752;
2011;-19.961;
2012;-18.2217;
2013;-21.4447;
2014;-17.8072;
2015;-17.1517;
2016;-18.0796;
2017;-15.7355;
2018;-24.113;
2019;-17.2297;
2020;-26.6258;
2021;-16.894;
2022;-19.1792;
2023;-18.0806;
2024;-20.7415;
2025;-16.6099;
2026;-17.1441;
2027;-18.9028;
2028;-17.7151;
2029;-20.5645;
2030;-18.0967;
2031;-19.7287;
2032;-17.1141;
2033;-23.5773;
2034;-19.2598;
2035;-19.3097;
2036;-15.2992;
2037;-23.7108;
2038;-16.1594;
2039;-18.1114;
2040;-17.9451;
2041;-17.3639;
2042;-17.9244;
2043;-18.7992;
2044;-17.8188;
2045;-18.7754;
2046;-18.2899;
2047;-17.8109;
2048;-18.8393;
2049;-16.9279;
2050;-23.3417;
2051;-16.4645;
2052;-21.0433;
2053;-19.7635;
2054;-25.3143;
2055;-16.6889;
2056;-21.3055;
2057;-17.0396;
2058;-17.1081;
2059;-20.1976;
2060;-16.845;
2061;-21.2792;
2062;-15.9401;
2063;-18.8932;
2064;-19.104;
2065;-18.6723;
2066;-15.9881;
2067;-23.1826;
2068;-17.3809;
2069;-27.1899;
2070;-15.3029;
2071;-17.4752;
2072;-18.9548;
2073;-17.393;
2074;-22.3427;
2075;-16.8123;
2076;-20.2807;
2077;-19.935;
2078;-20.0873;
2079;-16.9349;
2080;-18.8602;
2081;-15.5813;
2082;-16.4731;
2083;-21.2394;
2084;-19.795;
2085;-19.7195;
2086;-16.5158;
2087;-18.6991;
2088;-29.4386;
2089;-16.2454;
2090;-17.3229;
2091;-19.7115;
2092;-15.4587;
2093;-19.2568;
2094;-15.7006;
2095;-15.7092;
2096;-33.7558;
2097;-17.2084;
2098;-20.4845;
2099;-20.7288;
2100;-17.0667;
2101;-21.5306;
2102;-18.6022;
2103;-17.8068;
2104;-18.4529;
2105;-14.5673;
2106;-15.2746;
2107;-19.8043;
2108;-16.6281;
2109;-33.4341;
2110;-16.9684;
2111;-16.6432;
2112;-22.2874;
2113;-19.6414;
2114;-18.2952;
2115;-27.3438;
2116;-15.4867;
2117;-16.5847;
2118;-16.2719;
2119;-15.7387;
2120;-19.9215;
2121;-15.9561;
2122;-19.1752;
2123;-22.6632;
2124;-22.3281;
2125;-17.5815;
2126;-19.6164;
2127;-17.3248;
2128;-18.3736;
2129;-15.6724;
2130;-15.7176;
2131;-19.8255;
2132;-15.8714;
2133;-19.2968;
2134;-18.91;
2135;-19.7369;
2136;-19.0348;
2137;-22.2521;
2138;-20.4641;
2139;-23.9274;
2140;-16.74;
2141;-18.8573;
2142;-16.7922;
2143;-16.4855;
2144;-19.6921;
2145;-15.3065;
2146;-19.3628;
2147;-17.7666;
2148;-18.3229;
2149;-20.5988;
2150;-18.1315;
2151;-21.3039;
2152;-30.5659;
2153;-20.056;
2154;-22.6755;
2155;-18.4896;
2156;-17.191;
2157;-17.2934;
2158;-16.5933;
2159;-16.979;
2160;-18.3099;
2161;-16.2351;
2162;-19.6253;
2163;-17.7013;
2164;-17.2557;
2165;-20.0646;
2166;-17.6254;
2167;-17.4754;
2168;-20.075;
2169;-17.1155;
2170;-17.0832;
2171;-17.9737;
2172;-15.4573;
2173;-17.7793;
2174;-16.4734;
2175;-19.75;
2176;-16.9312;
2177;-16.9381;
2178;-18.3616;
2179;-17.5495;
2180;-21.9884;
2181;-19.8633;
2182;-18.4004;
2183;-16.1668;
2184;-20.2417;
2185;-19.9199;
2186;-20.7323;
2187;-17.5572;
2188;-16.7345;
2189;-19.2647;
2190;-15.8639;
2191;-19.566;
2192;-16.6858;
2193;-18.083;
2194;-22.24;
2195;-17.6131;
2196;-22.55;
2197;-19.1952;
2198;-21.7526;
2199;-22.691;
2200;-16.8946;
2201;-16.5854;
2202;-18.9028;
2203;-16.0692;
2204;-15.3915;
2205;-19.525;
2206;-15.1679;
2207;-16.2277;
2208;-14.9978;
2209;-15.8703;
2210;-17.7793;
2211;-16.0938;
2212;-19.9083;
2213;-16.6553;
2214;-18.4412;
2215;-18.6951;
2216;-26.3609;
2217;-17.0104;
2218;-20.7277;
2219;-15.3401;
2220;-18.119;
2221;-19.0007;
2222;-16.5475;
2223;-18.854;
2224;-15.2891;
2225;-17.652;
2226;-18.5132;
2227;-16.569;
2228;-17.9262;
2229;-16.4137;
2230;-22.4881;
2231;-16.1443;
2232;-16.6119;
2233;-17.4112;
2234;-15.2437;
2235;-21.1351;
2236;-17.282;
2237;-17.1302;
2238;-20.5348;
2239;-18.3816;
2240;-15.4883;
2241;-21.7445;
2242;-16.3535;
2243;-17.4833;
2244;-14.9153;
2245;-14.2139;
2246;-17.9551;
2247;-15.4025;
2248;-16.9189;
2249;-15.4019;
2250;-15.8168;
2251;-20.6785;
2252;-17.3896;
2253;-20.5769;
2254;-15.7782;
2255;-16.342;
2256;-19.6724;
2257;-15.9136;
2258;-18.1374;
2259;-18.3475;
2260;-19.8579;
2261;-18.9463;
2262;-18.4549;
2263;-19.7716;
2264;-24.3443;
2265;-17.1032;
2266;-19.4269;
2267;-17.4709;
2268;-15.417;
2269;-16.7633;
2270;-14.279;
2271;-15.6338;
2272;-16.3595;
2273;-15.808;
2274;-17.9996;
2275;-15.4379;
2276;-15.8717;
2277;-15.8483;
2278;-14.8414;
2279;-17.516;
2280;-15.6513;
2281;-15.2653;
2282;-14.5739;
2283;-14.2698;
2284;-14.997;
2285;-13.5282;
2286;-14.3988;
2287;-13.8533;
2288;-14.8908;
2289;-17.0703;
2290;-15.1457;
2291;-18.629;
2292;-16.3491;
2293;-17.1801;
2294;-18.4064;
2295;-15.3363;
2296;-18.3845;
2297;-21.5127;
2298;-19.6541;
2299;-17.9416;
2300;-15.0296;
2301;-17.464;
2302;-15.9888;
2303;-16.7343;
2304;-16.7287;
2305;-15.9138;
2306;-21.5661;
2307;-17.8593;
2308;-19.717;
2309;-18.317;
2310;-18.5032;
2311;-19.2185;
2312;-18.2478;
2313;-20.2472;
2314;-23.3139;
2315;-18.3422;
2316;-18.929;
2317;-17.013;
2318;-21.3917;
2319;-18.3721;
2320;-20.3415;
2321;-20.0053;
2322;-18.063;
2323;-23.0286;
2324;-19.9464;
2325;-17.7261;
2326;-19.0695;
2327;-19.5701;
2328;-18.0752;
2329;-19.1194;
2330;-18.0378;
2331;-21.4291;
2332;-18.7693;
2333;-19.0064;
2334;-17.9684;
2335;-27.4475;
2336;-20.0599;
2337;-24.1631;
2338;-20.6827;
2339;-20.2306;
2340;-27.5643;
2341;-26.4933;
2342;-19.8624;
2343;-19.0818;
2344;-22.9959;
2345;-19.22;
2346;-22.6148;
2347;-19.1195;
2348;-22.8719;
2349;-18.8831;
2350;-18.1091;
2351;-17.5251;
2352;-21.1568;
2353;-18.6405;
2354;-18.6597;
2355;-22.7863;
2356;-18.8694;
2357;-26.508;
2358;-23.3301;
2359;-18.0788;
2360;-17.3266;
2361;-22.9817;
2362;-24.5557;
2363;-27.4326;
2364;-22.2604;
2365;-20.3627;
2366;-20.3757;
2367;-18.7144;
2368;-18.7141;
2369;-21.0348;
2370;-18.573;
2371;-16.1112;
2372;-19.2123;
2373;-19.9865;
2374;-20.2143;
2375;-22.4532;
2376;-18.6554;
2377;-16.6238;
2378;-21.9949;
2379;-21.243;
2380;-19.764;
2381;-20.3297;
2382;-20.2494;
2383;-19.1657;
2384;-19.8181;
2385;-18.6878;
2386;-20.5512;
2387;-18.3179;
2388;-17.9016;
2389;-20.1505;
2390;-21.0066;
2391;-18.3791;
2392;-20.1468;
2393;-21.1883;
2394;-18.6879;
2395;-23.5357;
2396;-19.0627;
2397;-21.1872;
2398;-21.6267;
2399;-23.1859;
2400;-16.9937;
2401;-19.9815;
2402;-20.4321;
2403;-21.5063;
2404;-19.1314;
2405;-18.783;
2406;-19.0894;
2407;-20.374;
2408;-23.6751;
2409;-20.2472;
2410;-28.2908;
2411;-18.7954;
2412;-18.489;
2413;-24.2198;
2414;-23.8813;
2415;-20.5796;
2416;-23.5466;
2417;-18.6017;
2418;-18.3657;
2419;-31.6917;
2420;-21.4063;
2421;-20.6775;
2422;-20.0361;
2423;-18.926;
2424;-19.807;
2425;-23.2115;
2426;-19.0243;
2427;-20.6482;
2428;-19.9024;
2429;-17.0275;
2430;-20.9365;
2431;-23.2864;
2432;-17.1814;
2433;-18.3139;
2434;-20.8146;
2435;-18.2375;
2436;-19.094;
2437;-20.2127;
2438;-19.4714;
2439;-19.4316;
2440;-17.9128;
2441;-18.2402;
2442;-21.5314;
2443;-18.6462;
2444;-24.7619;
2445;-18.1765;
2446;-18.102;
2447;-20.9629;
2448;-22.3711;
2449;-18.7941;
2450;-19.024;
2451;-21.6232;
2452;-18.9304;
2453;-18.7028;
2454;-20.6352;
2455;-20.9555;
2456;-18.2308;
2457;-19.5727;
2458;-17.6719;
2459;-21.4805;
2460;-19.0725;
2461;-20.243;
2462;-18.226;
2463;-20.2944;
2464;-22.0389;
2465;-21.832;
2466;-19.6458;
2467;-19.8355;
2468;-23.6953;
2469;-25.4147;
2470;-19.4293;
2471;-19.5491;
2472;-23.7903;
2473;-20.4128;
2474;-19.8275;
2475;-21.1505;
2476;-19.5118;
2477;-22.0187;
2478;-19.8251;
2479;-17.691;
2480;-20.9297;
2481;-18.7507;
2482;-18.3131;
2483;-20.3723;
2484;-18.8637;
2485;-23.0696;
2486;-26.3142;
2487;-17.7389;
2488;-16.9052;
2489;-21.7911;
2490;-21.1172;
2491;-20.8379;
2492;-19.4495;
2493;-18.6618;
2494;-19.3285;
2495;-20.8853;
2496;-17.8889;
2497;-18.4149;
2498;-19.0542;
2499;-17.7455;
2500;-20.9292;
2501;-20.1314;
2502;-22.4132;
2503;-20.605;
2504;-19.9765;
2505;-18.1297;
2506;-19.6175;
2507;-21.4332;
2508;-20.2483;
2509;-20.7519;
2510;-24.7143;
2511;-21.1107;
2512;-20.2425;
2513;-21.4051;
2514;-18.7569;
2515;-18.7348;
2516;-22.0879;
2517;-21.2498;
2518;-19.3052;
2519;-20.9073;
2520;-19.4042;
2521;-24.0941;
2522;-18.7724;
2523;-17.5039;
2524;-20.4054;
2525;-24.0759;
2526;-19.3532;
2527;-19.8594;
2528;-19.6691;
2529;-16.925;
2530;-24.7778;
2531;-22.3531;
2532;-18.7201;
2533;-18.3932;
2534;-22.6183;
2535;-17.5363;
2536;-18.5401;
2537;-20.2731;
2538;-21.2429;
2539;-18.5826;
2540;-16.4592;
2541;-19.4358;
2542;-20.6181;
2543;-21.2705;
2544;-19.0458;
2545;-21.2307;
2546;-18.166;
2547;-24.0337;
2548;-25.682;
2549;-18.8157;
2550;-18.8959;
2551;-23.4869;
2552;-21.4402;
2553;-18.5042;
2554;-20.6141;
2555;-24.2787;
2556;-21.3475;
2557;-20.9832;
2558;-19.3403;
2559;-17.7394;
2560;-20.7661;
2561;-21.362;
2562;-22.9429;
2563;-21.7529;
2564;-24.0251;
2565;-19.0104;
2566;-27.8846;
2567;-20.7084;
2568;-19.5958;
2569;-22.9573;
2570;-18.4536;
2571;-17.1922;
2572;-18.4308;
2573;-22.1898;
2574;-18.2276;
2575;-22.1767;
2576;-16.5742;
2577;-17.7586;
2578;-19.3354;
2579;-22.9383;
2580;-18.3966;
2581;-21.3787;
2582;-19.128;
2583;-24.5691;
2584;-22.8884;
2585;-21.2587;
2586;-27.8388;
2587;-22.678;
2588;-19.879;
2589;-19.4545;
2590;-32.245;
2591;-19.2113;
2592;-19.8572;
2593;-21.3325;
2594;-20.6471;
2595;-17.877;
2596;-22.7307;
2597;-18.6608;
2598;-20.3203;
2599;-22.198;
2600;-23.9503;
2601;-19.3591;
2602;-20.3427;
2603;-21.1084;
2604;-19.3104;
2605;-22.9425;
2606;-18.4983;
2607;-20.3879;
2608;-20.0013;
2609;-19.3852;
2610;-18.0323;
2611;-25.2676;
2612;-16.6981;
2613;-16.986;
2614;-20.6462;
2615;-19.3097;
2616;-17.4371;
2617;-20.6003;
2618;-20.4518;
2619;-19.3059;
2620;-20.5841;
2621;-21.138;
2622;-22.8963;
2623;-23.3977;
2624;-24.2211;
2625;-21.4521;
2626;-24.016;
2627;-21.0115;
2628;-20.7037;
2629;-22.6692;
2630;-20.3255;
2631;-24.2443;
2632;-24.1665;
2633;-17.6508;
2634;-16.0435;
2635;-19.7611;
2636;-24.0481;
2637;-19.931;
2638;-18.6852;
2639;-21.165;
2640;-18.2715;
2641;-19.7359;
2642;-19.2755;
2643;-19.3714;
2644;-23.1888;
2645;-21.0293;
2646;-20.4506;
2647;-18.5303;
2648;-21.1948;
2649;-18.584;
2650;-23.6318;
2651;-17.6173;
2652;-18.3917;
2653;-20.3236;
2654;-18.9895;
2655;-18.0296;
2656;-25.4386;
2657;-19.7878;
2658;-18.3262;
2659;-24.9609;
2660;-21.313;
2661;-19.3334;
2662;-21.7142;
2663;-18.3572;
2664;-18.2008;
2665;-20.0285;
2666;-20.2532;
2667;-23.5425;
2668;-20.9665;
2669;-24.5734;
2670;-17.8509;
2671;-18.1055;
2672;-20.6579;
2673;-19.4263;
2674;-22.3638;
2675;-19.9724;
2676;-19.25;
2677;-19.7852;
2678;-21.0975;
2679;-17.6678;
2680;-18.1631;
2681;-23.8154;
2682;-22.5244;
2683;-19.8718;
2684;-23.5579;
2685;-18.0716;
2686;-18.8963;
2687;-20.335;
2688;-19.8663;
2689;-18.5917;
2690;-20.714;
2691;-18.5211;
2692;-18.9665;
2693;-21.3107;
2694;-22.9686;
2695;-27.037;
2696;-19.7213;
2697;-21.1666;
2698;-20.3791;
2699;-19.7124;
2700;-21.6579;
2701;-20.5214;
2702;-26.1381;
2703;-19.6629;
2704;-20.5295;
2705;-20.1979;
2706;-19.6267;
2707;-16.4138;
2708;-20.1432;
2709;-21.0422;
2710;-18.4413;
2711;-17.8099;
2712;-19.4382;
2713;-20.0627;
2714;-21.1502;
2715;-20.0655;
2716;-19.254;
2717;-23.1721;
2718;-19.5737;
2719;-21.2291;
2720;-22.858;
2721;-20.9166;
2722;-18.5352;
2723;-23.5253;
2724;-18.1999;
2725;-20.3797;
2726;-20.4851;
2727;-21.9524;
2728;-17.6354;
2729;-19.0941;
2730;-23.1338;
2731;-22.3799;
2732;-22.0498;
2733;-21.4719;
2734;-23.8058;
2735;-19.9661;
2736;-20.4556;
2737;-21.1127;
2738;-19.2683;
2739;-19.6527;
2740;-19.426;
2741;-22.9416;
2742;-21.2041;
2743;-17.1006;
2744;-17.0979;
2745;-20.5159;
2746;-18.638;
2747;-19.5204;
2748;-27.7226;
2749;-17.2267;
2750;-17.6125;
2751;-23.1448;
2752;-21.9887;
2753;-20.5978;
2754;-29.1927;
2755;-26.1818;
2756;-19.4306;
2757;-19.2913;
2758;-25.3731;
2759;-21.3314;
2760;-22.8801;
2761;-19.4851;
2762;-23.5824;
2763;-19.8225;
2764;-22.8014;
2765;-18.3488;
2766;-20.0604;
2767;-22.0312;
2768;-20.9752;
2769;-23.171;
2770;-23.2216;
2771;-18.2563;
2772;-17.1222;
2773;-24.3928;
2774;-20.5697;
2775;-18.6958;
2776;-20.8792;
2777;-19.2698;
2778;-17.3288;
2779;-27.3611;
2780;-17.8882;
2781;-20.5408;
2782;-20.9915;
2783;-26.0424;
2784;-18.1434;
2785;-21.0176;
2786;-23.4245;
2787;-20.9665;
2788;-25.3091;
2789;-19.8008;
2790;-21.214;
2791;-22.2334;
2792;-20.7775;
2793;-18.4224;
2794;-19.7352;
2795;-22.4025;
2796;-19.4944;
2797;-21.2905;
2798;-20.0458;
2799;-16.6928;
2800;-17.3385;
2801;-21.5171;
2802;-18.3083;
2803;-17.6659;
2804;-19.0068;
2805;-23.1903;
2806;-18.1867;
2807;-25.8109;
2808;-19.6295;
2809;-18.3292;
2810;-21.1957;
2811;-36.3721;
2812;-20.0809;
2813;-18.6962;
2814;-24.3103;
2815;-23.263;
2816;-23.6142;
2817;-19.4554;
2818;-23.6658;
2819;-21.3853;
2820;-21.9796;
2821;-18.4586;
2822;-18.5028;
2823;-21.3075;
2824;-19.5709;
2825;-18.4741;
2826;-21.0057;
2827;-18.2499;
2828;-17.7462;
2829;-29.7372;
2830;-19.4273;
2831;-18.3085;
2832;-20.5887;
2833;-22.6092;
2834;-18.7427;
2835;-20.9636;
2836;-20.6064;
2837;-19.2767;
2838;-25.2205;
2839;-21.8591;
2840;-21.6901;
2841;-18.0823;
2842;-21.7133;
2843;-19.1151;
2844;-26.8387;
2845;-19.8383;
2846;-19.4488;
2847;-19.5594;
2848;-29.9377;
2849;-19.9247;
2850;-20.7862;
2851;-22.7312;
2852;-21.6556;
2853;-20.0197;
2854;-30.9822;
2855;-18.3669;
2856;-16.2471;
2857;-19.0246;
2858;-21.0778;
2859;-20.3502;
2860;-18.3362;
2861;-26.3811;
2862;-18.0048;
2863;-19.6949;
2864;-20.8443;
2865;-21.9084;
2866;-25.8638;
2867;-34.3517;
2868;-20.6363;
2869;-22.0429;
2870;-22.4518;
2871;-19.9995;
2872;-24.5524;
2873;-25.8767;
2874;-18.7671;
2875;-17.3167;
2876;-20.4936;
2877;-20.5538;
2878;-16.7523;
2879;-17.9892;
2880;-20.7895;
2881;-21.3476;
2882;-19.1651;
2883;-18.8888;
2884;-16.7923;
2885;-19.2221;
2886;-33.4561;
2887;-21.4145;
2888;-20.2611;
2889;-22.7659;
2890;-22.8256;
2891;-21.9873;
2892;-22.002;
2893;-19.7729;
2894;-19.0375;
2895;-20.0487;
2896;-20.1448;
2897;-20.2361;
2898;-21.0447;
2899;-19.6906;
2900;-20.0357;
2901;-22.9544;
2902;-23.5434;
2903;-20.3437;
2904;-19.4454;
2905;-21.2765;
2906;-18.1581;
2907;-19.0746;
2908;-19.0271;
2909;-21.3508;
2910;-17.6437;
2911;-24.4276;
2912;-18.1356;
2913;-18.7389;
2914;-21.4214;
2915;-22.7604;
2916;-21.6358;
2917;-22.1567;
2918;-20.7959;
2919;-22.0152;
2920;-26.4801;
2921;-23.3174;
2922;-18.785;
2923;-18.0975;
2924;-18.5718;
2925;-19.5131;
2926;-20.1386;
2927;-18.3626;
2928;-17.7079;
2929;-18.8945;
2930;-20.8988;
2931;-18.7803;
2932;-17.9365;
2933;-22.9776;
2934;-24.222;
2935;-22.6557;
2936;-20.4386;
2937;-23.4333;
2938;-19.9038;
2939;-18.5625;
2940;-22.2788;
2941;-22.1553;
2942;-18.1495;
2943;-19.7474;
2944;-23.0527;
2945;-19.0414;
2946;-19.1838;
2947;-18.7991;
2948;-25.1482;
2949;-21.0796;
2950;-26.2779;
2951;-17.9885;
2952;-18.9199;
2953;-24.1582;
2954;-22.7263;
2955;-20.8564;
2956;-20.0557;
2957;-20.2768;
2958;-19.376;
2959;-24.3441;
2960;-19.0651;
2961;-17.4467;
2962;-19.1007;
2963;-22.6344;
2964;-20.9868;
2965;-27.5546;
2966;-21.8952;
2967;-18.7682;
2968;-19.6062;
2969;-21.2675;
2970;-22.0604;
2971;-16.6752;
2972;-19.3177;
2973;-20.1436;
2974;-20.4154;
2975;-18.0129;
2976;-23.8727;
2977;-18.5283;
2978;-19.4719;
2979;-21.9318;
2980;-26.2516;
2981;-22.9838;
2982;-25.185;
2983;-23.9331;
2984;-19.4736;
2985;-22.7536;
2986;-18.7249;
2987;-19.9579;
2988;-22.4606;
2989;-19.2063;
2990;-17.734;
2991;-19.2144;
2992;-21.673;
2993;-19.0619;
2994;-23.8378;
2995;-20.7885;
2996;-23.6421;
2997;-20.4568;
2998;-20.718;
2999;-19.1128;
3000;-18.3869;
3001;-18.4751;
3002;-21.5131;
3003;-20.8902;
3004;-22.2245;
3005;-20.5803;
3006;-18.9553;
3007;-22.4868;
3008;-21.3517;
3009;-22.6625;
3010;-20.3999;
3011;-22.1782;
3012;-18.8196;
3013;-21.9321;
3014;-25.2527;
3015;-18.2933;
3016;-18.0901;
3017;-19.3115;
3018;-25.9983;
3019;-18.8782;
3020;-21.2243;
3021;-21.9151;
3022;-20.6031;
3023;-19.517;
3024;-21.9471;
3025;-20.4397;
3026;-18.915;
3027;-23.5705;
3028;-23.962;
3029;-18.4939;
3030;-17.5874;
3031;-26.1876;
3032;-18.7142;
3033;-20.5627;
3034;-19.2447;
3035;-19.8297;
3036;-18.7124;
3037;-23.8071;
3038;-21.1964;
3039;-18.6019;
3040;-19.1053;
3041;-23.6996;
3042;-26.8832;
3043;-24.1522;
3044;-29.4563;
3045;-20.4769;
3046;-18.8661;
3047;-23.9152;
3048;-26.995;
3049;-17.954;
3050;-18.6005;
3051;-19.6813;
3052;-17.229;
3053;-25.4245;
3054;-19.3314;
3055;-18.5773;
3056;-18.1118;
3057;-24.4327;
3058;-21.4673;
3059;-21.6388;
3060;-21.223;
3061;-24.8363;
3062;-18.7522;
3063;-19.6411;
3064;-26.1272;
3065;-19.9945;
3066;-17.9071;
3067;-21.6867;
3068;-26.3861;
3069;-20.0874;
3070;-21.5503;
3071;-22.4354;
3072;-19.16;
3073;-23.4898;
3074;-18.8042;
3075;-21.2172;
3076;-18.8857;
3077;-22.9373;
3078;-19.0148;
3079;-21.6799;
3080;-19.247;
3081;-23.2373;
3082;-22.8841;
3083;-23.0811;
3084;-20.0935;
3085;-21.211;
3086;-18.676;
3087;-19.8458;
3088;-24.6428;
3089;-18.4191;
3090;-22.1893;
3091;-17.3728;
3092;-17.1275;
3093;-26.4265;
3094;-19.5495;
3095;-17.4422;
3096;-19.2918;
3097;-26.301;
3098;-22.6779;
3099;-25.0071;
3100;-21.4619;
3101;-25.989;
3102;-18.0824;
3103;-19.4694;
3104;-26.8872;
3105;-22.8933;
3106;-16.7969;
3107;-19.3954;
3108;-20.8025;
3109;-19.6955;
3110;-20.9584;
3111;-19.557;
3112;-20.2456;
3113;-25.4393;
3114;-22.2786;
3115;-20.6666;
3116;-24.2492;
3117;-21.4196;
3118;-20.8978;
3119;-21.8535;
3120;-23.889;
3121;-21.794;
3122;-19.0975;
3123;-23.9575;
3124;-21.2413;
3125;-19.7402;
3126;-18.3297;
3127;-20.2129;
3128;-19.492;
3129;-17.6319;
3130;-31.2826;
3131;-19.8313;
3132;-18.4949;
3133;-20.8281;
3134;-21.3011;
3135;-18.1225;
3136;-19.7433;
3137;-20.2118;
3138;-28.52;
3139;-22.6727;
3140;-28.2131;
3141;-21.6175;
3142;-21.4101;
3143;-20.9446;
3144;-20.8719;
3145;-23.2345;
3146;-19.0419;
3147;-19.6672;
3148;-19.359;
3149;-19.7132;
3150;-23.6555;
3151;-18.6728;
3152;-19.2864;
3153;-23.7292;
3154;-25.9861;
3155;-22.1856;
3156;-21.4502;
3157;-20.72;
3158;-21.4954;
3159;-18.5404;
3160;-18.5956;
3161;-18.8006;
3162;-18.9271;
3163;-18.3877;
3164;-21.4506;
3165;-18.5283;
3166;-18.3431;
3167;-26.3838;
3168;-20.7128;
3169;-19.6457;
3170;-21.5419;
3171;-21.5415;
3172;-19.5591;
3173;-19.0273;
3174;-21.4616;
3175;-26.0272;
3176;-21.0773;
3177;-17.4654;
3178;-22.3984;
3179;-21.8722;
3180;-22.6586;
3181;-20.8177;
3182;-22.3426;
3183;-20.8632;
3184;-21.6046;
3185;-26.5863;
3186;-20.8389;
3187;-22.21;
3188;-18.9228;
3189;-19.0033;
3190;-22.8086;
3191;-19.7252;
3192;-17.1539;
3193;-20.9711;
3194;-26.0938;
3195;-20.1502;
3196;-24.2127;
3197;-20.2437;
3198;-20.9722;
3199;-17.9422;
3200;-18.0387;
3201;-20.8415;
3202;-18.7699;
3203;-18.8762;
3204;-21.3912;
3205;-20.8689;
3206;-22.5005;
3207;-21.0503;
3208;-22.676;
3209;-22.5764;
3210;-18.002;
3211;-20.6264;
3212;-21.589;
3213;-20.1626;
3214;-20.0393;
3215;-20.5648;
3216;-21.0043;
3217;-19.3093;
3218;-22.7448;
3219;-23.2258;
3220;-21.5584;
3221;-21.6742;
3222;-27.1381;
3223;-20.5501;
3224;-21.5863;
3225;-20.5124;
3226;-20.1999;
3227;-22.1161;
3228;-22.8558;
3229;-19.3441;
3230;-17.8642;
3231;-22.0939;
3232;-21.2955;
3233;-19.902;
3234;-19.7757;
3235;-26.5956;
3236;-20.5118;
3237;-21.3022;
3238;-22.523;
3239;-21.4041;
3240;-18.9359;
3241;-17.129;
3242;-19.1636;
3243;-24.2525;
3244;-19.9106;
3245;-21.4046;
3246;-19.7988;
3247;-20.2872;
3248;-18.6478;
3249;-26.1272;
3250;-22.8422;
3251;-20.6037;
3252;-18.0496;
3253;-22.7182;
3254;-21.9271;
3255;-24.1955;
3256;-21.4269;
3257;-22.922;
3258;-19.3688;
3259;-19.5322;
3260;-24.6392;
3261;-20.5756;
3262;-28.0022;
3263;-21.0686;
3264;-20.0077;
3265;-20.2305;
3266;-26.4298;
3267;-20.2713;
3268;-22.3045;
3269;-20.0537;
3270;-24.062;
3271;-22.5349;
3272;-22.2776;
3273;-24.4944;
3274;-20.8569;
3275;-18.2438;
3276;-19.7873;
3277;-24.4783;
3278;-20.4706;
3279;-18.3706;
3280;-25.5345;
3281;-18.4716;
3282;-19.6786;
3283;-20.6121;
3284;-22.5027;
3285;-18.6978;
3286;-21.3967;
3287;-28.2436;
3288;-21.8604;
3289;-20.187;
3290;-17.6884;
3291;-23.3369;
3292;-19.6063;
3293;-19.8174;
3294;-20.1819;
3295;-21.5152;
3296;-18.7312;
3297;-28.0403;
3298;-22.6571;
3299;-26.9187;
3300;-19.4221;
3301;-19.6599;
3302;-22.371;
3303;-23.406;
3304;-26.5446;
3305;-22.6254;
3306;-18.9465;
3307;-18.9318;
3308;-21.1549;
3309;-24.2893;
3310;-20.0229;
3311;-23.273;
3312;-19.5062;
3313;-20.0693;
3314;-22.7702;
3315;-21.8834;
3316;-19.4569;
3317;-19.1493;
3318;-22.9174;
3319;-19.3272;
3320;-29.1454;
3321;-19.832;
3322;-27.3993;
3323;-17.8673;
3324;-17.7914;
3325;-19.8436;
3326;-20.8864;
3327;-18.1353;
3328;-20.4039;
3329;-26.0359;
3330;-21.1492;
3331;-21.9069;
3332;-19.3059;
3333;-22.7048;
3334;-19.1621;
3335;-18.9116;
3336;-20.3639;
3337;-24.6921;
3338;-19.6474;
3339;-19.484;
3340;-23.9557;
3341;-24.6395;
3342;-20.5336;
3343;-19.7448;
3344;-28.2691;
3345;-20.648;
3346;-20.3928;
3347;-24.6344;
3348;-23.2955;
3349;-29.6682;
3350;-21.2813;
3351;-20.7849;
3352;-24.1151;
3353;-21.1155;
3354;-21.7912;
3355;-19.6994;
3356;-19.5262;
3357;-21.4816;
3358;-19.773;
3359;-18.9605;
3360;-21.6573;
3361;-21.0139;
3362;-20.9818;
3363;-19.71;
3364;-18.5946;
3365;-22.7565;
3366;-18.4909;
3367;-17.4087;
3368;-18.4124;
3369;-21.9352;
3370;-19.1552;
3371;-25.379;
3372;-20.733;
3373;-20.4542;
3374;-18.6991;
3375;-17.7781;
3376;-22.3254;
3377;-19.9734;
3378;-18.5941;
3379;-19.5957;
3380;-20.3292;
3381;-21.1293;
3382;-23.5244;
3383;-23.469;
3384;-19.3283;
3385;-19.0177;
3386;-19.1117;
3387;-21.7139;
3388;-21.2483;
3389;-20.4151;
3390;-22.0839;
3391;-18.7016;
3392;-23.9256;
3393;-20.1343;
3394;-24.6279;
3395;-21.9699;
3396;-20.2726;
3397;-19.7205;
3398;-23.3144;
3399;-21.3926;
3400;-20.28;
3401;-20.3494;
3402;-18.7852;
3403;-23.2323;
3404;-21.2446;
3405;-21.0792;
3406;-19.9133;
3407;-26.7036;
3408;-20.0261;
3409;-23.6875;
3410;-19.0017;
3411;-21.3585;
3412;-21.9489;
3413;-19.7816;
3414;-22.2721;
3415;-29.6049;
3416;-22.2586;
3417;-19.6409;
3418;-22.8265;
3419;-24.4879;
3420;-21.4408;
3421;-20.5491;
3422;-22.9844;
3423;-23.6204;
3424;-19.3223;
3425;-20.6036;
3426;-27.3209;
3427;-23.8272;
3428;-20.5287;
3429;-20.8757;
3430;-26.422;
3431;-20.6268;
3432;-19.8835;
3433;-22.7021;
3434;-22.5481;
3435;-18.5421;
3436;-18.2537;
3437;-22.0947;
3438;-26.4247;
3439;-21.7356;
3440;-19.4588;
3441;-22.017;
3442;-19.127;
3443;-17.7073;
3444;-19.7613;
3445;-22.8501;
3446;-21.1765;
3447;-18.9816;
3448;-19.2403;
3449;-18.1864;
3450;-22.2762;
3451;-19.5919;
3452;-23.5122;
3453;-21.9682;
3454;-20.2269;
3455;-20.3005;
3456;-21.7107;
3457;-21.3514;
3458;-21.913;
3459;-19.0713;
3460;-16.8488;
3461;-20.757;
3462;-23.2936;
3463;-27.8775;
3464;-23.2802;
3465;-21.997;
3466;-21.5743;
3467;-24.4679;
3468;-18.2781;
3469;-17.9405;
3470;-21.265;
3471;-17.9501;
3472;-18.1165;
3473;-23.7451;
3474;-22.2421;
3475;-27.4535;
3476;-25.3304;
3477;-22.6478;
3478;-22.1221;
3479;-18.947;
3480;-18.4531;
3481;-20.2863;
3482;-21.9005;
3483;-17.29;
3484;-19.5703;
3485;-22.3985;
3486;-23.1757;
3487;-22.0921;
3488;-22.8169;
3489;-21.3743;
3490;-24.7428;
3491;-21.7809;
3492;-19.1617;
3493;-22.7153;
3494;-18.329;
3495;-18.1094;
3496;-22.3601;
3497;-23.7282;
3498;-21.097;
3499;-21.7148;
3500;-22.9988;
3501;-27.2347;
3502;-22.8609;
3503;-20.228;
3504;-20.2046;
3505;-22.2667;
3506;-18.7415;
3507;-21.9487;
3508;-22.4214;
3509;-24.8383;
3510;-24.1537;
3511;-27.613;
3512;-21.833;
3513;-20.3811;
3514;-20.0521;
3515;-20.8413;
3516;-27.6343;
3517;-22.6238;
3518;-24.8415;
3519;-22.1052;
3520;-19.9421;
3521;-20.2562;
3522;-26.0388;
3523;-28.6537;
3524;-21.5678;
3525;-20.7465;
3526;-26.3075;
3527;-23.4667;
3528;-25.8089;
3529;-22.1163;
3530;-23.5935;
3531;-18.8506;
3532;-19.0062;
3533;-21.7034;
3534;-24.8142;
3535;-21.1044;
3536;-20.9546;
3537;-22.8106;
3538;-22.3203;
3539;-21.8581;
3540;-18.4943;
3541;-17.9379;
3542;-23.3036;
3543;-20.3476;
3544;-20.0398;
3545;-21.1529;
3546;-20.8588;
3547;-18.5598;
3548;-19.2163;
3549;-21.3474;
3550;-21.963;
3551;-19.2234;
3552;-17.3424;
3553;-21.5446;
3554;-23.7829;
3555;-22.2197;
3556;-19.4866;
3557;-26.2787;
3558;-21.3863;
3559;-21.4403;
3560;-21.1573;
3561;-19.9148;
3562;-22.6913;
3563;-19.2135;
3564;-19.1682;
3565;-21.5426;
3566;-24.6284;
3567;-27.2964;
3568;-29.8495;
3569;-23.9422;
3570;-23.1227;
3571;-22.209;
3572;-21.02;
3573;-21.828;
3574;-24.2231;
3575;-22.0044;
3576;-21.4562;
3577;-23.2876;
3578;-22.9513;
3579;-27.3649;
3580;-25.8145;
3581;-24.5637;
3582;-22.7866;
3583;-19.6687;
3584;-24.2877;
3585;-20.762;
3586;-23.7507;
3587;-21.7627;
3588;-23.6693;
3589;-22.136;
3590;-23.3503;
3591;-29.8661;
3592;-22.9003;
3593;-23.3776;
3594;-19.2182;
3595;-27.6747;
3596;-21.0215;
3597;-25.1467;
3598;-21.5955;
3599;-22.106;
3600;-21.0033;
3601;-21.0418;
3602;-20.4925;
3603;-18.8767;
3604;-27.0439;
3605;-18.9478;
3606;-21.4532;
3607;-22.9722;
3608;-24.9296;
3609;-21.9902;
3610;-18.998;
3611;-18.9097;
3612;-25.3927;
3613;-23.7376;
3614;-18.7968;
3615;-19.2028;
3616;-27.8446;
3617;-21.4803;
3618;-25.4716;
3619;-21.8829;
3620;-19.757;
3621;-20.395;
3622;-18.9011;
3623;-19.4016;
3624;-20.6134;
3625;-24.3752;
3626;-21.1319;
3627;-27.072;
3628;-23.9668;
3629;-22.3279;
3630;-20.6511;
3631;-18.8722;
3632;-19.501;
3633;-22.7625;
3634;-21.7352;
3635;-20.2862;
3636;-25.4909;
3637;-28.284;
3638;-23.2538;
3639;-20.8273;
3640;-20.1726;
3641;-23.3304;
3642;-21.7872;
3643;-19.6851;
3644;-20.2363;
3645;-34.3438;
3646;-25.6291;
3647;-24.3601;
3648;-29.862;
3649;-22.5512;
3650;-22.5863;
3651;-21.0791;
3652;-24.0456;
3653;-21.4329;
3654;-22.5066;
3655;-24.3996;
3656;-24.5959;
3657;-23.9702;
3658;-22.9895;
3659;-26.1027;
3660;-21.0176;
3661;-21.3712;
3662;-24.915;
3663;-23.3607;
3664;-21.3468;
3665;-21.5141;
3666;-23.4501;
3667;-20.8179;
3668;-21.7487;
3669;-23.5279;
3670;-22.4165;
3671;-21.3157;
3672;-22.2897;
3673;-27.0711;
3674;-20.7596;
3675;-23.4222;
3676;-28.2191;
3677;-22.0713;
3678;-19.2336;
3679;-22.6034;
3680;-22.2291;
3681;-23.8116;
3682;-24.5572;
3683;-22.5795;
3684;-24.1261;
3685;-20.5125;
3686;-22.3367;
3687;-28.6637;
3688;-21.5683;
3689;-18.7045;
3690;-22.6264;
3691;-22.9176;
3692;-23.3994;
3693;-24.9239;
3694;-20.5005;
3695;-19.8295;
3696;-21.644;
3697;-20.6095;
3698;-20.2541;
3699;-22.4974;
3700;-20.011;
3701;-22.8725;
3702;-22.8086;
3703;-20.0907;
3704;-20.611;
3705;-22.1983;
3706;-20.6241;
3707;-22.7158;
3708;-24.4018;
3709;-21.0585;
3710;-22.5666;
3711;-21.9718;
3712;-19.8907;
3713;-22.6083;
3714;-23.272;
3715;-20.6309;
3716;-22.2334;
3717;-20.3801;
3718;-19.2528;
3719;-24.7605;
3720;-22.085;
3721;-21.9863;
3722;-29.4765;
3723;-21.1207;
3724;-20.5529;
3725;-26.0535;
3726;-21.4834;
3727;-21.4095;
3728;-26.6161;
3729;-19.7575;
3730;-21.4344;
3731;-22.3949;
3732;-21.5295;
3733;-19.5237;
3734;-21.6;
3735;-19.3708;
3736;-28.4492;
3737;-23.4186;
3738;-20.5793;
3739;-21.8346;
3740;-19.0051;
3741;-20.4327;
3742;-22.1199;
3743;-20.437;
3744;-18.4463;
3745;-25.0204;
3746;-23.6597;
3747;-21.9995;
3748;-22.8445;
3749;-20.9735;
3750;-20.7029;
3751;-20.8528;
3752;-20.0761;
3753;-19.7868;
3754;-21.4407;
3755;-19.1081;
3756;-21.3369;
3757;-21.0293;
3758;-26.0868;
3759;-21.9407;
3760;-21.5918;
3761;-19.0933;
3762;-25.8204;
3763;-22.9321;
3764;-20.4282;
3765;-21.1717;
3766;-22.5314;
3767;-29.7337;
3768;-19.3777;
3769;-24.0838;
3770;-23.4592;
3771;-23.4845;
3772;-19.6383;
3773;-29.3249;
3774;-24.9687;
3775;-21.4012;
3776;-21.4452;
3777;-22.2466;
3778;-24.4211;
3779;-21.5023;
3780;-23.4128;
3781;-20.9347;
3782;-24.0777;
3783;-22.0585;
3784;-24.7517;
3785;-20.5947;
3786;-25.9129;
3787;-25.406;
3788;-21.5599;
3789;-22.0191;
3790;-26.4048;
3791;-31.0391;
3792;-21.8728;
3793;-23.5697;
3794;-26.0882;
3795;-24.4075;
3796;-21.5088;
3797;-21.3248;
3798;-22.9229;
3799;-21.5123;
3800;-19.8338;
3801;-22.9188;
3802;-26.1922;
3803;-27.0789;
3804;-30.1411;
3805;-20.6492;
3806;-19.4623;
3807;-21.2531;
3808;-19.8729;
3809;-18.7626;
3810;-21.4682;
3811;-23.1135;
3812;-21.406;
3813;-24.1255;
3814;-22.9779;
3815;-24.849;
3816;-22.5346;
3817;-19.7342;
3818;-20.5355;
3819;-22.6099;
3820;-19.8856;
3821;-20.1127;
3822;-26.1916;
3823;-21.697;
3824;-30.5954;
3825;-20.9028;
3826;-22.0209;
3827;-24.9573;
3828;-19.6941;
3829;-19.593;
3830;-23.5245;
3831;-21.145;
3832;-21.8386;
3833;-37.4336;
3834;-21.4581;
3835;-26.1765;
3836;-21.8844;
3837;-19.9399;
3838;-20.7154;
3839;-19.3742;
3840;-19.0576;
3841;-24.3995;
3842;-27.3381;
3843;-22.4167;
3844;-25.5573;
3845;-20.5483;
3846;-20.4455;
3847;-21.9317;
3848;-20.7268;
3849;-19.3856;
3850;-20.2138;
3851;-21.9593;
3852;-24.8168;
3853;-26.066;
3854;-27.1563;
3855;-21.6205;
3856;-20.1151;
3857;-20.8092;
3858;-20.2713;
3859;-19.522;
3860;-19.4121;
3861;-20.2223;
3862;-26.3115;
3863;-27.6308;
3864;-23.6694;
3865;-22.1432;
3866;-19.4933;
3867;-19.0969;
3868;-22.1937;
3869;-20.8355;
3870;-19.0077;
3871;-20.4554;
3872;-21.9497;
3873;-32.1318;
3874;-28.4608;
3875;-24.0484;
3876;-21.1068;
3877;-20.2125;
3878;-22.3847;
3879;-26.0448;
3880;-20.4182;
3881;-19.5248;
3882;-21.1498;
3883;-22.1901;
3884;-26.5925;
3885;-25.1978;
3886;-20.3629;
3887;-20.1773;
3888;-19.9672;
3889;-21.0768;
3890;-22.7264;
3891;-20.4731;
3892;-19.5505;
3893;-23.6869;
3894;-23.0045;
3895;-28.48;
3896;-24.2851;
3897;-20.0953;
3898;-19.2145;
3899;-22.3062;
3900;-23.5491;
3901;-20.9375;
3902;-21.0844;
3903;-21.6741;
3904;-24.4573;
3905;-26.0169;
3906;-25.7264;
3907;-20.3591;
3908;-20.3739;
3909;-21.0475;
3910;-25.2831;
3911;-21.6651;
3912;-20.7256;
3913;-20.4677;
3914;-21.6676;
3915;-24.9059;
3916;-26.1945;
3917;-22.5741;
3918;-19.9527;
3919;-19.3184;
3920;-21.6682;
3921;-28.3672;
3922;-22.6174;
3923;-21.5786;
3924;-22.8973;
3925;-22.2379;
3926;-28.5149;
3927;-27.045;
3928;-20.9738;
3929;-20.0405;
3930;-21.7519;
3931;-24.4807;
3932;-23.1789;
3933;-22.445;
3934;-20.8865;
3935;-23.021;
3936;-21.6705;
3937;-32.4572;
3938;-22.9284;
3939;-20.8739;
3940;-20.4955;
3941;-24.0116;
3942;-26.6793;
3943;-22.9192;
3944;-22.9403;
3945;-21.3967;
3946;-24.0564;
3947;-23.3439;
3948;-23.0408;
3949;-21.0727;
3950;-20.9153;
3951;-22.3186;
3952;-30.4599;
3953;-26.3707;
3954;-22.8814;
3955;-22.3672;
3956;-20.6486;
3957;-25.0587;
3958;-30.2882;
3959;-22.5992;
3960;-20.5754;
3961;-20.8404;
3962;-21.7425;
3963;-31.9241;
3964;-26.2113;
3965;-22.0583;
3966;-22.5826;
3967;-21.7585;
3968;-25.1808;
3969;-25.0983;
3970;-22.4935;
3971;-20.594;
3972;-22.9532;
3973;-32.6891;
3974;-25.6812;
3975;-22.0232;
3976;-22.6825;
3977;-21.5173;
3978;-23.3068;
3979;-32.3127;
3980;-22.3574;
3981;-21.4767;
3982;-23.5778;
3983;-22.8487;
3984;-28.1953;
3985;-28.7156;
3986;-22.883;
3987;-23.5909;
3988;-23.3251;
3989;-23.5522;
3990;-26.0139;
3991;-22.8473;
3992;-20.6843;
3993;-23.6208;
3994;-23.584;
3995;-24.5828;
3996;-25.1503;
3997;-20.7909;
3998;-21.2899;
3999;-22.3007;
