0;0.0628499;
1;0.00637551;
2;0.0158961;
3;0.0160776;
4;0.0131592;
5;0.0158407;
6;0.00681722;
7;0.0140692;
8;0.0117086;
9;0.006419;
10;0.0111655;
11;0.00274854;
12;0.0185868;
13;0.0142904;
14;0.00966712;
15;0.0135988;
16;0.00368642;
17;0.0141708;
18;0.00500224;
19;0.0162114;
20;0.0130368;
21;0.00226854;
22;0.0154547;
23;0.0015648;
24;0.0126347;
25;0.0168893;
26;0.00857355;
27;0.0156167;
28;0.00488798;
29;0.0129645;
30;0.011133;
31;0.0141728;
32;0.0214728;
33;0.0058426;
34;0.011967;
35;0.00756009;
36;0.00985616;
37;0.0122989;
38;0.00935806;
39;0.0184608;
40;0.0130507;
41;0.0108641;
42;0.0157573;
43;0.00495213;
44;0.0224471;
45;0.00786283;
46;0.0110271;
47;0.0111227;
48;0.0078254;
49;0.019232;
50;0.00165375;
51;0.0182905;
52;0.0188689;
53;0.00457019;
54;0.0122715;
55;0.00233142;
56;0.0168688;
57;0.0126626;
58;0.012;
59;0.018442;
60;0.00433872;
61;0.0169017;
62;0.0124349;
63;0.0161693;
64;0.0180328;
65;0.00585338;
66;0.0114216;
67;0.00474916;
68;0.010505;
69;0.0121089;
70;0.00584452;
71;0.0200039;
72;0.0146744;
73;0.0107161;
74;0.0132837;
75;0.0144296;
76;0.0157223;
77;0.00671289;
78;0.00753905;
79;0.0120258;
80;0.0140978;
81;0.0115228;
82;0.00896518;
83;0.0150722;
84;0.0220581;
85;0.013477;
86;0.00557575;
87;0.0165523;
88;0.0130878;
89;0.0100614;
90;0.00915019;
91;0.0150645;
92;0.0207609;
93;0.0102294;
94;0.0175828;
95;0.0140996;
96;0.0137542;
97;0.0164592;
98;0.00367725;
99;0.018043;
100;0.0145428;
101;0.0102418;
102;0.0165925;
103;0.0130975;
104;0.0225235;
105;0.0136516;
106;0.014456;
107;0.0177187;
108;0.00778753;
109;0.0135034;
110;0.00262568;
111;0.0196677;
112;0.0187564;
113;0.00577741;
114;0.0149428;
115;0.0183691;
116;0.0189925;
117;0.00952542;
118;0.00853559;
119;0.0184336;
120;0.0122726;
121;0.00763585;
122;0.0123789;
123;0.0154982;
124;0.0149469;
125;0.0123549;
126;0.00553037;
127;0.0141703;
128;0.0149407;
129;0.00145364;
130;0.00782354;
131;0.00714052;
132;0.0159723;
133;0.00755194;
134;0.0142958;
135;0.0206141;
136;0.0101806;
137;0.0120022;
138;0.00652256;
139;0.0110812;
140;0.0136343;
141;0.00492352;
142;0.0114589;
143;0.00896088;
144;0.00751163;
145;0.00834125;
146;0.00702864;
147;0.0134513;
148;0.0108887;
149;0.00146971;
150;0.00571693;
151;0.00710013;
152;0.00481149;
153;0.00305128;
154;0.000875829;
155;0.0141868;
156;0.0110763;
157;0.0060345;
158;0.00810894;
159;0.0032072;
160;0.00280222;
161;0.0105815;
162;0.0158586;
163;0.0125842;
164;0.00832142;
165;0.0131584;
166;0.00581489;
167;0.00616357;
168;0.011217;
169;0.0167992;
170;0.00842156;
171;0.00496293;
172;0.00700632;
173;0.00607828;
174;0.0102619;
175;0.00992705;
176;0.0126379;
177;0.00846893;
178;0.00367391;
179;0.00516156;
180;0.00602533;
181;0.0105854;
182;0.0072763;
183;0.00321507;
184;0.00257302;
185;0.0124644;
186;0.00616983;
187;0.000956405;
188;0.00639131;
189;0.00560693;
190;0.0115695;
191;0.00549828;
192;0.0144982;
193;0.0135819;
194;0.00176689;
195;0.00796289;
196;0.00145135;
197;0.01151;
198;0.00788663;
199;0.00270238;
200;0.00814177;
201;0.00864684;
202;0.00506569;
203;0.0027056;
204;0.00629847;
205;0.00481167;
206;0.00790635;
207;0.0049786;
208;0.0100137;
209;0.00851381;
210;0.00588859;
211;0.00657314;
212;0.00337961;
213;0.00957062;
214;0.00356266;
215;0.00696182;
216;0.00651369;
217;0.000869702;
218;0.00157556;
219;0.00474701;
220;0.0049648;
221;0.00288619;
222;0.00815387;
223;0.0127496;
224;0.00555943;
225;0.00730176;
226;0.0134852;
227;0.0014294;
228;0.0140312;
229;0.00765118;
230;0.0124502;
231;0.0155341;
232;0.00527037;
233;0.0178685;
234;0.00232138;
235;0.014894;
236;0.0155577;
237;0.00571985;
238;0.0138858;
239;0.00695689;
240;0.00935188;
241;0.0128872;
242;0.0159889;
243;0.0107805;
244;0.0195811;
245;0.0193791;
246;0.01537;
247;0.0193385;
248;0.0086621;
249;0.0198013;
250;0.0111923;
251;0.0163365;
252;0.0163165;
253;0.00860843;
254;0.0203843;
255;0.0137195;
256;0.0120078;
257;0.016948;
258;0.0152402;
259;0.0103696;
260;0.0192593;
261;0.0121595;
262;0.0156198;
263;0.0240967;
264;0.0113048;
265;0.0216911;
266;0.0152761;
267;0.00860189;
268;0.0160148;
269;0.00403136;
270;0.00885389;
271;0.00692271;
272;0.0108696;
273;0.0183877;
274;0.00879136;
275;0.00903046;
276;0.0205702;
277;0.00721819;
278;0.00680138;
279;0.00616934;
280;0.00746681;
281;0.0103429;
282;0.00388936;
283;0.0104803;
284;0.00514793;
285;0.00511054;
286;0.00443222;
287;0.00964333;
288;0.00263489;
289;0.00487351;
290;0.0113019;
291;0.0157482;
292;0.0118782;
293;0.0116387;
294;0.0151255;
295;0.00724158;
296;0.0139877;
297;0.0024415;
298;0.0129067;
299;0.0180566;
300;0.00539812;
301;0.0116547;
302;0.0170915;
303;0.013409;
304;0.00718736;
305;0.00880834;
306;0.0113523;
307;0.0180728;
308;0.00845078;
309;0.0171359;
310;0.0233925;
311;0.00669481;
312;0.017046;
313;0.0128294;
314;0.013279;
315;0.0185342;
316;0.00778648;
317;0.0090696;
318;0.0176015;
319;0.010647;
320;0.00550365;
321;0.010119;
322;0.00754463;
323;0.0124968;
324;0.00450513;
325;0.00614914;
326;0.011013;
327;0.00699995;
328;0.00120613;
329;0.00663669;
330;0.00388168;
331;0.00382324;
332;0.00917271;
333;0.014061;
334;0.0153262;
335;0.0149786;
336;0.0162524;
337;0.00647536;
338;0.00594881;
339;0.00471906;
340;0.00490447;
341;0.00482748;
342;0.00641788;
343;0.00287105;
344;0.0101394;
345;0.0121691;
346;0.00489439;
347;0.00785197;
348;0.00310431;
349;0.0144171;
350;0.00297725;
351;0.00710753;
352;0.0143416;
353;0.0078158;
354;0.000756359;
355;0.0127057;
356;0.00851695;
357;0.00763221;
358;0.0140198;
359;0.00149769;
360;0.0133655;
361;0.0126349;
362;0.00253381;
363;0.0109655;
364;0.00916006;
365;0.00859975;
366;0.011221;
367;0.00660389;
368;0.0118385;
369;0.00875878;
370;0.0122052;
371;0.00870233;
372;0.00254536;
373;0.0103125;
374;0.00165945;
375;0.00577952;
376;0.0133552;
377;0.0147588;
378;0.00690084;
379;0.024996;
380;0.0165945;
381;0.00961993;
382;0.0209671;
383;0.00689639;
384;0.0134533;
385;0.0171989;
386;0.0096853;
387;0.0162475;
388;0.0298693;
389;0.0132166;
390;0.0127606;
391;0.0265229;
392;0.00961388;
393;0.0123493;
394;0.0120787;
395;0.00697311;
396;0.0148984;
397;0.0129718;
398;0.00287905;
399;0.0134166;
400;0.0122712;
401;0.00487425;
402;0.00191658;
403;0.0020566;
404;0.00389919;
405;0.00131539;
406;0.00782012;
407;0.0120474;
408;0.0133097;
409;0.0137547;
410;0.0113333;
411;0.00615042;
412;0.0105428;
413;0.00826668;
414;0.00728991;
415;0.0187794;
416;0.0169242;
417;0.0144949;
418;0.0308965;
419;0.0212821;
420;0.0147954;
421;0.0226144;
422;0.0193032;
423;0.00332086;
424;0.0159366;
425;0.021449;
426;0.00731198;
427;0.0213132;
428;0.0173114;
429;0.0132416;
430;0.0253697;
431;0.0201232;
432;0.00466475;
433;0.0228832;
434;0.0180008;
435;0.000491426;
436;0.012328;
437;0.00650637;
438;0.00359283;
439;0.00646082;
440;0.0071765;
441;0.00592586;
442;0.00882285;
443;0.0152912;
444;0.0115045;
445;0.00437835;
446;0.00442494;
447;0.0123405;
448;0.010853;
449;0.00420357;
450;0.00818872;
451;0.00252984;
452;0.0106156;
453;0.00350273;
454;0.00793973;
455;0.00847382;
456;0.0121068;
457;0.00972752;
458;0.00193218;
459;0.0117381;
460;0.00284257;
461;0.00616132;
462;0.00404391;
463;0.00174378;
464;0.00620239;
465;0.00874881;
466;0.00340668;
467;0.00352894;
468;0.00610504;
469;0.00357527;
470;0.00399357;
471;0.0116673;
472;0.00979321;
473;0.0133616;
474;0.00422099;
475;0.0125988;
476;0.0109257;
477;0.00446547;
478;0.00697847;
479;0.0130698;
480;0.0129274;
481;0.0138614;
482;0.0139895;
483;0.00938022;
484;0.0231041;
485;0.00980358;
486;0.0101654;
487;0.0130933;
488;0.01701;
489;0.00846116;
490;0.0117664;
491;0.0176442;
492;0.0103143;
493;0.00245921;
494;0.0108324;
495;0.00736901;
496;0.00363074;
497;0.00457137;
498;0.00244453;
499;0.00446195;
500;0.00120324;
501;0.00370894;
502;0.0138411;
503;0.0126665;
504;0.00448157;
505;0.015689;
506;0.0173008;
507;0.00704391;
508;0.0154353;
509;0.0230043;
510;0.00710395;
511;0.0178215;
512;0.0142363;
513;0.0172158;
514;0.01582;
515;0.0145672;
516;0.00971024;
517;0.0118297;
518;0.0183195;
519;0.00669347;
520;0.00995595;
521;0.0212025;
522;0.0139954;
523;0.00277837;
524;0.0187478;
525;0.00795989;
526;0.00306188;
527;0.00471657;
528;0.0029584;
529;0.00792958;
530;0.00584643;
531;0.00356798;
532;0.00786123;
533;0.000881621;
534;0.00739572;
535;0.0143616;
536;0.010347;
537;0.0124216;
538;0.0177411;
539;0.0108486;
540;0.0065559;
541;0.00682072;
542;0.0104539;
543;0.00560082;
544;0.0129859;
545;0.0112875;
546;0.00347247;
547;0.0113312;
548;0.0121253;
549;0.00748781;
550;0.0120626;
551;0.00643239;
552;0.00889145;
553;0.00798425;
554;0.0058048;
555;0.0118715;
556;0.0166986;
557;0.00977212;
558;0.011101;
559;0.0188361;
560;0.0204535;
561;0.00177967;
562;0.0215437;
563;0.0268154;
564;0.00323188;
565;0.0157365;
566;0.0126126;
567;0.0100987;
568;0.00981555;
569;0.015382;
570;0.00420205;
571;0.0135063;
572;0.0173611;
573;0.00246326;
574;0.0106932;
575;0.0151262;
576;0.00920919;
577;0.0194626;
578;0.0131807;
579;0.00849279;
580;0.0113897;
581;0.00699729;
582;0.0120499;
583;0.015307;
584;0.00949629;
585;0.0190635;
586;0.0174821;
587;0.0169664;
588;0.00554518;
589;0.0222637;
590;0.0191271;
591;0.00448166;
592;0.0194935;
593;0.0180953;
594;0.00950082;
595;0.0176749;
596;0.0201448;
597;0.00657881;
598;0.0102823;
599;0.010021;
600;0.00504351;
601;0.00646161;
602;0.00826138;
603;0.00918793;
604;0.00583467;
605;0.00679793;
606;0.0140093;
607;0.0126369;
608;0.00692886;
609;0.0189007;
610;0.0122826;
611;0.00327588;
612;0.0139653;
613;0.0150433;
614;0.0117681;
615;0.0123166;
616;0.0186489;
617;0.00585284;
618;0.00420316;
619;0.0167933;
620;0.00673441;
621;0.0091948;
622;0.0164861;
623;0.00270906;
624;0.0100794;
625;0.0152487;
626;0.00301379;
627;0.0201145;
628;0.0152318;
629;0.0030482;
630;0.0172303;
631;0.0273961;
632;0.0161555;
633;0.0126451;
634;0.0284101;
635;0.0130963;
636;0.00544169;
637;0.0178505;
638;0.0115601;
639;0.00963843;
640;0.0204125;
641;0.00609372;
642;0.0120159;
643;0.0140819;
644;0.0126155;
645;0.00929455;
646;0.00995053;
647;0.00995262;
648;0.0147874;
649;0.0154543;
650;0.0102712;
651;0.013501;
652;0.0121929;
653;0.00242996;
654;0.0153405;
655;0.0126918;
656;0.00817505;
657;0.0218289;
658;0.0216091;
659;0.00387469;
660;0.0128034;
661;0.0169859;
662;0.0105799;
663;0.00641527;
664;0.0177276;
665;0.0112562;
666;0.00532624;
667;0.00950865;
668;0.010331;
669;0.0125775;
670;0.00413345;
671;0.0105639;
672;0.0107377;
673;0.00922413;
674;0.00901007;
675;0.0150053;
676;0.0126468;
677;0.00573292;
678;0.0115892;
679;0.0127152;
680;0.00299968;
681;0.0156468;
682;0.00862154;
683;0.0127696;
684;0.0191565;
685;0.00701625;
686;0.0037734;
687;0.0152877;
688;0.0122019;
689;0.0061909;
690;0.017382;
691;0.0130075;
692;0.00315451;
693;0.0235142;
694;0.0158849;
695;0.0125725;
696;0.015936;
697;0.0150234;
698;0.00621339;
699;0.0211488;
700;0.0115535;
701;0.011884;
702;0.013694;
703;0.0166045;
704;0.00671764;
705;0.0094544;
706;0.0121817;
707;0.0105293;
708;0.00764346;
709;0.00605716;
710;0.00750513;
711;0.0100708;
712;0.00423444;
713;0.00703846;
714;0.00974285;
715;0.0111336;
716;0.0150228;
717;0.0155394;
718;0.0119285;
719;0.0132469;
720;0.0177092;
721;0.0178882;
722;0.00170513;
723;0.0157796;
724;0.013725;
725;0.00374559;
726;0.00333559;
727;0.012924;
728;0.0128303;
729;0.00780875;
730;0.00484347;
731;0.0109248;
732;0.0146885;
733;0.0026386;
734;0.0114189;
735;0.0144444;
736;0.0152637;
737;0.00893946;
738;0.0195392;
739;0.0117615;
740;0.016413;
741;0.0132167;
742;0.00152228;
743;0.00895407;
744;0.0168585;
745;0.00286762;
746;0.0143025;
747;0.0187426;
748;0.00755137;
749;0.012642;
750;0.0161185;
751;0.00768076;
752;0.0131794;
753;0.0203863;
754;0.011346;
755;0.0135086;
756;0.0201708;
757;0.00543887;
758;0.0139768;
759;0.0119131;
760;0.00746409;
761;0.00931784;
762;0.0132762;
763;0.00888121;
764;0.00784433;
765;0.00934204;
766;0.0119547;
767;0.0130159;
768;0.0125222;
769;0.00803563;
770;0.0150288;
771;0.0139704;
772;0.00343404;
773;0.0241628;
774;0.0135498;
775;0.00896582;
776;0.0131241;
777;0.0209174;
778;0.010979;
779;0.00527114;
780;0.0072735;
781;0.00363125;
782;0.00541257;
783;0.00976142;
784;0.0100122;
785;0.0135849;
786;0.00650326;
787;0.0178113;
788;0.0276898;
789;0.00452184;
790;0.0141459;
791;0.0188894;
792;0.0168941;
793;0.00352774;
794;0.0182634;
795;0.00985593;
796;0.00369524;
797;0.0123378;
798;0.0113117;
799;0.00100069;
800;0.0144839;
801;0.00562203;
802;0.0126797;
803;0.0105981;
804;0.00650219;
805;0.0172899;
806;0.016176;
807;0.00659135;
808;0.00639037;
809;0.0238362;
810;0.0141403;
811;0.00564568;
812;0.0166636;
813;0.0126013;
814;0.00572617;
815;0.0103555;
816;0.00960775;
817;0.012825;
818;0.00691433;
819;0.0067108;
820;0.00898686;
821;0.0101661;
822;0.00658176;
823;0.0105993;
824;0.016243;
825;0.0109716;
826;0.0167167;
827;0.0165366;
828;0.0039601;
829;0.00399761;
830;0.0139633;
831;0.0112311;
832;0.0119753;
833;0.0128274;
834;0.00994493;
835;0.0125264;
836;0.00428163;
837;0.00833335;
838;0.0136567;
839;0.019175;
840;0.00248411;
841;0.0130935;
842;0.0195164;
843;0.0127026;
844;0.0114403;
845;0.0169045;
846;0.00571183;
847;0.0206633;
848;0.0155767;
849;0.00236949;
850;0.0191018;
851;0.0109447;
852;0.00268699;
853;0.0131426;
854;0.0136904;
855;0.00207595;
856;0.0148965;
857;0.00848028;
858;0.0036129;
859;0.0158107;
860;0.0162352;
861;0.000503279;
862;0.0164894;
863;0.0180243;
864;0.00196914;
865;0.00650666;
866;0.00658429;
867;0.00688943;
868;0.00842822;
869;0.00280035;
870;0.00346111;
871;0.012948;
872;0.00308337;
873;0.0155793;
874;0.0141276;
875;0.0132056;
876;0.0138129;
877;0.0205865;
878;0.0204755;
879;0.00659382;
880;0.0127;
881;0.0123401;
882;0.0143571;
883;0.00685936;
884;0.00252634;
885;0.0138085;
886;0.0127596;
887;0.00612514;
888;0.0188782;
889;0.0163782;
890;0.00977131;
891;0.0201137;
892;0.0266607;
893;0.00540707;
894;0.0283191;
895;0.024805;
896;0.00652359;
897;0.0173936;
898;0.0169976;
899;0.00622736;
900;0.00705859;
901;0.0136774;
902;0.00428574;
903;0.0102064;
904;0.0125132;
905;0.00478526;
906;0.0129832;
907;0.0129726;
908;0.00622075;
909;0.0159826;
910;0.0116562;
911;0.00649687;
912;0.00543831;
913;0.00829644;
914;0.0044132;
915;0.0113669;
916;0.00430011;
917;0.0135255;
918;0.0133783;
919;0.00663861;
920;0.00861644;
921;0.0188203;
922;0.0145571;
923;0.00620123;
924;0.0167325;
925;0.0161951;
926;0.00986361;
927;0.0117716;
928;0.00449436;
929;0.0128739;
930;0.00635332;
931;0.00582094;
932;0.0154194;
933;0.0118853;
934;0.0141152;
935;0.0181534;
936;0.0252067;
937;0.0131473;
938;0.0175763;
939;0.0273561;
940;0.00991606;
941;0.00773507;
942;0.0157546;
943;0.00873685;
944;0.0135895;
945;0.0137254;
946;0.00701297;
947;0.00673881;
948;0.00819599;
949;0.00350428;
950;0.0145928;
951;0.00824497;
952;0.00740561;
953;0.0123673;
954;0.0152159;
955;0.00972094;
956;0.00776029;
957;0.0124689;
958;0.00661487;
959;0.0160045;
960;0.0049974;
961;0.010124;
962;0.0161478;
963;0.0036857;
964;0.0120764;
965;0.020107;
966;0.00965633;
967;0.0113578;
968;0.0157777;
969;0.0132141;
970;0.00468178;
971;0.0151839;
972;0.0155182;
973;0.016963;
974;0.013779;
975;0.00136367;
976;0.0166825;
977;0.0208974;
978;0.00961393;
979;0.0181933;
980;0.0234148;
981;0.00801465;
982;0.00952501;
983;0.0208492;
984;0.00751983;
985;0.0041109;
986;0.0111398;
987;0.0114637;
988;0.0100794;
989;0.00957716;
990;0.00786263;
991;0.0123;
992;0.0108599;
993;0.00537332;
994;0.0203718;
995;0.0134032;
996;0.00513706;
997;0.0166267;
998;0.0094889;
999;0.00931927;
1000;0.012079;
1001;0.00767913;
1002;0.0061198;
1003;0.0197656;
1004;0.0149392;
1005;0.00442409;
1006;0.0124836;
1007;0.0177074;
1008;0.00305704;
1009;0.0123402;
1010;0.0105011;
1011;0.0102596;
1012;0.0127074;
1013;0.00740441;
1014;0.0093686;
1015;0.0116384;
1016;0.00217105;
1017;0.0150176;
1018;0.0201544;
1019;0.0144295;
1020;0.00892508;
1021;0.0180268;
1022;0.0192428;
1023;0.0058302;
1024;0.0173844;
1025;0.0138312;
1026;0.00378376;
1027;0.0154254;
1028;0.0118054;
1029;0.0113156;
1030;0.0121984;
1031;0.00906669;
1032;0.00669683;
1033;0.0119023;
1034;0.00699594;
1035;0.0124603;
1036;0.0127318;
1037;0.00883765;
1038;0.0132516;
1039;0.00799655;
1040;0.0090689;
1041;0.00927484;
1042;0.0100281;
1043;0.0191963;
1044;0.0254859;
1045;0.0149653;
1046;0.00926709;
1047;0.0265899;
1048;0.00924566;
1049;0.0022913;
1050;0.0166177;
1051;0.0138028;
1052;0.00462803;
1053;0.0106349;
1054;0.0046316;
1055;0.00363749;
1056;0.0148056;
1057;0.0101732;
1058;0.0139863;
1059;0.023262;
1060;0.0134405;
1061;0.0153641;
1062;0.0200851;
1063;0.0150769;
1064;0.00482324;
1065;0.0126718;
1066;0.00973762;
1067;0.00673447;
1068;0.00639634;
1069;0.00662038;
1070;0.0136474;
1071;0.00429841;
1072;0.00851246;
1073;0.0177373;
1074;0.0132014;
1075;0.00559802;
1076;0.0175624;
1077;0.0206218;
1078;0.0118439;
1079;0.0115469;
1080;0.0111287;
1081;0.00723483;
1082;0.0137809;
1083;0.0162735;
1084;0.0143437;
1085;0.0169347;
1086;0.00899642;
1087;0.00645963;
1088;0.0154432;
1089;0.00863349;
1090;0.002361;
1091;0.011432;
1092;0.0146529;
1093;0.0175057;
1094;0.0234061;
1095;0.0039288;
1096;0.00762127;
1097;0.0162847;
1098;0.0157361;
1099;0.00510083;
1100;0.0273517;
1101;0.0126114;
1102;0.0156875;
1103;0.014522;
1104;0.0136804;
1105;0.0194082;
1106;0.00157463;
1107;0.0173626;
1108;0.014839;
1109;0.0145644;
1110;0.0156191;
1111;0.021066;
1112;0.0352634;
1113;0.0143343;
1114;0.0207103;
1115;0.00581681;
1116;0.00977842;
1117;0.00251905;
1118;0.0176226;
1119;0.00727931;
1120;0.0293224;
1121;0.0185788;
1122;0.0246129;
1123;0.0292795;
1124;0.0150027;
1125;0.0181682;
1126;0.00709332;
1127;0.0175571;
1128;0.0176324;
1129;0.0215931;
1130;0.0207593;
1131;0.0171576;
1132;0.03306;
1133;0.014755;
1134;0.0290847;
1135;0.017162;
1136;0.0171822;
1137;0.0188479;
1138;0.0235917;
1139;0.0286042;
1140;0.0118463;
1141;0.0202073;
1142;0.0134586;
1143;0.0229833;
1144;0.0302795;
1145;0.0239744;
1146;0.0228554;
1147;0.00421648;
1148;0.00402027;
1149;0.0188786;
1150;0.0253648;
1151;0.0117954;
1152;0.0263145;
1153;0.0192586;
1154;0.0155195;
1155;0.018734;
1156;0.0072068;
1157;0.0140137;
1158;0.0147551;
1159;0.0175453;
1160;0.00899384;
1161;0.0134382;
1162;0.0121763;
1163;0.00364877;
1164;0.0115035;
1165;0.00505648;
1166;0.00799367;
1167;0.0198267;
1168;0.00628715;
1169;0.0207288;
1170;0.0199168;
1171;0.00396067;
1172;0.00826746;
1173;0.0126904;
1174;0.0172144;
1175;0.00812386;
1176;0.0139311;
1177;0.00886779;
1178;0.0252755;
1179;0.020085;
1180;0.0357835;
1181;0.0204461;
1182;0.00506616;
1183;0.00200293;
1184;0.0154984;
1185;0.0277333;
1186;0.0165584;
1187;0.0258208;
1188;0.0195552;
1189;0.0144989;
1190;0.0204381;
1191;0.00421058;
1192;0.0125907;
1193;0.00945519;
1194;0.013441;
1195;0.00593798;
1196;0.0243479;
1197;0.0135597;
1198;0.00788267;
1199;0.0144551;
1200;0.0106242;
1201;0.00870293;
1202;0.0156126;
1203;0.0139977;
1204;0.0178275;
1205;0.0162273;
1206;0.00608995;
1207;0.00831608;
1208;0.00364882;
1209;0.0159329;
1210;0.0066966;
1211;0.0149221;
1212;0.00480654;
1213;0.0338544;
1214;0.0219601;
1215;0.024829;
1216;0.0347023;
1217;0.00623482;
1218;0.0158592;
1219;0.0107455;
1220;0.0212484;
1221;0.0088529;
1222;0.0235501;
1223;0.0111622;
1224;0.0112;
1225;0.0136668;
1226;0.00696326;
1227;0.0202658;
1228;0.018519;
1229;0.00755966;
1230;0.00421022;
1231;0.018353;
1232;0.00627799;
1233;0.0216234;
1234;0.00395658;
1235;0.0142095;
1236;0.00551506;
1237;0.0154185;
1238;0.00685904;
1239;0.0211527;
1240;0.0146791;
1241;0.0175175;
1242;0.0194078;
1243;0.0150898;
1244;0.0246846;
1245;0.00682979;
1246;0.0117018;
1247;0.0063035;
1248;0.0215326;
1249;0.0187571;
1250;0.0105355;
1251;0.0320456;
1252;0.0232064;
1253;0.00749101;
1254;0.00658857;
1255;0.0168483;
1256;0.0117495;
1257;0.0210279;
1258;0.0107762;
1259;0.0292128;
1260;0.0137537;
1261;0.0123935;
1262;0.0100123;
1263;0.0236172;
1264;0.0125571;
1265;0.0112563;
1266;0.0167425;
1267;0.0170733;
1268;0.0280526;
1269;0.0195466;
1270;0.0123462;
1271;0.00435666;
1272;0.000559993;
1273;0.005276;
1274;0.00624605;
1275;0.0107335;
1276;0.00990235;
1277;0.0257381;
1278;0.00719745;
1279;0.0124985;
1280;0.0193001;
1281;0.0150506;
1282;0.0138679;
1283;0.02903;
1284;0.0014231;
1285;0.0137312;
1286;0.00584381;
1287;0.0191449;
1288;0.0128183;
1289;0.00606987;
1290;0.0138821;
1291;0.0167336;
1292;0.0249974;
1293;0.0171101;
1294;0.0260254;
1295;0.0143182;
1296;0.00938804;
1297;0.0201808;
1298;0.0100759;
1299;0.00928774;
1300;0.0174632;
1301;0.0129076;
1302;0.00543649;
1303;0.0198581;
1304;0.0072049;
1305;0.00895283;
1306;0.0126842;
1307;0.0214748;
1308;0.0134914;
1309;0.0326789;
1310;0.00695102;
1311;0.0270398;
1312;0.014809;
1313;0.00597454;
1314;0.014903;
1315;0.0115301;
1316;0.0153284;
1317;0.0114581;
1318;0.00939509;
1319;0.0112263;
1320;0.0164299;
1321;0.0106244;
1322;0.0182338;
1323;0.0216593;
1324;0.0153862;
1325;0.0086851;
1326;0.0205274;
1327;0.0122473;
1328;0.0123515;
1329;0.0247646;
1330;0.0059419;
1331;0.0245893;
1332;0.0082199;
1333;0.0220753;
1334;0.00418467;
1335;0.0252418;
1336;0.0109667;
1337;0.0134142;
1338;0.0203196;
1339;0.00347978;
1340;0.0195598;
1341;0.0110907;
1342;0.00777868;
1343;0.0136947;
1344;0.0145969;
1345;0.00352738;
1346;0.0132235;
1347;0.00802176;
1348;0.0172323;
1349;0.00788895;
1350;0.00158088;
1351;0.0157929;
1352;0.0223788;
1353;0.0133565;
1354;0.025498;
1355;0.0269064;
1356;0.00923995;
1357;0.0201277;
1358;0.00753038;
1359;0.0139373;
1360;0.0120868;
1361;0.0170979;
1362;0.00287669;
1363;0.0202504;
1364;0.0111141;
1365;0.0128414;
1366;0.00596956;
1367;0.0162996;
1368;0.00372477;
1369;0.014033;
1370;0.020959;
1371;0.00974509;
1372;0.0292469;
1373;0.0058997;
1374;0.0187397;
1375;0.0118143;
1376;0.0129363;
1377;0.0119799;
1378;0.0106471;
1379;0.00401743;
1380;0.0119069;
1381;0.0180366;
1382;0.0100759;
1383;0.0139022;
1384;0.0152925;
1385;0.00884697;
1386;0.0139848;
1387;0.0221356;
1388;0.0133381;
1389;0.0328997;
1390;0.0138113;
1391;0.0157543;
1392;0.0137987;
1393;0.0112595;
1394;0.00678128;
1395;0.010664;
1396;0.00794694;
1397;0.00399833;
1398;0.0103951;
1399;0.00405502;
1400;0.0143351;
1401;0.00937963;
1402;0.0066732;
1403;0.0156877;
1404;0.0281653;
1405;0.00851839;
1406;0.0309195;
1407;0.0157475;
1408;0.0117013;
1409;0.0237389;
1410;0.0166192;
1411;0.00445426;
1412;0.011018;
1413;0.0229546;
1414;0.0121021;
1415;0.0113748;
1416;0.00471777;
1417;0.0138356;
1418;0.00825581;
1419;0.00810734;
1420;0.012962;
1421;0.0314082;
1422;0.0182741;
1423;0.0150083;
1424;0.0142702;
1425;0.00442994;
1426;0.019125;
1427;0.0141824;
1428;0.00990215;
1429;0.0121826;
1430;0.00944173;
1431;0.00666255;
1432;0.0191261;
1433;0.0055828;
1434;0.00890176;
1435;0.0124456;
1436;0.0177659;
1437;0.00640511;
1438;0.029725;
1439;0.0167476;
1440;0.0119336;
1441;0.0216076;
1442;0.0092986;
1443;0.0161172;
1444;0.00489842;
1445;0.0188041;
1446;0.0173806;
1447;0.0106051;
1448;0.00489428;
1449;0.0276106;
1450;0.0132876;
1451;0.00897188;
1452;0.00372411;
1453;0.0191123;
1454;0.00867652;
1455;0.0209508;
1456;0.0199623;
1457;0.0156211;
1458;0.0294634;
1459;0.0237328;
1460;0.00909157;
1461;0.0191185;
1462;0.00336259;
1463;0.00671662;
1464;0.0117934;
1465;0.0114716;
1466;0.0151064;
1467;0.00945362;
1468;0.0115732;
1469;0.00522127;
1470;0.010181;
1471;0.0131458;
1472;0.00767911;
1473;0.0121023;
1474;0.00867412;
1475;0.0239789;
1476;0.0191318;
1477;0.0142421;
1478;0.0211458;
1479;0.00522841;
1480;0.00507872;
1481;0.0094088;
1482;0.00253002;
1483;0.022962;
1484;0.0210159;
1485;0.0159833;
1486;0.0161938;
1487;0.0162034;
1488;0.0166501;
1489;0.00576513;
1490;0.0184114;
1491;0.00483795;
1492;0.0147065;
1493;0.0142007;
1494;0.00626658;
1495;0.0150027;
1496;0.0104979;
1497;0.00755329;
1498;0.00784717;
1499;0.00681313;
1500;0.0215393;
1501;0.0366926;
1502;0.0131308;
1503;0.0207823;
1504;0.0133808;
1505;0.0123486;
1506;0.0104458;
1507;0.0136997;
1508;0.00605331;
1509;0.0144394;
1510;0.0110331;
1511;0.004326;
1512;0.0120169;
1513;0.0133445;
1514;0.00104253;
1515;0.0112702;
1516;0.0188738;
1517;0.00722298;
1518;0.02216;
1519;0.0104736;
1520;0.0274039;
1521;0.0128716;
1522;0.00436056;
1523;0.0105103;
1524;0.0157682;
1525;0.00723724;
1526;0.0187717;
1527;0.00891269;
1528;0.010985;
1529;0.0110881;
1530;0.0106427;
1531;0.0043881;
1532;0.0125463;
1533;0.0175455;
1534;0.00270403;
1535;0.0200142;
1536;0.0103591;
1537;0.0201394;
1538;0.0200647;
1539;0.0110204;
1540;0.00208339;
1541;0.0177104;
1542;0.00338884;
1543;0.0236017;
1544;0.0228255;
1545;0.0161497;
1546;0.0245077;
1547;0.0131124;
1548;0.00734615;
1549;0.0188181;
1550;0.00552352;
1551;0.008827;
1552;0.0217638;
1553;0.0212012;
1554;0.00911018;
1555;0.0181213;
1556;0.0139563;
1557;0.0105783;
1558;0.013739;
1559;0.0174908;
1560;0.0103444;
1561;0.0230856;
1562;0.0148368;
1563;0.0193454;
1564;0.00853696;
1565;0.00230172;
1566;0.0122694;
1567;0.00736623;
1568;0.0105124;
1569;0.0169514;
1570;0.00745498;
1571;0.0163622;
1572;0.0221861;
1573;0.00967497;
1574;0.00443374;
1575;0.00673215;
1576;0.0164563;
1577;0.00258279;
1578;0.0137542;
1579;0.0120671;
1580;0.0111396;
1581;0.00634678;
1582;0.0124694;
1583;0.00775639;
1584;0.00883969;
1585;0.0143909;
1586;0.0292653;
1587;0.013572;
1588;0.0198271;
1589;0.0275878;
1590;0.00677835;
1591;0.0128727;
1592;0.0109255;
1593;0.00973261;
1594;0.0203402;
1595;0.0100695;
1596;0.00850905;
1597;0.0219341;
1598;0.0110766;
1599;0.0141663;
1600;0.00350621;
1601;0.0199783;
1602;0.00969201;
1603;0.0145912;
1604;0.0125276;
1605;0.0143156;
1606;0.0187535;
1607;0.00384642;
1608;0.0114574;
1609;0.0172405;
1610;0.013205;
1611;0.0185601;
1612;0.0247664;
1613;0.00948289;
1614;0.020188;
1615;0.0222333;
1616;0.00416532;
1617;0.0173462;
1618;0.00240525;
1619;0.0188007;
1620;0.0200314;
1621;0.0173665;
1622;0.0112056;
1623;0.0198701;
1624;0.00790802;
1625;0.0175577;
1626;0.00442387;
1627;0.0159061;
1628;0.00460489;
1629;0.0145774;
1630;0.0117981;
1631;0.0143788;
1632;0.00823682;
1633;0.0013933;
1634;0.0154944;
1635;0.0140582;
1636;0.0145867;
1637;0.0217608;
1638;0.0195844;
1639;0.00578918;
1640;0.0126598;
1641;0.00901001;
1642;0.0184019;
1643;0.0232997;
1644;0.00944757;
1645;0.00819668;
1646;0.00766708;
1647;0.006035;
1648;0.0115114;
1649;0.00892668;
1650;0.0270122;
1651;0.0198713;
1652;0.00402261;
1653;0.0135553;
1654;0.0135466;
1655;0.0132434;
1656;0.0160558;
1657;0.0210004;
1658;0.000968514;
1659;0.0124615;
1660;0.0178159;
1661;0.00723355;
1662;0.0133877;
1663;0.0108028;
1664;0.00464878;
1665;0.0147552;
1666;0.010472;
1667;0.0202113;
1668;0.024908;
1669;0.00526126;
1670;0.0194673;
1671;0.0137468;
1672;0.00930164;
1673;0.011076;
1674;0.0243149;
1675;0.0137505;
1676;0.0324805;
1677;0.0189777;
1678;0.00659086;
1679;0.00239382;
1680;0.0170388;
1681;0.00883547;
1682;0.0140054;
1683;0.00563874;
1684;0.0129671;
1685;0.0116709;
1686;0.0136539;
1687;0.0103995;
1688;0.0148133;
1689;0.00824841;
1690;0.0186202;
1691;0.0208215;
1692;0.00789016;
1693;0.0195523;
1694;0.0236873;
1695;0.00535139;
1696;0.0167391;
1697;0.00975454;
1698;0.0115195;
1699;0.0199558;
1700;0.0173649;
1701;0.0170577;
1702;0.0184103;
1703;0.0073401;
1704;0.025481;
1705;0.0144539;
1706;0.0111266;
1707;0.0132575;
1708;0.020432;
1709;0.0113528;
1710;0.0230343;
1711;0.0151829;
1712;0.0106698;
1713;0.0119153;
1714;0.00692767;
1715;0.00180824;
1716;0.00763296;
1717;0.00409271;
1718;0.00740979;
1719;0.00738408;
1720;0.00643659;
1721;0.0162124;
1722;0.0152058;
1723;0.0025016;
1724;0.00318786;
1725;0.0155581;
1726;0.00619535;
1727;0.0127343;
1728;0.00960413;
1729;0.0190003;
1730;0.0230964;
1731;0.0117527;
1732;0.0171635;
1733;0.0107348;
1734;0.00690754;
1735;0.018644;
1736;0.021642;
1737;0.0185169;
1738;0.0226834;
1739;0.000863449;
1740;0.0143496;
1741;0.0115535;
1742;0.00389611;
1743;0.0160103;
1744;0.0230688;
1745;0.00725898;
1746;0.0173654;
1747;0.00693181;
1748;0.0161785;
1749;0.0133016;
1750;0.00854869;
1751;0.0175674;
1752;0.0275882;
1753;0.0168312;
1754;0.00152508;
1755;0.0171341;
1756;0.0171253;
1757;0.0142748;
1758;0.0178107;
1759;0.00623991;
1760;0.0110419;
1761;0.0129741;
1762;0.0137825;
1763;0.00868949;
1764;0.0160244;
1765;0.0170125;
1766;0.0277708;
1767;0.0118918;
1768;0.00643894;
1769;0.00999729;
1770;0.0088455;
1771;0.0161702;
1772;0.0344433;
1773;0.0155172;
1774;0.0265763;
1775;0.0183552;
1776;0.00964281;
1777;0.0121213;
1778;0.0113132;
1779;0.00982523;
1780;0.0266873;
1781;0.0149196;
1782;0.0163145;
1783;0.0192561;
1784;0.00779598;
1785;0.026032;
1786;0.0187482;
1787;0.00600069;
1788;0.0194248;
1789;0.0146956;
1790;0.0121435;
1791;0.0122848;
1792;0.00525736;
1793;0.00809781;
1794;0.0195412;
1795;0.00522833;
1796;0.00843169;
1797;0.00674484;
1798;0.013542;
1799;0.0077421;
1800;0.00976417;
1801;0.0103628;
1802;0.0154892;
1803;0.0133202;
1804;0.00809116;
1805;0.00703189;
1806;0.0172009;
1807;0.0113647;
1808;0.0210861;
1809;0.0192903;
1810;0.0128117;
1811;0.0157461;
1812;0.00551763;
1813;0.00943151;
1814;0.0099374;
1815;0.00736393;
1816;0.0164584;
1817;0.0196362;
1818;0.0169254;
1819;0.023974;
1820;0.0101877;
1821;0.0180669;
1822;0.0162715;
1823;0.00944019;
1824;0.021783;
1825;0.0276765;
1826;0.00764157;
1827;0.0165448;
1828;0.00702122;
1829;0.0112504;
1830;0.013195;
1831;0.008469;
1832;0.00968352;
1833;0.0140728;
1834;0.0088936;
1835;0.0155504;
1836;0.0119116;
1837;0.00743074;
1838;0.0170088;
1839;0.0105957;
1840;0.0103479;
1841;0.0199573;
1842;0.00349779;
1843;0.0181518;
1844;0.0163032;
1845;0.0133607;
1846;0.00224065;
1847;0.0124493;
1848;0.00830796;
1849;0.0215137;
1850;0.0126593;
1851;0.0152352;
1852;0.0140038;
1853;0.0125254;
1854;0.00562602;
1855;0.0142026;
1856;0.00288643;
1857;0.0223263;
1858;0.015667;
1859;0.00349774;
1860;0.00353132;
1861;0.0147815;
1862;0.0102357;
1863;0.018157;
1864;0.0209155;
1865;0.00516265;
1866;0.013402;
1867;0.00430018;
1868;0.0167063;
1869;0.00640973;
1870;0.00273581;
1871;0.0196257;
1872;0.0350754;
1873;0.0123344;
1874;0.02431;
1875;0.00890969;
1876;0.0144222;
1877;0.0213844;
1878;0.0180559;
1879;0.00585832;
1880;0.0197627;
1881;0.00951069;
1882;0.0212114;
1883;0.0202476;
1884;0.0119533;
1885;0.0168309;
1886;0.012119;
1887;0.00186656;
1888;0.0170796;
1889;0.0115456;
1890;0.0244943;
1891;0.0319889;
1892;0.0144975;
1893;0.0108403;
1894;0.0115485;
1895;0.0098271;
1896;0.0207698;
1897;0.0185484;
1898;0.0121848;
1899;0.0253294;
1900;0.00589083;
1901;0.0150178;
1902;0.0219417;
1903;0.00878155;
1904;0.026265;
1905;0.0231205;
1906;0.00312581;
1907;0.019967;
1908;0.00434357;
1909;0.0166248;
1910;0.0202519;
1911;0.0158515;
1912;0.00476261;
1913;0.0156556;
1914;0.00784958;
1915;0.0291748;
1916;0.0216624;
1917;0.00754112;
1918;0.0167455;
1919;0.011373;
1920;0.00539204;
1921;0.0141581;
1922;0.0140632;
1923;0.0194617;
1924;0.0207197;
1925;0.00684673;
1926;0.0197884;
1927;0.00455529;
1928;0.01322;
1929;0.0168801;
1930;0.0191095;
1931;0.00464054;
1932;0.0241305;
1933;0.00117047;
1934;0.0278681;
1935;0.0178168;
1936;0.00474225;
1937;0.00355915;
1938;0.0272272;
1939;0.0116137;
1940;0.0110627;
1941;0.00696083;
1942;0.0185306;
1943;0.0159283;
1944;0.00949692;
1945;0.014165;
1946;0.00494845;
1947;0.013982;
1948;0.0116173;
1949;0.0239367;
1950;0.00604367;
1951;0.0217109;
1952;0.00615963;
1953;0.0164511;
1954;0.0119994;
1955;0.0145908;
1956;0.0119826;
1957;0.0220687;
1958;0.014473;
1959;0.0160414;
1960;0.0154647;
1961;0.0179126;
1962;0.0186755;
1963;0.0140575;
1964;0.00921622;
1965;0.0127858;
1966;0.0166604;
1967;0.0085351;
1968;0.0274355;
1969;0.00802462;
1970;0.0147011;
1971;0.0072286;
1972;0.0151513;
1973;0.00577877;
1974;0.0187062;
1975;0.0127711;
1976;0.0157503;
1977;0.00953727;
1978;0.0191861;
1979;0.0222586;
1980;0.0121516;
1981;0.0204221;
1982;0.0166765;
1983;0.0141652;
1984;0.0132925;
1985;0.0249152;
1986;0.00515106;
1987;0.0281351;
1988;0.00609894;
1989;0.0148419;
1990;0.0078136;
1991;0.0115836;
1992;0.00691212;
1993;0.0129767;
1994;0.00484781;
1995;0.0163101;
1996;0.0133677;
1997;0.0244904;
1998;0.0274831;
1999;0.00875696;
2000;0.0100529;
2001;0.0165044;
2002;0.0218955;
2003;0.00191866;
2004;0.0147977;
2005;0.00375467;
2006;0.0261458;
2007;0.0156291;
2008;0.0186505;
2009;0.0158396;
2010;0.0091724;
2011;0.0100901;
2012;0.0150602;
2013;0.00717023;
2014;0.0165683;
2015;0.0192679;
2016;0.0155609;
2017;0.0266965;
2018;0.00387884;
2019;0.0189247;
2020;0.00217482;
2021;0.0204456;
2022;0.0120802;
2023;0.0155574;
2024;0.00843049;
2025;0.0218278;
2026;0.0193016;
2027;0.012874;
2028;0.0169234;
2029;0.00878107;
2030;0.0154999;
2031;0.0106445;
2032;0.0194354;
2033;0.004388;
2034;0.0118582;
2035;0.0117227;
2036;0.0295176;
2037;0.00425519;
2038;0.0242139;
2039;0.0154474;
2040;0.0160504;
2041;0.0183488;
2042;0.0161272;
2043;0.0131848;
2044;0.0165242;
2045;0.0132576;
2046;0.0148255;
2047;0.0165543;
2048;0.0130638;
2049;0.0202868;
2050;0.0046327;
2051;0.0225712;
2052;0.00786456;
2053;0.0105597;
2054;0.00294148;
2055;0.0214344;
2056;0.00740376;
2057;0.0197716;
2058;0.0194623;
2059;0.00955511;
2060;0.0206777;
2061;0.00744862;
2062;0.0254675;
2063;0.0129026;
2064;0.0122914;
2065;0.0135759;
2066;0.025188;
2067;0.00480556;
2068;0.0182772;
2069;0.00190991;
2070;0.0294927;
2071;0.0178844;
2072;0.0127211;
2073;0.0182262;
2074;0.00583083;
2075;0.0208338;
2076;0.00937411;
2077;0.0101509;
2078;0.00980098;
2079;0.0202539;
2080;0.0130011;
2081;0.027661;
2082;0.0225265;
2083;0.00751732;
2084;0.0104832;
2085;0.0106671;
2086;0.0223061;
2087;0.0134924;
2088;0.00113798;
2089;0.0237388;
2090;0.0185228;
2091;0.010687;
2092;0.0284533;
2093;0.0118664;
2094;0.0269118;
2095;0.0268586;
2096;0.000421139;
2097;0.0190176;
2098;0.00894444;
2099;0.00845516;
2100;0.0196487;
2101;0.00702971;
2102;0.0137968;
2103;0.01657;
2104;0.0142794;
2105;0.0349355;
2106;0.0296852;
2107;0.010461;
2108;0.0217365;
2109;0.00045351;
2110;0.0200985;
2111;0.0216612;
2112;0.00590556;
2113;0.0108607;
2114;0.0148073;
2115;0.0018434;
2116;0.02827;
2117;0.0219548;
2118;0.0235947;
2119;0.0266763;
2120;0.0101823;
2121;0.0253743;
2122;0.0120916;
2123;0.00541602;
2124;0.00585039;
2125;0.0174521;
2126;0.0109236;
2127;0.0185149;
2128;0.0145426;
2129;0.0270868;
2130;0.0268066;
2131;0.0104099;
2132;0.025874;
2133;0.0117576;
2134;0.012853;
2135;0.0106245;
2136;0.0124887;
2137;0.00595368;
2138;0.00898649;
2139;0.0040482;
2140;0.0211836;
2141;0.0130097;
2142;0.0209303;
2143;0.0224621;
2144;0.0107347;
2145;0.0294682;
2146;0.0115804;
2147;0.016724;
2148;0.0147132;
2149;0.00871199;
2150;0.0153763;
2151;0.00740648;
2152;0.000877835;
2153;0.00987198;
2154;0.00540068;
2155;0.0141593;
2156;0.019094;
2157;0.0186492;
2158;0.0219115;
2159;0.0200493;
2160;0.0147573;
2161;0.0237954;
2162;0.0109011;
2163;0.0169774;
2164;0.018812;
2165;0.00985225;
2166;0.0172768;
2167;0.0178838;
2168;0.00982886;
2169;0.0194291;
2170;0.019574;
2171;0.0159451;
2172;0.0284624;
2173;0.0166752;
2174;0.0225245;
2175;0.0105925;
2176;0.0202713;
2177;0.020239;
2178;0.0145829;
2179;0.0175813;
2180;0.00632648;
2181;0.0103197;
2182;0.0144532;
2183;0.0241723;
2184;0.00945864;
2185;0.0101863;
2186;0.00844835;
2187;0.01755;
2188;0.0212103;
2189;0.0118449;
2190;0.0259182;
2191;0.011051;
2192;0.0214496;
2193;0.0155489;
2194;0.00597039;
2195;0.0173256;
2196;0.00555898;
2197;0.0120359;
2198;0.00667944;
2199;0.00538147;
2200;0.020443;
2201;0.0219515;
2202;0.0128742;
2203;0.024722;
2204;0.0288968;
2205;0.0111559;
2206;0.0304234;
2207;0.023836;
2208;0.0316387;
2209;0.0258804;
2210;0.0166751;
2211;0.0245821;
2212;0.0102134;
2213;0.0216009;
2214;0.014318;
2215;0.0135047;
2216;0.00231161;
2217;0.0199048;
2218;0.00845732;
2219;0.0292408;
2220;0.0154205;
2221;0.0125872;
2222;0.0221437;
2223;0.0130196;
2224;0.0295864;
2225;0.0171713;
2226;0.0140826;
2227;0.0220343;
2228;0.0161205;
2229;0.0228367;
2230;0.00563881;
2231;0.0242979;
2232;0.0218176;
2233;0.0181502;
2234;0.0298969;
2235;0.00769994;
2236;0.0186981;
2237;0.0193634;
2238;0.00884139;
2239;0.0145156;
2240;0.02826;
2241;0.00669186;
2242;0.0231551;
2243;0.0178514;
2244;0.0322453;
2245;0.0378978;
2246;0.0160135;
2247;0.0288238;
2248;0.0203289;
2249;0.0288279;
2250;0.026201;
2251;0.00855364;
2252;0.0182408;
2253;0.00875599;
2254;0.0264351;
2255;0.0232166;
2256;0.0107836;
2257;0.0256234;
2258;0.0153554;
2259;0.0146301;
2260;0.0103325;
2261;0.0127459;
2262;0.0142728;
2263;0.01054;
2264;0.00367762;
2265;0.0194842;
2266;0.0114108;
2267;0.0179025;
2268;0.0287275;
2269;0.0210705;
2270;0.0373333;
2271;0.0273287;
2272;0.0231232;
2273;0.0262541;
2274;0.0158504;
2275;0.02859;
2276;0.0258718;
2277;0.026012;
2278;0.0327993;
2279;0.0177174;
2280;0.027219;
2281;0.0297489;
2282;0.0348824;
2283;0.0374131;
2284;0.0316445;
2285;0.0443795;
2286;0.0363182;
2287;0.0411782;
2288;0.0324277;
2289;0.0196323;
2290;0.0305794;
2291;0.0137121;
2292;0.0231787;
2293;0.0191421;
2294;0.014433;
2295;0.0292666;
2296;0.014506;
2297;0.00705883;
2298;0.0108289;
2299;0.0160636;
2300;0.0314078;
2301;0.0179307;
2302;0.0251836;
2303;0.0212115;
2304;0.0212387;
2305;0.0256223;
2306;0.0069725;
2307;0.0163709;
2308;0.0106732;
2309;0.0147333;
2310;0.0141149;
2311;0.0119714;
2312;0.0149699;
2313;0.00944667;
2314;0.00466245;
2315;0.014648;
2316;0.0127966;
2317;0.0198931;
2318;0.00725829;
2319;0.0145476;
2320;0.00924384;
2321;0.00998774;
2322;0.0156205;
2323;0.00497893;
2324;0.0101241;
2325;0.0168806;
2326;0.0123893;
2327;0.0110405;
2328;0.0155768;
2329;0.0122478;
2330;0.0157116;
2331;0.00719605;
2332;0.0132761;
2333;0.0125708;
2334;0.0159648;
2335;0.00179989;
2336;0.00986299;
2337;0.00383433;
2338;0.00854532;
2339;0.00948278;
2340;0.00175216;
2341;0.00224218;
2342;0.0103219;
2343;0.0123543;
2344;0.0050166;
2345;0.0119674;
2346;0.00547671;
2347;0.0122475;
2348;0.00516185;
2349;0.0129327;
2350;0.0154558;
2351;0.0176804;
2352;0.0076616;
2353;0.0136759;
2354;0.0136155;
2355;0.00526467;
2356;0.0129737;
2357;0.00223458;
2358;0.00464502;
2359;0.015564;
2360;0.0185073;
2361;0.00503309;
2362;0.00350293;
2363;0.00180611;
2364;0.00594232;
2365;0.00919886;
2366;0.00917134;
2367;0.013445;
2368;0.0134459;
2369;0.00787984;
2370;0.0138899;
2371;0.0244839;
2372;0.0119885;
2373;0.0100311;
2374;0.00951845;
2375;0.00568434;
2376;0.0136288;
2377;0.0217579;
2378;0.00631693;
2379;0.00751099;
2380;0.0105584;
2381;0.009269;
2382;0.0094419;
2383;0.012118;
2384;0.0104277;
2385;0.0135276;
2386;0.00880815;
2387;0.0147302;
2388;0.0162123;
2389;0.00965944;
2390;0.00793127;
2391;0.0145241;
2392;0.00966771;
2393;0.00760621;
2394;0.0135273;
2395;0.00443028;
2396;0.0124089;
2397;0.00760814;
2398;0.00687591;
2399;0.00480184;
2400;0.0199815;
2401;0.0100426;
2402;0.00905291;
2403;0.00706926;
2404;0.0122141;
2405;0.0132342;
2406;0.0123328;
2407;0.00917487;
2408;0.00429036;
2409;0.00944675;
2410;0.00148224;
2411;0.0131966;
2412;0.0141612;
2413;0.00378464;
2414;0.00409142;
2415;0.00875066;
2416;0.00441917;
2417;0.0137986;
2418;0.0145692;
2419;0.000677371;
2420;0.00723393;
2421;0.00855561;
2422;0.00991718;
2423;0.0128057;
2424;0.0104543;
2425;0.0047736;
2426;0.0125191;
2427;0.00861345;
2428;0.0102272;
2429;0.0198265;
2430;0.00806034;
2431;0.00469206;
2432;0.0191365;
2433;0.014744;
2434;0.00828979;
2435;0.0150055;
2436;0.0123196;
2437;0.00952197;
2438;0.0112942;
2439;0.0113982;
2440;0.0161702;
2441;0.0149963;
2442;0.00702843;
2443;0.0136577;
2444;0.00334049;
2445;0.0152176;
2446;0.0154811;
2447;0.00801148;
2448;0.00579278;
2449;0.0132006;
2450;0.0125198;
2451;0.00688149;
2452;0.0127926;
2453;0.0134809;
2454;0.00863932;
2455;0.00802516;
2456;0.0150286;
2457;0.0110339;
2458;0.0170926;
2459;0.00711132;
2460;0.0123808;
2461;0.00945576;
2462;0.0150454;
2463;0.00934465;
2464;0.00625331;
2465;0.00655838;
2466;0.0108499;
2467;0.0103861;
2468;0.0042704;
2469;0.00287426;
2470;0.0114043;
2471;0.011094;
2472;0.00417802;
2473;0.00909327;
2474;0.0104051;
2475;0.00767272;
2476;0.0111898;
2477;0.00628249;
2478;0.0104108;
2479;0.0170178;
2480;0.00807291;
2481;0.0133332;
2482;0.0147465;
2483;0.00917839;
2484;0.0129906;
2485;0.00493218;
2486;0.00233658;
2487;0.016831;
2488;0.0203931;
2489;0.00662043;
2490;0.00773187;
2491;0.00824536;
2492;0.0113513;
2493;0.0136087;
2494;0.0116722;
2495;0.00815595;
2496;0.0162595;
2497;0.014405;
2498;0.012433;
2499;0.0168053;
2500;0.00807381;
2501;0.00970196;
2502;0.00573691;
2503;0.00869968;
2504;0.0100542;
2505;0.0153826;
2506;0.0109206;
2507;0.00718926;
2508;0.0094442;
2509;0.0084103;
2510;0.00337734;
2511;0.00774345;
2512;0.00945688;
2513;0.00723586;
2514;0.0133139;
2515;0.0133819;
2516;0.00618321;
2517;0.0074993;
2518;0.0117349;
2519;0.00811471;
2520;0.0114704;
2521;0.00389572;
2522;0.0132665;
2523;0.0177668;
2524;0.00910885;
2525;0.00391209;
2526;0.011606;
2527;0.0103292;
2528;0.0107917;
2529;0.0203002;
2530;0.00332829;
2531;0.0058169;
2532;0.0134274;
2533;0.0144771;
2534;0.00547231;
2535;0.017635;
2536;0.0139957;
2537;0.00939046;
2538;0.00751117;
2539;0.0138592;
2540;0.0225986;
2541;0.0113873;
2542;0.00867344;
2543;0.00746361;
2544;0.0124573;
2545;0.00753239;
2546;0.0152545;
2547;0.00395032;
2548;0.00270268;
2549;0.0131349;
2550;0.0128948;
2551;0.00448037;
2552;0.00717761;
2553;0.0141117;
2554;0.00868148;
2555;0.00373366;
2556;0.00733249;
2557;0.00797407;
2558;0.0116404;
2559;0.0168289;
2560;0.00838286;
2561;0.00730805;
2562;0.00507818;
2563;0.00667897;
2564;0.0039581;
2565;0.0125591;
2566;0.00162758;
2567;0.00849497;
2568;0.0109754;
2569;0.00506141;
2570;0.014277;
2571;0.019089;
2572;0.0143523;
2573;0.00603981;
2574;0.0150397;
2575;0.00605798;
2576;0.0220079;
2577;0.0167549;
2578;0.0116535;
2579;0.00508363;
2580;0.0144657;
2581;0.0072799;
2582;0.0122237;
2583;0.00349209;
2584;0.00514232;
2585;0.0074839;
2586;0.00164482;
2587;0.00539765;
2588;0.0102826;
2589;0.0113383;
2590;0.000596344;
2591;0.0119914;
2592;0.0103343;
2593;0.0073578;
2594;0.00861569;
2595;0.0163041;
2596;0.00533248;
2597;0.013612;
2598;0.00928901;
2599;0.00602838;
2600;0.00402693;
2601;0.0115903;
2602;0.00924128;
2603;0.00774749;
2604;0.011721;
2605;0.00507862;
2606;0.014131;
2607;0.0091456;
2608;0.00999705;
2609;0.0115207;
2610;0.0157316;
2611;0.00297332;
2612;0.021389;
2613;0.020017;
2614;0.00861749;
2615;0.0117229;
2616;0.018042;
2617;0.00870894;
2618;0.00901207;
2619;0.0117331;
2620;0.00874152;
2621;0.00769483;
2622;0.00513297;
2623;0.00457331;
2624;0.00378347;
2625;0.00715792;
2626;0.00396639;
2627;0.00792225;
2628;0.00850415;
2629;0.00540858;
2630;0.00927792;
2631;0.00376329;
2632;0.00383133;
2633;0.0171761;
2634;0.0248687;
2635;0.0105656;
2636;0.0039372;
2637;0.0101602;
2638;0.0135357;
2639;0.00764718;
2640;0.0148884;
2641;0.010627;
2642;0.0118154;
2643;0.0115575;
2644;0.0047987;
2645;0.00788989;
2646;0.00901445;
2647;0.0140271;
2648;0.00759492;
2649;0.0138547;
2650;0.00433331;
2651;0.0173091;
2652;0.0144821;
2653;0.00928189;
2654;0.0126197;
2655;0.0157413;
2656;0.00285851;
2657;0.0105007;
2658;0.0147022;
2659;0.00319087;
2660;0.00739087;
2661;0.0116589;
2662;0.00673877;
2663;0.0145975;
2664;0.0151329;
2665;0.00993468;
2666;0.00943362;
2667;0.00442331;
2668;0.00800486;
2669;0.00348867;
2670;0.0164023;
2671;0.0154685;
2672;0.0085943;
2673;0.0114122;
2674;0.0058025;
2675;0.0100637;
2676;0.0118849;
2677;0.0105069;
2678;0.00776687;
2679;0.0171087;
2680;0.0152648;
2681;0.00415398;
2682;0.00559195;
2683;0.0102997;
2684;0.00440766;
2685;0.0155898;
2686;0.0128935;
2687;0.00925773;
2688;0.0103127;
2689;0.0138304;
2690;0.0084839;
2691;0.0140569;
2692;0.0126869;
2693;0.00739486;
2694;0.00504824;
2695;0.00197834;
2696;0.0106629;
2697;0.00764431;
2698;0.0091642;
2699;0.0106846;
2700;0.00682667;
2701;0.00886869;
2702;0.00243329;
2703;0.0108072;
2704;0.00885218;
2705;0.00955451;
2706;0.0108975;
2707;0.0228359;
2708;0.00967559;
2709;0.00786639;
2710;0.0143176;
2711;0.0165582;
2712;0.011381;
2713;0.00985669;
2714;0.00767321;
2715;0.00985035;
2716;0.011874;
2717;0.0048171;
2718;0.0110314;
2719;0.00753504;
2720;0.00517847;
2721;0.00809731;
2722;0.0140112;
2723;0.00444093;
2724;0.0151361;
2725;0.00916293;
2726;0.00894313;
2727;0.00637905;
2728;0.0172368;
2729;0.0123195;
2730;0.00485982;
2731;0.00578111;
2732;0.00623757;
2733;0.00712545;
2734;0.00416309;
2735;0.0100785;
2736;0.00900403;
2737;0.0077398;
2738;0.0118351;
2739;0.0108325;
2740;0.0114131;
2741;0.00507972;
2742;0.00757858;
2743;0.0194959;
2744;0.019508;
2745;0.00887986;
2746;0.0136835;
2747;0.0111677;
2748;0.00168942;
2749;0.0189376;
2750;0.017328;
2751;0.00484748;
2752;0.00632606;
2753;0.00871407;
2754;0.00120429;
2755;0.0024089;
2756;0.0114008;
2757;0.0117725;
2758;0.00290196;
2759;0.00735963;
2760;0.00515222;
2761;0.0112587;
2762;0.00438285;
2763;0.0104173;
2764;0.00524634;
2765;0.0146257;
2766;0.00986187;
2767;0.00626445;
2768;0.00798877;
2769;0.0048184;
2770;0.00476256;
2771;0.0149406;
2772;0.019399;
2773;0.00363684;
2774;0.00877056;
2775;0.0135026;
2776;0.00816727;
2777;0.0118309;
2778;0.018498;
2779;0.00183605;
2780;0.0162621;
2781;0.0088291;
2782;0.00795878;
2783;0.00248746;
2784;0.0153343;
2785;0.00791116;
2786;0.00454519;
2787;0.00800478;
2788;0.00294506;
2789;0.0104693;
2790;0.00756129;
2791;0.00597946;
2792;0.00836076;
2793;0.0143802;
2794;0.0106288;
2795;0.00575106;
2796;0.0112347;
2797;0.00742925;
2798;0.00989503;
2799;0.0214153;
2800;0.0184566;
2801;0.00705156;
2802;0.0147628;
2803;0.0171164;
2804;0.0125696;
2805;0.00479703;
2806;0.015182;
2807;0.00262367;
2808;0.0108906;
2809;0.0146918;
2810;0.00759334;
2811;0.000230563;
2812;0.00981552;
2813;0.0135014;
2814;0.00370656;
2815;0.00471736;
2816;0.00435095;
2817;0.0113359;
2818;0.00429953;
2819;0.0072689;
2820;0.00633935;
2821;0.0142605;
2822;0.0141163;
2823;0.00740035;
2824;0.0110385;
2825;0.0142098;
2826;0.00793292;
2827;0.0149627;
2828;0.0168028;
2829;0.00106238;
2830;0.0114097;
2831;0.0147622;
2832;0.00873234;
2833;0.0054838;
2834;0.0133578;
2835;0.00801006;
2836;0.0086969;
2837;0.0118123;
2838;0.00300572;
2839;0.00651763;
2840;0.00677627;
2841;0.0155514;
2842;0.0067401;
2843;0.01226;
2844;0.00207077;
2845;0.0103795;
2846;0.0113532;
2847;0.0110678;
2848;0.00101444;
2849;0.010175;
2850;0.00834405;
2851;0.00533183;
2852;0.00683038;
2853;0.00995467;
2854;0.000797586;
2855;0.014565;
2856;0.0237296;
2857;0.0125181;
2858;0.00780228;
2859;0.00922526;
2860;0.0146683;
2861;0.00230086;
2862;0.0158314;
2863;0.0107278;
2864;0.00823326;
2865;0.00644404;
2866;0.00259189;
2867;0.000367137;
2868;0.00863723;
2869;0.00624751;
2870;0.00568612;
2871;0.0100011;
2872;0.00350558;
2873;0.00258422;
2874;0.0132829;
2875;0.0185492;
2876;0.00892565;
2877;0.00880283;
2878;0.0211236;
2879;0.0158884;
2880;0.00833768;
2881;0.00733229;
2882;0.0121198;
2883;0.0129157;
2884;0.0209299;
2885;0.0119616;
2886;0.000451217;
2887;0.00722014;
2888;0.00941649;
2889;0.00528944;
2890;0.00521719;
2891;0.00632803;
2892;0.00630671;
2893;0.0105367;
2894;0.012481;
2895;0.00988857;
2896;0.009672;
2897;0.00947092;
2898;0.00786188;
2899;0.0107384;
2900;0.00991818;
2901;0.00506473;
2902;0.00442243;
2903;0.00923917;
2904;0.0113622;
2905;0.00745327;
2906;0.0152825;
2907;0.0123749;
2908;0.012511;
2909;0.00732685;
2910;0.0172042;
2911;0.00360775;
2912;0.0153616;
2913;0.0133695;
2914;0.00720877;
2915;0.00529618;
2916;0.00686157;
2917;0.00608595;
2918;0.00832548;
2919;0.00628756;
2920;0.002249;
2921;0.00465862;
2922;0.0132282;
2923;0.0154972;
2924;0.0138937;
2925;0.0111865;
2926;0.00968597;
2927;0.0145793;
2928;0.0169516;
2929;0.0128989;
2930;0.00813056;
2931;0.0132424;
2932;0.0160822;
2933;0.00503774;
2934;0.00378272;
2935;0.0054254;
2936;0.00903937;
2937;0.00453599;
2938;0.010224;
2939;0.0139236;
2940;0.0059173;
2941;0.00608795;
2942;0.0153125;
2943;0.0105989;
2944;0.00495145;
2945;0.0124699;
2946;0.0120676;
2947;0.0131852;
2948;0.00305616;
2949;0.00779901;
2950;0.00235618;
2951;0.0158911;
2952;0.0128237;
2953;0.00383868;
2954;0.00533792;
2955;0.00821034;
2956;0.00987264;
2957;0.00938254;
2958;0.0115451;
2959;0.00367779;
2960;0.0124019;
2961;0.0180025;
2962;0.0123007;
2963;0.00545207;
2964;0.00796737;
2965;0.00175606;
2966;0.00646369;
2967;0.0132796;
2968;0.0109492;
2969;0.00746882;
2970;0.00622237;
2971;0.0215019;
2972;0.0117012;
2973;0.00967481;
2974;0.00908773;
2975;0.0158018;
2976;0.00409945;
2977;0.0140338;
2978;0.0112931;
2979;0.00640937;
2980;0.00237052;
2981;0.0050306;
2982;0.0030304;
2983;0.00404291;
2984;0.0112886;
2985;0.00530441;
2986;0.0134124;
2987;0.0100975;
2988;0.00567468;
2989;0.0120053;
2990;0.01685;
2991;0.0119827;
2992;0.00680297;
2993;0.012411;
2994;0.0041326;
2995;0.00833974;
2996;0.00432309;
2997;0.00900154;
2998;0.00847622;
2999;0.0122666;
3000;0.014498;
3001;0.0142066;
3002;0.00705814;
3003;0.0081466;
3004;0.00599169;
3005;0.00874922;
3006;0.0127195;
3007;0.00564053;
3008;0.0073254;
3009;0.00541684;
3010;0.00912042;
3011;0.00605598;
3012;0.0131232;
3013;0.00640904;
3014;0.00298353;
3015;0.0148139;
3016;0.0155234;
3017;0.011718;
3018;0.00251284;
3019;0.0129474;
3020;0.00754338;
3021;0.00643413;
3022;0.00870333;
3023;0.0111764;
3024;0.00638689;
3025;0.00903706;
3026;0.0128381;
3027;0.00439487;
3028;0.00401608;
3029;0.0141454;
3030;0.0174283;
3031;0.00240569;
3032;0.0134457;
3033;0.00878485;
3034;0.0118997;
3035;0.0103999;
3036;0.0134511;
3037;0.00416192;
3038;0.00759204;
3039;0.0137978;
3040;0.0122878;
3041;0.00426622;
3042;0.00204966;
3043;0.00384401;
3044;0.00113337;
3045;0.00896002;
3046;0.0129834;
3047;0.00405958;
3048;0.00199756;
3049;0.0160177;
3050;0.0138021;
3051;0.0107613;
3052;0.0189278;
3053;0.00286784;
3054;0.0116644;
3055;0.0138761;
3056;0.0154462;
3057;0.00360352;
3058;0.00713292;
3059;0.00685672;
3060;0.00754571;
3061;0.00328371;
3062;0.0133284;
3063;0.0108615;
3064;0.00243941;
3065;0.0100126;
3066;0.0161915;
3067;0.00678152;
3068;0.00229822;
3069;0.00980074;
3070;0.00699794;
3071;0.00570766;
3072;0.012134;
3073;0.00447734;
3074;0.0131699;
3075;0.00755585;
3076;0.012925;
3077;0.0050847;
3078;0.0125464;
3079;0.00679215;
3080;0.0118933;
3081;0.00474536;
3082;0.00514744;
3083;0.0049192;
3084;0.00978707;
3085;0.00756666;
3086;0.0135644;
3087;0.0103613;
3088;0.00343333;
3089;0.014391;
3090;0.00604047;
3091;0.0183113;
3092;0.0193752;
3093;0.00227691;
3094;0.0110931;
3095;0.018021;
3096;0.0117713;
3097;0.00234367;
3098;0.00539776;
3099;0.00315709;
3100;0.00714183;
3101;0.00251828;
3102;0.015551;
3103;0.0112996;
3104;0.00204775;
3105;0.00513654;
3106;0.0209079;
3107;0.0114938;
3108;0.00831282;
3109;0.0107263;
3110;0.00801972;
3111;0.0110738;
3112;0.0094502;
3113;0.00285804;
3114;0.00591752;
3115;0.00857715;
3116;0.00375907;
3117;0.00721179;
3118;0.00813243;
3119;0.00652603;
3120;0.00408413;
3121;0.00661614;
3122;0.0123099;
3123;0.00402021;
3124;0.00751391;
3125;0.0106164;
3126;0.0146903;
3127;0.00952155;
3128;0.0112408;
3129;0.0172507;
3130;0.000744286;
3131;0.010396;
3132;0.0141419;
3133;0.00826401;
3134;0.00741123;
3135;0.0154083;
3136;0.010609;
3137;0.00952406;
3138;0.00140605;
3139;0.00540422;
3140;0.00150901;
3141;0.00689047;
3142;0.0072275;
3143;0.0080453;
3144;0.00818098;
3145;0.0047484;
3146;0.0124683;
3147;0.0107963;
3148;0.0115905;
3149;0.0106826;
3150;0.0043097;
3151;0.0135745;
3152;0.0117859;
3153;0.00423718;
3154;0.00251994;
3155;0.00604562;
3156;0.00716103;
3157;0.00847231;
3158;0.00708697;
3159;0.0139947;
3160;0.0138178;
3161;0.0131808;
3162;0.0128024;
3163;0.0144955;
3164;0.00716041;
3165;0.0140337;
3166;0.0146451;
3167;0.00229944;
3168;0.00848641;
3169;0.0108499;
3170;0.00701153;
3171;0.00701207;
3172;0.0110685;
3173;0.0125104;
3174;0.00714234;
3175;0.00249621;
3176;0.00780314;
3177;0.0179249;
3178;0.00575653;
3179;0.00649804;
3180;0.00542176;
3181;0.00828388;
3182;0.00583097;
3183;0.00819748;
3184;0.00691106;
3185;0.00219466;
3186;0.00824339;
3187;0.00601169;
3188;0.0128152;
3189;0.0125798;
3190;0.0052377;
3191;0.0106533;
3192;0.0192578;
3193;0.00799625;
3194;0.00245823;
3195;0.0096601;
3196;0.0037908;
3197;0.00945431;
3198;0.00799438;
3199;0.0160612;
3200;0.0157082;
3201;0.00823849;
3202;0.0132742;
3203;0.0129534;
3204;0.00725911;
3205;0.00818677;
3206;0.00562273;
3207;0.00785185;
3208;0.00540009;
3209;0.00552536;
3210;0.0158418;
3211;0.0086568;
3212;0.00693585;
3213;0.00963246;
3214;0.00991;
3215;0.00878047;
3216;0.00793535;
3217;0.0117239;
3218;0.00531524;
3219;0.00475792;
3220;0.00698488;
3221;0.00680105;
3222;0.0019328;
3223;0.00881025;
3224;0.00694011;
3225;0.00888713;
3226;0.00955025;
3227;0.00614316;
3228;0.00518106;
3229;0.0116302;
3230;0.0163524;
3231;0.00617459;
3232;0.00742086;
3233;0.0102283;
3234;0.0105301;
3235;0.00218998;
3236;0.00888828;
3237;0.00740935;
3238;0.00559377;
3239;0.00723746;
3240;0.0127765;
3241;0.0193688;
3242;0.0121237;
3243;0.00375618;
3244;0.010208;
3245;0.00723673;
3246;0.0104741;
3247;0.00936003;
3248;0.0136526;
3249;0.00243939;
3250;0.00519727;
3251;0.0087022;
3252;0.0156689;
3253;0.00534787;
3254;0.00641642;
3255;0.00380583;
3256;0.00719967;
3257;0.00510265;
3258;0.0115642;
3259;0.0111373;
3260;0.00343619;
3261;0.00875868;
3262;0.0015841;
3263;0.00781879;
3264;0.00998234;
3265;0.00948312;
3266;0.00227523;
3267;0.00939435;
3268;0.0058824;
3269;0.00987709;
3270;0.00392467;
3271;0.00557839;
3272;0.00591885;
3273;0.00355269;
3274;0.00820937;
3275;0.0149836;
3276;0.010502;
3277;0.00356588;
3278;0.00897296;
3279;0.0145527;
3280;0.00279607;
3281;0.0142179;
3282;0.010768;
3283;0.00868538;
3284;0.00561986;
3285;0.0134965;
3286;0.00724988;
3287;0.00149845;
3288;0.00651563;
3289;0.00957845;
3290;0.0170277;
3291;0.00463777;
3292;0.0109488;
3293;0.0104294;
3294;0.00958991;
3295;0.00705471;
3296;0.013393;
3297;0.00157025;
3298;0.00542362;
3299;0.00203295;
3300;0.0114233;
3301;0.0108145;
3302;0.00579296;
3303;0.0045646;
3304;0.00221583;
3305;0.00546341;
3306;0.0127454;
3307;0.0127884;
3308;0.00766501;
3309;0.00372455;
3310;0.00994746;
3311;0.00470653;
3312;0.0112041;
3313;0.00984171;
3314;0.00528421;
3315;0.00648125;
3316;0.0113321;
3317;0.0121638;
3318;0.00510808;
3319;0.0116755;
3320;0.00121748;
3321;0.0103945;
3322;0.00181997;
3323;0.0163409;
3324;0.0166288;
3325;0.0103668;
3326;0.00815385;
3327;0.0153629;
3328;0.00911185;
3329;0.0024912;
3330;0.00767504;
3331;0.00644628;
3332;0.0117329;
3333;0.0053644;
3334;0.0121281;
3335;0.012848;
3336;0.00919625;
3337;0.00339464;
3338;0.0108458;
3339;0.0112616;
3340;0.00402193;
3341;0.00343598;
3342;0.00884381;
3343;0.0106052;
3344;0.00148966;
3345;0.00861387;
3346;0.00913515;
3347;0.00343997;
3348;0.00468222;
3349;0.0010794;
3350;0.00744512;
3351;0.00834653;
3352;0.00387698;
3353;0.00773474;
3354;0.00662034;
3355;0.0107166;
3356;0.0111526;
3357;0.00710947;
3358;0.0105366;
3359;0.0127043;
3360;0.00682766;
3361;0.00791792;
3362;0.00797666;
3363;0.0106906;
3364;0.013821;
3365;0.00530089;
3366;0.0141551;
3367;0.0181604;
3368;0.0144132;
3369;0.00640437;
3370;0.0121472;
3371;0.00289804;
3372;0.00844699;
3373;0.0090071;
3374;0.0134923;
3375;0.0166796;
3376;0.00585408;
3377;0.0100614;
3378;0.0138228;
3379;0.0109756;
3380;0.00926995;
3381;0.00771022;
3382;0.00444184;
3383;0.00449883;
3384;0.0116726;
3385;0.0125381;
3386;0.0122695;
3387;0.00673927;
3388;0.00750195;
3389;0.00908841;
3390;0.00618883;
3391;0.0134848;
3392;0.00404984;
3393;0.00969541;
3394;0.0034452;
3395;0.0063535;
3396;0.00939152;
3397;0.0106647;
3398;0.00466188;
3399;0.0072568;
3400;0.00937563;
3401;0.00922703;
3402;0.0132276;
3403;0.00475081;
3404;0.00750835;
3405;0.00779967;
3406;0.0102017;
3407;0.00213621;
3408;0.00994017;
3409;0.00427807;
3410;0.0125844;
3411;0.00731396;
3412;0.0063843;
3413;0.0105158;
3414;0.00592633;
3415;0.00109524;
3416;0.00594486;
3417;0.0108621;
3418;0.00521612;
3419;0.00355804;
3420;0.00717655;
3421;0.00881233;
3422;0.00502992;
3423;0.00434466;
3424;0.0116889;
3425;0.00870232;
3426;0.00185313;
3427;0.00414265;
3428;0.00885385;
3429;0.00817391;
3430;0.00227932;
3431;0.00865613;
3432;0.0102718;
3433;0.00536771;
3434;0.00556146;
3435;0.0139892;
3436;0.0149496;
3437;0.00617353;
3438;0.00227787;
3439;0.00670566;
3440;0.0113271;
3441;0.00628488;
3442;0.0122266;
3443;0.016954;
3444;0.0105651;
3445;0.0051879;
3446;0.00762701;
3447;0.0126427;
3448;0.0119116;
3449;0.0151831;
3450;0.00592081;
3451;0.0109852;
3452;0.00445433;
3453;0.00635591;
3454;0.00949099;
3455;0.00933138;
3456;0.00674418;
3457;0.00732585;
3458;0.00643728;
3459;0.0123843;
3460;0.0206596;
3461;0.00840049;
3462;0.0046843;
3463;0.00163024;
3464;0.00469876;
3465;0.00631397;
3466;0.0069593;
3467;0.00357445;
3468;0.0148658;
3469;0.0160675;
3470;0.007473;
3471;0.0160322;
3472;0.0154294;
3473;0.00422169;
3474;0.00596744;
3475;0.00179741;
3476;0.00293061;
3477;0.00543531;
3478;0.00613459;
3479;0.0127437;
3480;0.0142787;
3481;0.00936202;
3482;0.00645577;
3483;0.0186637;
3484;0.0110399;
3485;0.00575633;
3486;0.00481312;
3487;0.00617723;
3488;0.00522767;
3489;0.0072873;
3490;0.00335522;
3491;0.00663601;
3492;0.0121292;
3493;0.00535143;
3494;0.0146926;
3495;0.0154545;
3496;0.00580751;
3497;0.00423823;
3498;0.00776785;
3499;0.00673786;
3500;0.00501328;
3501;0.00189029;
3502;0.00517494;
3503;0.00948866;
3504;0.0095398;
3505;0.00593373;
3506;0.0133612;
3507;0.00638449;
3508;0.00572612;
3509;0.00328221;
3510;0.00384263;
3511;0.00173261;
3512;0.00655696;
3513;0.00915995;
3514;0.00988064;
3515;0.00823891;
3516;0.00172413;
3517;0.00546532;
3518;0.00327982;
3519;0.00615854;
3520;0.0101342;
3521;0.00942707;
3522;0.00248957;
3523;0.00136341;
3524;0.0069698;
3525;0.00842068;
3526;0.00234017;
3527;0.00450119;
3528;0.00262489;
3529;0.0061429;
3530;0.00437165;
3531;0.0130298;
3532;0.0125714;
3533;0.00675547;
3534;0.00330047;
3535;0.00775458;
3536;0.00802667;
3537;0.00523529;
3538;0.00586101;
3539;0.00651912;
3540;0.014144;
3541;0.016077;
3542;0.00467349;
3543;0.00923074;
3544;0.00990888;
3545;0.00766845;
3546;0.00820587;
3547;0.0139323;
3548;0.0119777;
3549;0.00733266;
3550;0.00636351;
3551;0.011958;
3552;0.01844;
3553;0.00700706;
3554;0.00418514;
3555;0.00599827;
3556;0.0112548;
3557;0.00235574;
3558;0.00726719;
3559;0.0071775;
3560;0.00766068;
3561;0.010198;
3562;0.00538115;
3563;0.0119854;
3564;0.012111;
3565;0.00701043;
3566;0.00344477;
3567;0.00186364;
3568;0.00103527;
3569;0.0040344;
3570;0.00487229;
3571;0.00601307;
3572;0.00790673;
3573;0.00656449;
3574;0.00378168;
3575;0.00630319;
3576;0.00715122;
3577;0.00469076;
3578;0.00506836;
3579;0.00183448;
3580;0.00262151;
3581;0.00349645;
3582;0.00526434;
3583;0.0107927;
3584;0.00372589;
3585;0.00839074;
3586;0.00421628;
3587;0.00666398;
3588;0.0042961;
3589;0.00611509;
3590;0.00462346;
3591;0.00103132;
3592;0.00512829;
3593;0.0045945;
3594;0.0119724;
3595;0.00170815;
3596;0.00790398;
3597;0.00305726;
3598;0.00692555;
3599;0.00615746;
3600;0.0079372;
3601;0.00786714;
3602;0.00892788;
3603;0.0129518;
3604;0.00197518;
3605;0.0127414;
3606;0.00715611;
3607;0.00504405;
3608;0.00321395;
3609;0.0063239;
3610;0.0125949;
3611;0.0128538;
3612;0.00288885;
3613;0.004229;
3614;0.0131922;
3615;0.0120149;
3616;0.00164262;
3617;0.00711163;
3618;0.00283687;
3619;0.00648204;
3620;0.0105755;
3621;0.00913064;
3622;0.0128794;
3623;0.0114773;
3624;0.00868288;
3625;0.00365161;
3626;0.00770558;
3627;0.00196246;
3628;0.0040116;
3629;0.00585075;
3630;0.0086078;
3631;0.0129651;
3632;0.0112177;
3633;0.0052936;
3634;0.00670621;
3635;0.00936227;
3636;0.00282428;
3637;0.00148458;
3638;0.00472735;
3639;0.00826552;
3640;0.00961046;
3641;0.00464476;
3642;0.0066264;
3643;0.0107519;
3644;0.00947051;
3645;0.000367809;
3646;0.00273583;
3647;0.00366427;
3648;0.00103228;
3649;0.00555746;
3650;0.00551283;
3651;0.00779999;
3652;0.00393949;
3653;0.00718965;
3654;0.00561482;
3655;0.00363111;
3656;0.00347061;
3657;0.00400852;
3658;0.00502402;
3659;0.00245316;
3660;0.00791122;
3661;0.00729263;
3662;0.00322477;
3663;0.00461247;
3664;0.00733359;
3665;0.00705653;
3666;0.00451848;
3667;0.00828334;
3668;0.00668544;
3669;0.0044382;
3670;0.00573264;
3671;0.00738628;
3672;0.00590245;
3673;0.00196285;
3674;0.00839536;
3675;0.00454762;
3676;0.00150692;
3677;0.00620685;
3678;0.01193;
3679;0.00549108;
3680;0.00598539;
3681;0.00415758;
3682;0.00350168;
3683;0.00552144;
3684;0.0038671;
3685;0.00888685;
3686;0.00583894;
3687;0.00136028;
3688;0.00696897;
3689;0.0134757;
3690;0.00546206;
3691;0.00510789;
3692;0.00457156;
3693;0.0032182;
3694;0.00891154;
3695;0.0104003;
3696;0.00684859;
3697;0.00869053;
3698;0.00943161;
3699;0.00562676;
3700;0.0099746;
3701;0.00516123;
3702;0.00523766;
3703;0.00979341;
3704;0.00868762;
3705;0.00602789;
3706;0.00866143;
3707;0.00535076;
3708;0.00362924;
3709;0.00783698;
3710;0.00553779;
3711;0.00635067;
3712;0.0102549;
3713;0.00548489;
3714;0.00470762;
3715;0.00864788;
3716;0.00597948;
3717;0.00916208;
3718;0.0118773;
3719;0.00334153;
3720;0.00618722;
3721;0.00632956;
3722;0.00112811;
3723;0.00772547;
3724;0.00880467;
3725;0.00248113;
3726;0.00710653;
3727;0.0072286;
3728;0.00217967;
3729;0.0105744;
3730;0.00718715;
3731;0.00576121;
3732;0.00703154;
3733;0.011159;
3734;0.00691826;
3735;0.0115589;
3736;0.00142917;
3737;0.00455132;
3738;0.00875115;
3739;0.00655458;
3740;0.0125744;
3741;0.00905169;
3742;0.00613774;
3743;0.00904268;
3744;0.0143011;
3745;0.00314745;
3746;0.00430553;
3747;0.00631028;
3748;0.00519458;
3749;0.00799186;
3750;0.00850569;
3751;0.00821722;
3752;0.00982633;
3753;0.0105031;
3754;0.00717686;
3755;0.0122797;
3756;0.00735031;
3757;0.00788983;
3758;0.00246217;
3759;0.00639628;
3760;0.00693137;
3761;0.0123216;
3762;0.00261792;
3763;0.00509088;
3764;0.00906112;
3765;0.00763537;
3766;0.00558288;
3767;0.00106323;
3768;0.0115407;
3769;0.00390498;
3770;0.00450901;
3771;0.00448278;
3772;0.0108686;
3773;0.00116819;
3774;0.00318516;
3775;0.00724232;
3776;0.00716927;
3777;0.00596135;
3778;0.00361322;
3779;0.00707575;
3780;0.00455744;
3781;0.00806354;
3782;0.00391044;
3783;0.00622514;
3784;0.00334832;
3785;0.00872032;
3786;0.00256279;
3787;0.00288006;
3788;0.00698252;
3789;0.00628191;
3790;0.00228832;
3791;0.000787216;
3792;0.00649716;
3793;0.00439568;
3794;0.00246139;
3795;0.00362451;
3796;0.0070651;
3797;0.00737096;
3798;0.00510168;
3799;0.0070594;
3800;0.01039;
3801;0.00510647;
3802;0.00240315;
3803;0.00195933;
3804;0.000968025;
3805;0.00861148;
3806;0.011318;
3807;0.00749367;
3808;0.0102969;
3809;0.0132965;
3810;0.00713148;
3811;0.00488261;
3812;0.00723442;
3813;0.00386765;
3814;0.00503745;
3815;0.0032742;
3816;0.0055788;
3817;0.0106312;
3818;0.00883994;
3819;0.00548288;
3820;0.0102668;
3821;0.00974375;
3822;0.00240349;
3823;0.00676554;
3824;0.000871887;
3825;0.00812314;
3826;0.00627931;
3827;0.00319349;
3828;0.0107296;
3829;0.0109825;
3830;0.00444171;
3831;0.00768241;
3832;0.00654843;
3833;0.000180569;
3834;0.00714812;
3835;0.00241185;
3836;0.00647975;
3837;0.0101393;
3838;0.00848122;
3839;0.0115498;
3840;0.0124235;
3841;0.0036312;
3842;0.00184584;
3843;0.00573231;
3844;0.00278145;
3845;0.00881387;
3846;0.00902496;
3847;0.00640956;
3848;0.008459;
3849;0.0115196;
3850;0.00951954;
3851;0.00636899;
3852;0.00329856;
3853;0.00247398;
3854;0.00192472;
3855;0.00688567;
3856;0.00973856;
3857;0.0083;
3858;0.00939435;
3859;0.0111634;
3860;0.0114496;
3861;0.00950111;
3862;0.00233805;
3863;0.00172551;
3864;0.004296;
3865;0.00610497;
3866;0.0112376;
3867;0.0123116;
3868;0.00603436;
3869;0.00824996;
3870;0.0125668;
3871;0.0090045;
3872;0.00638314;
3873;0.000612101;
3874;0.00142533;
3875;0.00393695;
3876;0.00775041;
3877;0.00952256;
3878;0.00577465;
3879;0.00248613;
3880;0.009082;
3881;0.0111563;
3882;0.00767401;
3883;0.0060394;
3884;0.00219154;
3885;0.00302151;
3886;0.00919835;
3887;0.00959997;
3888;0.0100758;
3889;0.00780409;
3890;0.00533773;
3891;0.00896792;
3892;0.0110904;
3893;0.00427863;
3894;0.00500672;
3895;0.00141907;
3896;0.00372809;
3897;0.00978287;
3898;0.0119825;
3899;0.00588001;
3900;0.00441665;
3901;0.00805848;
3902;0.00779044;
3903;0.00680124;
3904;0.00358318;
3905;0.00250213;
3906;0.00267521;
3907;0.0092064;
3908;0.00917502;
3909;0.00785693;
3910;0.00296273;
3911;0.00681545;
3912;0.00846128;
3913;0.00897904;
3914;0.00681148;
3915;0.00323156;
3916;0.00240187;
3917;0.00552833;
3918;0.0101096;
3919;0.0116992;
3920;0.00681049;
3921;0.00145639;
3922;0.00547344;
3923;0.00695252;
3924;0.00513175;
3925;0.00597324;
3926;0.00140771;
3927;0.00197469;
3928;0.00799127;
3929;0.00990721;
3930;0.00668048;
3931;0.00356391;
3932;0.00480963;
3933;0.00569504;
3934;0.00815358;
3935;0.00498764;
3936;0.00680693;
3937;0.000567904;
3938;0.00509517;
3939;0.00817726;
3940;0.00892179;
3941;0.00397044;
3942;0.00214817;
3943;0.00510594;
3944;0.00508126;
3945;0.00724986;
3946;0.00392971;
3947;0.00463036;
3948;0.004965;
3949;0.00781134;
3950;0.0080998;
3951;0.00586333;
3952;0.000899524;
3953;0.00230639;
3954;0.00515062;
3955;0.00579807;
3956;0.0086127;
3957;0.00311981;
3958;0.000935784;
3959;0.00549641;
3960;0.00875908;
3961;0.00824064;
3962;0.00669502;
3963;0.000642074;
3964;0.00239261;
3965;0.00622538;
3966;0.0055175;
3967;0.00667044;
3968;0.00303333;
3969;0.00309153;
3970;0.00563188;
3971;0.00872158;
3972;0.00506616;
3973;0.000538382;
3974;0.00270321;
3975;0.00627599;
3976;0.00539195;
3977;0.00705139;
3978;0.00467003;
3979;0.000587119;
3980;0.0058111;
3981;0.00711758;
3982;0.00438754;
3983;0.00518961;
3984;0.00151519;
3985;0.00134412;
3986;0.00514871;
3987;0.00437436;
3988;0.00465041;
3989;0.00441347;
3990;0.00250388;
3991;0.00519118;
3992;0.0085423;
3993;0.00434433;
3994;0.00438125;
3995;0.00348111;
3996;0.00305473;
3997;0.00833509;
3998;0.00743037;
3999;0.00588751;
