0;-4.8673;
1;-3.01622;
2;-9.74254;
3;-14.3891;
4;-17.9384;
5;-22.3309;
6;-31.9533;
7;-29.2045;
8;-22.1678;
9;-23.2428;
10;-22.0086;
11;-19.3604;
12;-21.782;
13;-22.3781;
14;-20.4485;
15;-29.5019;
16;-21.6248;
17;-25.8731;
18;-21.878;
19;-24.9227;
20;-23.0393;
21;-20.4982;
22;-23.9987;
23;-21.2969;
24;-24.1305;
25;-25.4933;
26;-23.5854;
27;-27.6641;
28;-20.3331;
29;-21.5772;
30;-20.6493;
31;-20.7207;
32;-25.5932;
33;-21.5567;
34;-25.8264;
35;-22.0869;
36;-21.8182;
37;-23.468;
38;-22.0026;
39;-25.1713;
40;-22.5518;
41;-20.5474;
42;-24.3349;
43;-19.3105;
44;-26.6399;
45;-20.9184;
46;-24.5442;
47;-24.3475;
48;-20.433;
49;-29.7263;
50;-20.4056;
51;-26.2003;
52;-22.8194;
53;-22.1476;
54;-24.8131;
55;-20.8201;
56;-22.2933;
57;-21.356;
58;-22.4971;
59;-22.9879;
60;-20.4508;
61;-23.4793;
62;-20.5543;
63;-20.0259;
64;-23.0494;
65;-22.7684;
66;-30.1004;
67;-22.925;
68;-22.0536;
69;-24.3433;
70;-19.9208;
71;-24.8533;
72;-23.3728;
73;-22.3644;
74;-22.7961;
75;-22.1402;
76;-21.2409;
77;-20.022;
78;-23.3911;
79;-22.1569;
80;-21.5606;
81;-23.7609;
82;-25.513;
83;-21.2371;
84;-20.8744;
85;-22.859;
86;-22.4913;
87;-22.2535;
88;-21.3664;
89;-24.6907;
90;-21.634;
91;-20.5079;
92;-23.8005;
93;-20.7519;
94;-22.5598;
95;-21.6527;
96;-23.0856;
97;-25.7501;
98;-20.833;
99;-23.9868;
100;-20.9437;
101;-20.3794;
102;-23.8226;
103;-20.7784;
104;-23.4644;
105;-21.1184;
106;-21.9807;
107;-21.3989;
108;-20.1065;
109;-26.2918;
110;-21.3882;
111;-23.4051;
112;-23.4906;
113;-21.6694;
114;-23.9686;
115;-20.9434;
116;-21.8252;
117;-22.6443;
118;-21.9227;
119;-21.5282;
120;-20.8988;
121;-22.7139;
122;-22.6806;
123;-21.5554;
124;-22.4888;
125;-25.0952;
126;-21.8173;
127;-24.0971;
128;-25.0241;
129;-23.7671;
130;-26.9339;
131;-22.0596;
132;-24.5213;
133;-21.6364;
134;-23.1558;
135;-24.5154;
136;-21.2465;
137;-23.1212;
138;-22.7559;
139;-21.79;
140;-25.0495;
141;-23.6262;
142;-28.8283;
143;-23.9965;
144;-22.2475;
145;-31.7006;
146;-22.5533;
147;-23.7265;
148;-25.8157;
149;-27.627;
150;-25.1035;
151;-24.8405;
152;-29.2965;
153;-27.044;
154;-23.3645;
155;-25.2816;
156;-25.6235;
157;-23.4235;
158;-24.4062;
159;-26.0164;
160;-26.1739;
161;-26.7386;
162;-22.5472;
163;-24.1167;
164;-21.5347;
165;-21.9982;
166;-20.7728;
167;-25.594;
168;-22.8748;
169;-25.8663;
170;-24.9685;
171;-24.0899;
172;-22.8754;
173;-21.6961;
174;-27.5457;
175;-23.47;
176;-26.487;
177;-26.2557;
178;-27.0221;
179;-28.3616;
180;-23.5406;
181;-24.2788;
182;-24.9238;
183;-24.7539;
184;-23.7675;
185;-29.3284;
186;-23.8714;
187;-26.492;
188;-26.2877;
189;-22.7019;
190;-28.5294;
191;-23.9478;
192;-24.5348;
193;-23.1006;
194;-23.8553;
195;-27.7338;
196;-22.6275;
197;-24.0273;
198;-24.6966;
199;-22.8259;
200;-25.7146;
201;-25.8599;
202;-24.9338;
203;-26.313;
204;-25.9923;
205;-23.0906;
206;-29.394;
207;-25.4311;
208;-27.1774;
209;-24.2012;
210;-25.483;
211;-23.9972;
212;-22.6236;
213;-28.857;
214;-23.5709;
215;-25.6642;
216;-27.2348;
217;-26.4891;
218;-31.2835;
219;-26.2474;
220;-25.1659;
221;-24.4813;
222;-30.7721;
223;-23.8575;
224;-22.8539;
225;-22.3085;
226;-24.0908;
227;-20.4926;
228;-25.1095;
229;-22.4993;
230;-22.0976;
231;-23.4033;
232;-20.7617;
233;-29.2422;
234;-19.9984;
235;-23.9078;
236;-22.6215;
237;-21.1979;
238;-28.5193;
239;-22.9405;
240;-22.8177;
241;-22.312;
242;-23.442;
243;-20.2342;
244;-20.6421;
245;-20.8911;
246;-21.3169;
247;-21.5794;
248;-19.1711;
249;-22.8197;
250;-19.8458;
251;-20.3096;
252;-23.1711;
253;-21.8778;
254;-26.1132;
255;-22.2615;
256;-21.4703;
257;-21.986;
258;-20.3723;
259;-19.9568;
260;-21.4759;
261;-19.2507;
262;-19.8387;
263;-22.0236;
264;-19.1975;
265;-23.5344;
266;-21.5704;
267;-21.0306;
268;-23.6764;
269;-21.7655;
270;-24.9692;
271;-23.7899;
272;-22.6891;
273;-24.3612;
274;-21.3636;
275;-21.4473;
276;-24.6036;
277;-20.077;
278;-27.649;
279;-23.1745;
280;-21.4602;
281;-28.6175;
282;-24.6199;
283;-26.4306;
284;-26.1004;
285;-24.3801;
286;-25.5954;
287;-30.8627;
288;-25.2809;
289;-24.1201;
290;-26.2442;
291;-33.0764;
292;-23.6508;
293;-22.5452;
294;-28.7292;
295;-20.2651;
296;-23.4228;
297;-21.8742;
298;-22.8942;
299;-27.8979;
300;-23.6941;
301;-25.0717;
302;-22.5965;
303;-21.9979;
304;-24.8498;
305;-23.3247;
306;-21.4525;
307;-26.2732;
308;-22.4095;
309;-22.0587;
310;-24.9053;
311;-20.2097;
312;-24.6604;
313;-20.9335;
314;-20.4292;
315;-25.0223;
316;-21.5188;
317;-22.8124;
318;-29.1454;
319;-22.9715;
320;-24.1972;
321;-26.9906;
322;-23.8992;
323;-30.0961;
324;-27.2084;
325;-25.0259;
326;-29.0396;
327;-24.7571;
328;-25.3137;
329;-28.4756;
330;-24.0435;
331;-24.8125;
332;-22.5833;
333;-25.3609;
334;-21.9021;
335;-21.8983;
336;-23.6395;
337;-20.5689;
338;-23.5275;
339;-26.0127;
340;-22.925;
341;-23.545;
342;-27.6798;
343;-23.2875;
344;-27.1547;
345;-24.7574;
346;-22.7848;
347;-26.8941;
348;-21.0587;
349;-26.3986;
350;-22.3585;
351;-23.0894;
352;-32.1683;
353;-24.1757;
354;-21.975;
355;-26.2855;
356;-24.3939;
357;-20.297;
358;-28.2761;
359;-22.0984;
360;-21.4434;
361;-26.1726;
362;-25.6869;
363;-24.3122;
364;-23.6552;
365;-25.1963;
366;-23.045;
367;-20.8463;
368;-26.7303;
369;-22.7409;
370;-24.6238;
371;-24.3788;
372;-25.6474;
373;-29.9056;
374;-23.4962;
375;-24.5674;
376;-24.9915;
377;-24.3669;
378;-20.6736;
379;-25.5054;
380;-20.0617;
381;-20.0379;
382;-28.5148;
383;-20.3664;
384;-21.1461;
385;-28.3486;
386;-20.9549;
387;-20.1151;
388;-37.6369;
389;-20.8268;
390;-21.8028;
391;-25.2469;
392;-19.3107;
393;-22.0523;
394;-21.5558;
395;-19.9085;
396;-22.824;
397;-23.3478;
398;-21.0647;
399;-28.1701;
400;-22.881;
401;-25.9453;
402;-32.0938;
403;-28.1257;
404;-28.4168;
405;-25.7815;
406;-25.4714;
407;-26.0165;
408;-22.8302;
409;-25.1543;
410;-22.3283;
411;-21.8179;
412;-23.8578;
413;-22.7827;
414;-19.7049;
415;-23.773;
416;-21.1588;
417;-18.5616;
418;-24.8502;
419;-20.1509;
420;-20.0353;
421;-24.4537;
422;-21.8968;
423;-21.1173;
424;-23.2313;
425;-20.8203;
426;-19.9302;
427;-25.2991;
428;-20.1189;
429;-20.4635;
430;-25.6106;
431;-20.0859;
432;-19.9958;
433;-27.2362;
434;-19.8444;
435;-20.9662;
436;-24.882;
437;-22.8971;
438;-22.7206;
439;-22.8385;
440;-23.4104;
441;-25.0472;
442;-21.5938;
443;-23.8783;
444;-27.4849;
445;-22.2526;
446;-23.93;
447;-31.1657;
448;-22.879;
449;-22.0133;
450;-25.2567;
451;-22.165;
452;-23.4971;
453;-24.9487;
454;-23.8898;
455;-23.8272;
456;-27.4376;
457;-22.6263;
458;-21.3282;
459;-28.8128;
460;-21.5142;
461;-22.5162;
462;-26.6782;
463;-24.5682;
464;-22.2788;
465;-26.6427;
466;-29.6556;
467;-29.0138;
468;-27.2157;
469;-27.6742;
470;-25.5635;
471;-26.936;
472;-23.0523;
473;-25.9433;
474;-22.8584;
475;-25.0744;
476;-23.4206;
477;-27.8952;
478;-25.1957;
479;-26.6421;
480;-23.47;
481;-22.6417;
482;-24.4148;
483;-20.5998;
484;-23.2336;
485;-21.2833;
486;-22.0176;
487;-21.3688;
488;-24.6107;
489;-22.4331;
490;-21.972;
491;-26.1691;
492;-25.1331;
493;-25.5379;
494;-26.589;
495;-29.362;
496;-25.1051;
497;-25.0831;
498;-29.4186;
499;-28.5352;
500;-39.2717;
501;-23.8209;
502;-23.3067;
503;-26.2228;
504;-22.3461;
505;-21.9474;
506;-22.7904;
507;-21.3281;
508;-20.873;
509;-23.1606;
510;-19.7714;
511;-21.8259;
512;-20.9059;
513;-22.5286;
514;-21.2727;
515;-22.1495;
516;-23.4791;
517;-21.6307;
518;-22.0598;
519;-21.0955;
520;-22.4434;
521;-22.9196;
522;-20.9086;
523;-21.2401;
524;-33.1195;
525;-22.7423;
526;-25.0097;
527;-28.558;
528;-30.4869;
529;-25.2531;
530;-26.6909;
531;-28.942;
532;-28.4177;
533;-26.7456;
534;-24.0371;
535;-28.8096;
536;-22.1506;
537;-21.2508;
538;-26.2175;
539;-21.6565;
540;-23.8888;
541;-26.0108;
542;-29.6263;
543;-22.4386;
544;-23.2562;
545;-24.7354;
546;-24.3707;
547;-28.564;
548;-29.6166;
549;-23.2015;
550;-24.9912;
551;-25.1388;
552;-23.2118;
553;-27.5977;
554;-24.5863;
555;-22.9627;
556;-26.3156;
557;-21.5169;
558;-21.2747;
559;-21.3413;
560;-22.5167;
561;-20.4208;
562;-21.8393;
563;-21.3533;
564;-18.8597;
565;-24.5901;
566;-21.7617;
567;-21.4441;
568;-22.1484;
569;-26.4674;
570;-22.0614;
571;-22.6975;
572;-33.388;
573;-28.1752;
574;-21.7899;
575;-29.0619;
576;-22.4209;
577;-24;
578;-25.2191;
579;-22.4116;
580;-38.8432;
581;-23.4261;
582;-21.9637;
583;-24.5293;
584;-22.1202;
585;-22.0763;
586;-20.7875;
587;-23.5709;
588;-21.1082;
589;-23.7853;
590;-21.3356;
591;-21.6225;
592;-26.0593;
593;-23.521;
594;-20.7352;
595;-21.5006;
596;-24.5438;
597;-20.1729;
598;-24.7131;
599;-28.2647;
600;-23.6798;
601;-25.4303;
602;-26.1403;
603;-25.3898;
604;-27.4908;
605;-23.4645;
606;-24.41;
607;-23.2076;
608;-20.4037;
609;-24.206;
610;-23.321;
611;-21.4885;
612;-22.0569;
613;-26.7226;
614;-22.3787;
615;-23.3832;
616;-25.7107;
617;-24.5849;
618;-24.7546;
619;-30.0256;
620;-24.4281;
621;-25.3771;
622;-22.6477;
623;-22.4809;
624;-25.0327;
625;-23.024;
626;-22.3666;
627;-24.4939;
628;-23.2681;
629;-21.8766;
630;-21.5372;
631;-22.9654;
632;-20.2944;
633;-20.9711;
634;-26.5761;
635;-20.0713;
636;-20.9248;
637;-25.8623;
638;-20.6834;
639;-19.9175;
640;-36.6306;
641;-21.8394;
642;-23.7553;
643;-26.2011;
644;-34.8258;
645;-27.4469;
646;-24.1691;
647;-27.1844;
648;-26.98;
649;-24.8413;
650;-22.8601;
651;-24.2093;
652;-22.7666;
653;-21.415;
654;-26.397;
655;-24.4374;
656;-20.4345;
657;-21.773;
658;-23.05;
659;-20.1422;
660;-22.5306;
661;-22.981;
662;-21.783;
663;-21.4115;
664;-24.1116;
665;-23.7144;
666;-23.5441;
667;-22.1767;
668;-24.9787;
669;-23.8769;
670;-24.2781;
671;-24.5459;
672;-26.8387;
673;-29.06;
674;-23.3012;
675;-26.8436;
676;-25.3373;
677;-23.7123;
678;-23.8325;
679;-23.2609;
680;-21.3268;
681;-24.0802;
682;-21.7151;
683;-21.5692;
684;-25.0686;
685;-23.4578;
686;-24.3152;
687;-25.9117;
688;-23.929;
689;-25.9403;
690;-25.6048;
691;-22.1278;
692;-21.5891;
693;-27.0531;
694;-20.2527;
695;-20.6552;
696;-23.3512;
697;-21.3552;
698;-18.992;
699;-24.438;
700;-22.0879;
701;-21.9091;
702;-23.6103;
703;-26.1825;
704;-25.6629;
705;-23.0606;
706;-25.5108;
707;-28.177;
708;-23.4953;
709;-25.1057;
710;-23.451;
711;-29.5869;
712;-26.092;
713;-24.3893;
714;-24.3853;
715;-25.3121;
716;-22.8859;
717;-21.0805;
718;-20.5905;
719;-22.7131;
720;-21.2829;
721;-21.973;
722;-20.8525;
723;-27.0909;
724;-22.7346;
725;-23.7112;
726;-24.001;
727;-23.7278;
728;-25.9298;
729;-23.592;
730;-26.1373;
731;-25.9549;
732;-25.663;
733;-23.1118;
734;-24.8763;
735;-23.8338;
736;-22.6423;
737;-20.399;
738;-31.8811;
739;-19.65;
740;-21.0511;
741;-26.8393;
742;-20.976;
743;-21.2997;
744;-35.0128;
745;-21.8633;
746;-22.8198;
747;-25.3278;
748;-24.1887;
749;-22.9475;
750;-26.0372;
751;-21.7315;
752;-22.0455;
753;-26.2828;
754;-20.1644;
755;-20.8463;
756;-25.3124;
757;-20.7746;
758;-22.2346;
759;-22.9217;
760;-25.1723;
761;-24.8451;
762;-29.5185;
763;-26.0258;
764;-27.8842;
765;-26.4287;
766;-22.6325;
767;-29.6806;
768;-21.2029;
769;-22.2367;
770;-27.333;
771;-22.085;
772;-20.5041;
773;-24.9773;
774;-21.6381;
775;-22.2155;
776;-22.0369;
777;-23.0624;
778;-20.4646;
779;-24.9367;
780;-27.0142;
781;-24.8322;
782;-26.532;
783;-21.3265;
784;-22.9995;
785;-29.4763;
786;-20.2597;
787;-21.3259;
788;-28.0065;
789;-21.4704;
790;-25.5164;
791;-24.1883;
792;-24.6288;
793;-23.1502;
794;-30.6787;
795;-22.5059;
796;-25.0558;
797;-27.897;
798;-25.8394;
799;-21.363;
800;-25.7051;
801;-24.2401;
802;-23.9341;
803;-27.2901;
804;-22.1094;
805;-25.7217;
806;-22.2651;
807;-21.1096;
808;-21.6777;
809;-30.5082;
810;-20.8308;
811;-20.1746;
812;-31.7138;
813;-24.8431;
814;-20.1069;
815;-24.8913;
816;-23.9959;
817;-22.7865;
818;-34.815;
819;-24.543;
820;-27.0902;
821;-22.951;
822;-22.6487;
823;-22.5152;
824;-24.0306;
825;-21.0061;
826;-21.5034;
827;-25.0228;
828;-22.0297;
829;-23.1643;
830;-24.9494;
831;-24.9607;
832;-26.6465;
833;-25.9721;
834;-27.9196;
835;-25.5791;
836;-25.5818;
837;-29.5561;
838;-23.3663;
839;-25.1436;
840;-21.6727;
841;-24.1179;
842;-22.1053;
843;-20.7838;
844;-22.1258;
845;-23.9797;
846;-21.0477;
847;-23.448;
848;-21.1174;
849;-22.139;
850;-35.7739;
851;-21.7023;
852;-21.8699;
853;-31.4547;
854;-22.6214;
855;-21.8266;
856;-28.6708;
857;-21.1469;
858;-21.3687;
859;-24.6093;
860;-24.3129;
861;-20.2838;
862;-24.0753;
863;-23.6112;
864;-22.3453;
865;-24.9787;
866;-23.9659;
867;-25.6718;
868;-27.563;
869;-23.8145;
870;-23.9979;
871;-23.888;
872;-21.4942;
873;-22.2427;
874;-25.6032;
875;-23.1527;
876;-20.9233;
877;-25.7003;
878;-23.8842;
879;-22.0878;
880;-26.8638;
881;-26.9861;
882;-26.2757;
883;-21.4965;
884;-23.8021;
885;-31.7479;
886;-22.0818;
887;-20.0601;
888;-23.3385;
889;-21.9297;
890;-19.3304;
891;-19.9039;
892;-21.6515;
893;-18.5564;
894;-21.5233;
895;-20.9944;
896;-19.2786;
897;-25.4242;
898;-24.3744;
899;-21.7479;
900;-24.7983;
901;-24.4867;
902;-22.3087;
903;-26.1414;
904;-24.6604;
905;-22.12;
906;-22.0582;
907;-26.8696;
908;-22.3962;
909;-24.9008;
910;-29.5617;
911;-25.8164;
912;-23.711;
913;-25.499;
914;-29.3996;
915;-25.1397;
916;-21.1056;
917;-24.5861;
918;-24.4281;
919;-22.9732;
920;-21.393;
921;-24.6879;
922;-22.8617;
923;-22.2043;
924;-26.2231;
925;-25.1314;
926;-22.3571;
927;-23.6797;
928;-30.8052;
929;-23.0793;
930;-22.9604;
931;-21.5551;
932;-24.5298;
933;-22.073;
934;-19.8714;
935;-19.2544;
936;-21.9171;
937;-19.2021;
938;-19.2904;
939;-24.4942;
940;-21.0678;
941;-21.2923;
942;-29.6752;
943;-22.2415;
944;-22.2942;
945;-23.9072;
946;-22.2107;
947;-28.5682;
948;-29.5557;
949;-22.6161;
950;-25.502;
951;-28.0449;
952;-23.2071;
953;-28.779;
954;-27.1091;
955;-26.5682;
956;-30.728;
957;-24.1104;
958;-24.7691;
959;-25.2455;
960;-20.5175;
961;-24.2306;
962;-28.3422;
963;-20.974;
964;-21.1408;
965;-24.6705;
966;-22.3673;
967;-21.7671;
968;-26.9762;
969;-25.5195;
970;-23.7093;
971;-23.4777;
972;-25.3183;
973;-23.8407;
974;-21.4111;
975;-21.4835;
976;-24.0147;
977;-24.673;
978;-19.9023;
979;-21.0685;
980;-25.3764;
981;-21.082;
982;-21.1969;
983;-24.8266;
984;-23.0252;
985;-23.3254;
986;-29.5054;
987;-22.6057;
988;-28.8334;
989;-23.73;
990;-20.8101;
991;-28.0767;
992;-22.0061;
993;-20.7857;
994;-23.3978;
995;-22.7552;
996;-22.5837;
997;-25.4388;
998;-27.6555;
999;-28.2453;
1000;-29.5048;
1001;-24.2077;
1002;-24.7889;
1003;-25.779;
1004;-21.0178;
1005;-20.6772;
1006;-24.7417;
1007;-22.6524;
1008;-19.2412;
1009;-25.1068;
1010;-23.1711;
1011;-22.3829;
1012;-27.5212;
1013;-22.8994;
1014;-27.5931;
1015;-23.977;
1016;-22.0013;
1017;-23.5511;
1018;-23.622;
1019;-21.1839;
1020;-20.8969;
1021;-25.9947;
1022;-20.2973;
1023;-20.5893;
1024;-21.636;
1025;-23.0075;
1026;-20.9804;
1027;-23.3863;
1028;-23.845;
1029;-22.1159;
1030;-25.9054;
1031;-22.7121;
1032;-25.1475;
1033;-24.7887;
1034;-21.4834;
1035;-21.5656;
1036;-23.4941;
1037;-21.2634;
1038;-22.8;
1039;-26.1949;
1040;-23.1954;
1041;-26.6194;
1042;-22.6118;
1043;-21.737;
1044;-32.9828;
1045;-20.4288;
1046;-22.0791;
1047;-28.5199;
1048;-20.3108;
1049;-21.7374;
1050;-29.2095;
1051;-21.4813;
1052;-21.419;
1053;-30.3876;
1054;-23.7724;
1055;-21.7071;
1056;-29.7344;
1057;-21.6537;
1058;-19.8018;
1059;-23.895;
1060;-20.1133;
1061;-20.3492;
1062;-22.9839;
1063;-20.7703;
1064;-21.8479;
1065;-23.6405;
1066;-25.9028;
1067;-23.7731;
1068;-21.5465;
1069;-23.6066;
1070;-29.6821;
1071;-22.3559;
1072;-20.341;
1073;-27.5373;
1074;-27.7603;
1075;-22.2136;
1076;-22.4409;
1077;-34.2079;
1078;-22.5731;
1079;-22.8773;
1080;-24.1066;
1081;-23.1435;
1082;-26.971;
1083;-21.094;
1084;-20.9404;
1085;-23.1088;
1086;-22.5323;
1087;-22.2151;
1088;-23.5305;
1089;-23.5856;
1090;-24.29;
1091;-24.0075;
1092;-23.3155;
1093;-23.8575;
1094;-23.0718;
1095;-20.6204;
1096;-25.2302;
1097;-29.7264;
1098;-20.6559;
1099;-19.6423;
1100;-30.7443;
1101;-20.5885;
1102;-21.9748;
1103;-25.6264;
1104;-39.3972;
1105;-25.1559;
1106;-22.208;
1107;-28.3225;
1108;-29.2685;
1109;-22.8761;
1110;-19.8746;
1111;-20.8676;
1112;-20.4086;
1113;-18.2942;
1114;-24.0119;
1115;-20.0873;
1116;-23.2787;
1117;-24.0041;
1118;-24.7419;
1119;-21.0457;
1120;-25.9071;
1121;-19.6576;
1122;-20.5288;
1123;-21.3522;
1124;-20.1509;
1125;-25.1354;
1126;-23.7647;
1127;-27.6192;
1128;-21.3634;
1129;-23.551;
1130;-22.5584;
1131;-19.759;
1132;-25.889;
1133;-18.7976;
1134;-20.7719;
1135;-23.8114;
1136;-24.5354;
1137;-23.3321;
1138;-25.7268;
1139;-23.6131;
1140;-21.9502;
1141;-22.3597;
1142;-20.646;
1143;-21.0182;
1144;-19.9179;
1145;-20.1117;
1146;-23.1931;
1147;-21.6955;
1148;-22.3484;
1149;-23.6749;
1150;-23.4249;
1151;-20.4827;
1152;-23.827;
1153;-22.6442;
1154;-23.0364;
1155;-22.8739;
1156;-21.9004;
1157;-23.3355;
1158;-23.8276;
1159;-21.3903;
1160;-20.1381;
1161;-27.1858;
1162;-22.5875;
1163;-22.4893;
1164;-23.8239;
1165;-24.6703;
1166;-22.5893;
1167;-25.1623;
1168;-21.6078;
1169;-22.994;
1170;-24.9523;
1171;-21.7966;
1172;-23.0741;
1173;-24.9874;
1174;-21.601;
1175;-21.0942;
1176;-26.3813;
1177;-21.1546;
1178;-25.8087;
1179;-19.9962;
1180;-20.7205;
1181;-22.9825;
1182;-23.4897;
1183;-26.84;
1184;-22.0512;
1185;-22.2762;
1186;-20.7118;
1187;-22.2377;
1188;-22.9637;
1189;-21.5078;
1190;-34.9516;
1191;-21.0157;
1192;-21.8381;
1193;-24.4883;
1194;-21.8598;
1195;-21.0923;
1196;-24.5549;
1197;-24.079;
1198;-22.6433;
1199;-28.7871;
1200;-24.149;
1201;-25.2758;
1202;-21.6043;
1203;-22.9913;
1204;-22.5676;
1205;-22.3404;
1206;-22.3176;
1207;-23.5075;
1208;-25.0705;
1209;-28.2398;
1210;-23.1729;
1211;-23.2989;
1212;-21.6383;
1213;-24.7546;
1214;-19.7484;
1215;-19.6237;
1216;-23.4248;
1217;-20.7844;
1218;-21.6179;
1219;-23.9287;
1220;-22.056;
1221;-20.1467;
1222;-28.709;
1223;-22.2474;
1224;-20.5089;
1225;-25.3744;
1226;-20.0579;
1227;-20.6757;
1228;-24.1106;
1229;-21.2375;
1230;-20.5456;
1231;-25.9651;
1232;-22.3994;
1233;-26.742;
1234;-22.2013;
1235;-22.7247;
1236;-25.2665;
1237;-25.9283;
1238;-20.1653;
1239;-23.3384;
1240;-21.6417;
1241;-21.1882;
1242;-25.4723;
1243;-23.2054;
1244;-23.548;
1245;-26.2272;
1246;-23.6536;
1247;-24.6473;
1248;-22.4289;
1249;-20.6176;
1250;-19.2519;
1251;-21.5706;
1252;-20.4793;
1253;-20.3554;
1254;-28.383;
1255;-21.5587;
1256;-25.4362;
1257;-21.5696;
1258;-19.4613;
1259;-23.2027;
1260;-22.8267;
1261;-21.3839;
1262;-23.64;
1263;-30.1019;
1264;-21.6426;
1265;-31.8399;
1266;-20.5426;
1267;-22.703;
1268;-22.3637;
1269;-20.6547;
1270;-22.5875;
1271;-23.813;
1272;-23.2052;
1273;-25.807;
1274;-24.7459;
1275;-23.5813;
1276;-21.6723;
1277;-25.1136;
1278;-20.8751;
1279;-20.72;
1280;-24.9941;
1281;-20.2308;
1282;-20.2918;
1283;-26.2011;
1284;-20.4436;
1285;-22.8448;
1286;-21.6266;
1287;-24.4234;
1288;-22.5281;
1289;-21.1305;
1290;-21.8524;
1291;-24.0414;
1292;-22.4361;
1293;-21.6149;
1294;-21.3347;
1295;-24.3422;
1296;-21.689;
1297;-30.6288;
1298;-22.9317;
1299;-21.9436;
1300;-33.5808;
1301;-21.6883;
1302;-20.4408;
1303;-25.4475;
1304;-22.9918;
1305;-21.2591;
1306;-25.3947;
1307;-22.1476;
1308;-21.5888;
1309;-26.2947;
1310;-20.3718;
1311;-23.801;
1312;-20.4548;
1313;-22.6986;
1314;-23.5637;
1315;-25.2998;
1316;-22.5298;
1317;-22.2206;
1318;-26.1477;
1319;-25.8522;
1320;-23.3583;
1321;-20.9594;
1322;-20.4026;
1323;-20.2336;
1324;-21.438;
1325;-20.8145;
1326;-21.7061;
1327;-22.3887;
1328;-22.6537;
1329;-23.889;
1330;-22.2207;
1331;-25.9251;
1332;-23.3651;
1333;-21.6192;
1334;-21.4633;
1335;-25.0938;
1336;-20.535;
1337;-21.1752;
1338;-25.5786;
1339;-21.2858;
1340;-25.4484;
1341;-22.3237;
1342;-21.3529;
1343;-24.8241;
1344;-22.1935;
1345;-22.7843;
1346;-23.9251;
1347;-25.1098;
1348;-25.7571;
1349;-24.0278;
1350;-22.391;
1351;-23.6946;
1352;-25.0675;
1353;-19.8748;
1354;-20.3741;
1355;-22.7368;
1356;-22.1241;
1357;-22.4536;
1358;-26.6055;
1359;-22.2573;
1360;-28.5559;
1361;-23.6978;
1362;-21.7382;
1363;-24.6873;
1364;-23.8611;
1365;-21.117;
1366;-22.8456;
1367;-23.7671;
1368;-21.6219;
1369;-22.8907;
1370;-21.3635;
1371;-20.254;
1372;-25.77;
1373;-22.5785;
1374;-22.9708;
1375;-26.5538;
1376;-24.3047;
1377;-27.6971;
1378;-25.1484;
1379;-23.4044;
1380;-25.3324;
1381;-23.4101;
1382;-20.7161;
1383;-22.5076;
1384;-22.9617;
1385;-20.973;
1386;-21.4635;
1387;-21.8777;
1388;-21.7587;
1389;-22.6334;
1390;-20.2314;
1391;-22.4358;
1392;-21.7407;
1393;-22.5898;
1394;-23.9325;
1395;-26.7137;
1396;-23.4235;
1397;-26.0664;
1398;-22.3684;
1399;-23.2281;
1400;-25.0825;
1401;-24.2219;
1402;-20.9401;
1403;-22.0374;
1404;-23.7945;
1405;-21.205;
1406;-22.6708;
1407;-22.4807;
1408;-20.2877;
1409;-25.2543;
1410;-21.5261;
1411;-20.0858;
1412;-22.2793;
1413;-23.7004;
1414;-20.5123;
1415;-21.5733;
1416;-25.173;
1417;-22.0154;
1418;-25.5088;
1419;-21.8957;
1420;-19.6719;
1421;-23.191;
1422;-22.6629;
1423;-21.097;
1424;-27.286;
1425;-21.3119;
1426;-25.7325;
1427;-21.3742;
1428;-20.7157;
1429;-24.8688;
1430;-21.4955;
1431;-20.6651;
1432;-25.537;
1433;-23.9291;
1434;-20.622;
1435;-23.4709;
1436;-24.8176;
1437;-21.0345;
1438;-25.0482;
1439;-22.3721;
1440;-21.0016;
1441;-26.3752;
1442;-23.3642;
1443;-24.5702;
1444;-21.1247;
1445;-23.3618;
1446;-32.7204;
1447;-21.8738;
1448;-19.9524;
1449;-22.8864;
1450;-24.5209;
1451;-21.0448;
1452;-22.4534;
1453;-28.1137;
1454;-22.5302;
1455;-25.5692;
1456;-20.7229;
1457;-20.0079;
1458;-20.8383;
1459;-20.062;
1460;-20.779;
1461;-28.3021;
1462;-21.4267;
1463;-22.7321;
1464;-25.3389;
1465;-21.5499;
1466;-25.0424;
1467;-35.1706;
1468;-24.2322;
1469;-25.7031;
1470;-24.4171;
1471;-32.3172;
1472;-30.7641;
1473;-23.5837;
1474;-23.1383;
1475;-23.4385;
1476;-19.9614;
1477;-20.5784;
1478;-26.8562;
1479;-21.8766;
1480;-21.9009;
1481;-26.6172;
1482;-22.0288;
1483;-28.2467;
1484;-23.2547;
1485;-20.6399;
1486;-24.8259;
1487;-34.161;
1488;-23.5976;
1489;-22.1978;
1490;-26.663;
1491;-22.6606;
1492;-25.6306;
1493;-22.9084;
1494;-20.1333;
1495;-21.4502;
1496;-25.4454;
1497;-20.9491;
1498;-27.8507;
1499;-19.4438;
1500;-19.9531;
1501;-26.7108;
1502;-19.3776;
1503;-20.5623;
1504;-26.8038;
1505;-21.9116;
1506;-25.2882;
1507;-22.6578;
1508;-22.9423;
1509;-28.182;
1510;-22.2868;
1511;-20.7639;
1512;-24.3624;
1513;-23.1391;
1514;-20.9302;
1515;-23.1081;
1516;-24.8432;
1517;-23.5927;
1518;-27.1153;
1519;-21.8837;
1520;-22.7529;
1521;-21.9697;
1522;-22.4771;
1523;-26.227;
1524;-23.5164;
1525;-23.4076;
1526;-28.695;
1527;-21.1654;
1528;-22.2028;
1529;-28.0261;
1530;-23.2165;
1531;-22.219;
1532;-23.7027;
1533;-23.6754;
1534;-24.0207;
1535;-27.146;
1536;-22.3209;
1537;-22.2719;
1538;-21.5966;
1539;-21.1246;
1540;-24.2678;
1541;-24.9371;
1542;-22.1387;
1543;-25.0726;
1544;-19.6872;
1545;-19.9336;
1546;-22.7048;
1547;-20.7037;
1548;-20.84;
1549;-27.215;
1550;-24.2111;
1551;-21.9682;
1552;-25.8435;
1553;-22.3916;
1554;-21.3114;
1555;-25.5736;
1556;-23.5176;
1557;-23.0749;
1558;-26.8461;
1559;-22.5704;
1560;-23.9449;
1561;-22.9131;
1562;-20.8622;
1563;-22.3157;
1564;-24.4868;
1565;-21.642;
1566;-26.697;
1567;-25.5816;
1568;-23.4466;
1569;-24.2041;
1570;-21.4469;
1571;-22.7753;
1572;-25.2771;
1573;-23.3552;
1574;-22.7515;
1575;-27.7254;
1576;-23.567;
1577;-22.4288;
1578;-26.745;
1579;-23.078;
1580;-21.3742;
1581;-27.6079;
1582;-21.7805;
1583;-25.9339;
1584;-24.4376;
1585;-22.1001;
1586;-22.3512;
1587;-19.9259;
1588;-20.8418;
1589;-22.6026;
1590;-21.0832;
1591;-25.1109;
1592;-22.476;
1593;-20.9961;
1594;-28.0006;
1595;-20.3801;
1596;-20.0157;
1597;-24.4693;
1598;-26.2512;
1599;-22.5504;
1600;-24.4772;
1601;-23.3508;
1602;-25.3092;
1603;-28.6927;
1604;-23.0197;
1605;-22.309;
1606;-26.2621;
1607;-22.77;
1608;-22.0477;
1609;-28.015;
1610;-20.5314;
1611;-21.5482;
1612;-24.6801;
1613;-19.3737;
1614;-20.3147;
1615;-27.1178;
1616;-21.4081;
1617;-24.782;
1618;-23.3533;
1619;-21.7052;
1620;-27.3798;
1621;-21.9728;
1622;-21.5889;
1623;-25.9389;
1624;-25.9605;
1625;-23.5431;
1626;-24.0541;
1627;-23.1852;
1628;-28.6215;
1629;-26.1608;
1630;-22.5039;
1631;-22.0756;
1632;-26.4871;
1633;-21.6889;
1634;-23.2047;
1635;-24.2042;
1636;-21.3301;
1637;-21.0355;
1638;-22.4407;
1639;-24.0061;
1640;-23.94;
1641;-23.049;
1642;-22.8176;
1643;-21.5669;
1644;-20.7585;
1645;-24.8762;
1646;-24.7208;
1647;-24.1549;
1648;-27.0733;
1649;-21.8505;
1650;-22.7587;
1651;-22.8659;
1652;-21.3827;
1653;-24.9195;
1654;-26.2452;
1655;-22.2215;
1656;-31.518;
1657;-22.3632;
1658;-20.3062;
1659;-23.9561;
1660;-21.6743;
1661;-20.0628;
1662;-21.9904;
1663;-26.636;
1664;-21.2792;
1665;-26.7612;
1666;-20.7184;
1667;-22.0116;
1668;-24.7891;
1669;-21.496;
1670;-23.5449;
1671;-26.3787;
1672;-22.0346;
1673;-25.3468;
1674;-20.7758;
1675;-20.441;
1676;-24.2275;
1677;-23.3793;
1678;-20.8171;
1679;-22.8667;
1680;-25.4602;
1681;-24.3018;
1682;-23.8062;
1683;-22.2762;
1684;-23.9758;
1685;-26.7905;
1686;-25.8429;
1687;-23.5036;
1688;-26.5429;
1689;-23.8701;
1690;-25.2919;
1691;-22.5634;
1692;-19.6601;
1693;-22.9033;
1694;-22.2599;
1695;-20.9838;
1696;-25.1808;
1697;-21.4173;
1698;-20.0219;
1699;-23.4081;
1700;-21.1872;
1701;-21.1682;
1702;-31.4157;
1703;-21.5709;
1704;-22.8202;
1705;-22.3854;
1706;-20.2206;
1707;-20.7772;
1708;-21.1945;
1709;-21.1154;
1710;-23.0221;
1711;-21.4972;
1712;-22.5357;
1713;-34.3381;
1714;-22.7844;
1715;-23.1838;
1716;-25.2401;
1717;-25.9901;
1718;-25.3511;
1719;-25.3675;
1720;-22.3211;
1721;-26.5511;
1722;-28.9478;
1723;-22.3943;
1724;-22.4314;
1725;-29.3808;
1726;-24.2341;
1727;-24.2519;
1728;-21.7229;
1729;-22.44;
1730;-24.1937;
1731;-20.4121;
1732;-21.7342;
1733;-25.584;
1734;-21.5337;
1735;-24.3374;
1736;-23.4867;
1737;-22.9781;
1738;-26.3569;
1739;-24.1763;
1740;-24.8148;
1741;-23.7951;
1742;-20.8912;
1743;-22.4779;
1744;-21.4633;
1745;-20.6662;
1746;-23.7567;
1747;-24.4741;
1748;-23.2312;
1749;-26.3595;
1750;-20.8189;
1751;-19.9108;
1752;-22.6236;
1753;-21.9937;
1754;-21.6899;
1755;-23.4271;
1756;-28.9467;
1757;-23.9257;
1758;-26.4212;
1759;-21.2045;
1760;-23.1607;
1761;-33.0504;
1762;-22.0495;
1763;-25.2867;
1764;-21.6827;
1765;-20.6598;
1766;-22.7298;
1767;-22.042;
1768;-20.6601;
1769;-30.5985;
1770;-22.1689;
1771;-22.188;
1772;-24.1402;
1773;-20.157;
1774;-21.7025;
1775;-24.2717;
1776;-23.0501;
1777;-26.544;
1778;-20.6793;
1779;-21.3416;
1780;-24.6725;
1781;-21.2816;
1782;-21.7475;
1783;-24.2882;
1784;-19.3947;
1785;-20.9063;
1786;-21.3688;
1787;-19.783;
1788;-21.65;
1789;-26.7987;
1790;-25.7224;
1791;-26.3678;
1792;-24.2153;
1793;-23.8597;
1794;-25.6011;
1795;-24.6365;
1796;-26.877;
1797;-25.5523;
1798;-24.7862;
1799;-28.4234;
1800;-23.3489;
1801;-22.4157;
1802;-24.1268;
1803;-27.0287;
1804;-23.9475;
1805;-24.4993;
1806;-26.9633;
1807;-25.5857;
1808;-24.4277;
1809;-26.6588;
1810;-24.6062;
1811;-26.8973;
1812;-24.8882;
1813;-32.5875;
1814;-27.174;
1815;-22.3578;
1816;-27.7985;
1817;-22.8217;
1818;-22.8;
1819;-24.3078;
1820;-21.6758;
1821;-21.7669;
1822;-22.0965;
1823;-21.746;
1824;-21.7266;
1825;-22.1886;
1826;-22.4565;
1827;-26.8768;
1828;-24.2818;
1829;-25.4486;
1830;-24.1665;
1831;-21.8954;
1832;-24.8691;
1833;-25.5783;
1834;-22.4019;
1835;-23.6602;
1836;-23.7044;
1837;-21.9178;
1838;-26.602;
1839;-25.26;
1840;-23.2347;
1841;-23.974;
1842;-20.8369;
1843;-23.3266;
1844;-22.3968;
1845;-20.8397;
1846;-23.7986;
1847;-23.3748;
1848;-25.04;
1849;-23.9849;
1850;-20.1549;
1851;-19.5963;
1852;-25.6125;
1853;-21.1336;
1854;-21.9537;
1855;-34.7841;
1856;-22.8758;
1857;-25.5017;
1858;-23.9591;
1859;-22.2092;
1860;-24.227;
1861;-25.1829;
1862;-23.8641;
1863;-30.2557;
1864;-22.5218;
1865;-21.4793;
1866;-31.4957;
1867;-22.9167;
1868;-26.4764;
1869;-22.7097;
1870;-19.6451;
1871;-21.5967;
1872;-22.6809;
1873;-20.5513;
1874;-24.7255;
1875;-22.6966;
1876;-21.2882;
1877;-24.8325;
1878;-20.5188;
1879;-22.2446;
1880;-24.4327;
1881;-21.7398;
1882;-30.5745;
1883;-20.8482;
1884;-20.0882;
1885;-24.6871;
1886;-22.6964;
1887;-22.072;
1888;-25.9599;
1889;-20.551;
1890;-20.0278;
1891;-22.6608;
1892;-21.1309;
1893;-21.1838;
1894;-30.026;
1895;-24.774;
1896;-26.6817;
1897;-21.0417;
1898;-21.557;
1899;-31.4543;
1900;-21.7726;
1901;-23.2857;
1902;-21.3513;
1903;-18.9118;
1904;-21.6046;
1905;-22.1344;
1906;-19.594;
1907;-25.1541;
1908;-21.526;
1909;-21.1661;
1910;-27.2543;
1911;-22.6422;
1912;-22.4546;
1913;-23.5571;
1914;-23.196;
1915;-26.3174;
1916;-20.7057;
1917;-20.3663;
1918;-27.5362;
1919;-22.6829;
1920;-22.6292;
1921;-29.3867;
1922;-20.805;
1923;-21.8935;
1924;-27.8182;
1925;-24.3094;
1926;-25.7811;
1927;-22.6831;
1928;-22.9967;
1929;-31.274;
1930;-23.4545;
1931;-22.2442;
1932;-29.9066;
1933;-22.6185;
1934;-27.7646;
1935;-24.7056;
1936;-21.7525;
1937;-21.6693;
1938;-28.052;
1939;-25.0391;
1940;-23.0272;
1941;-22.0995;
1942;-21.7589;
1943;-30.3072;
1944;-23.9247;
1945;-24.1376;
1946;-24.938;
1947;-23.2967;
1948;-25.3036;
1949;-26.9352;
1950;-23.5391;
1951;-26.3541;
1952;-22.3416;
1953;-23.0555;
1954;-31.8339;
1955;-23.0768;
1956;-19.9493;
1957;-23.0128;
1958;-24.8664;
1959;-25.449;
1960;-23.4118;
1961;-21.3487;
1962;-23.0351;
1963;-26.4592;
1964;-24.399;
1965;-23.5445;
1966;-30.5312;
1967;-23.9278;
1968;-27.72;
1969;-22.7372;
1970;-24.9822;
1971;-27.0986;
1972;-22.3004;
1973;-25.3881;
1974;-24.2145;
1975;-21.6606;
1976;-22.258;
1977;-24.0086;
1978;-25.3255;
1979;-22.7533;
1980;-19.9999;
1981;-21.2587;
1982;-24.9175;
1983;-20.7878;
1984;-22.3955;
1985;-26.3599;
1986;-21.6151;
1987;-26.6291;
1988;-22.5644;
1989;-25.2717;
1990;-24.2523;
1991;-23.3549;
1992;-24.9732;
1993;-25.4196;
1994;-22.2298;
1995;-25.4855;
1996;-22.1377;
1997;-21.2386;
1998;-22.9872;
1999;-20.2038;
2000;-20.4312;
2001;-24.6382;
2002;-24.0632;
2003;-23.5122;
2004;-26.4076;
2005;-22.5744;
2006;-30.2177;
2007;-21.6664;
2008;-23.3346;
2009;-25.2913;
2010;-20.9761;
2011;-25.4747;
2012;-25.1086;
2013;-21.3369;
2014;-23.9819;
2015;-24.3395;
2016;-22.9517;
2017;-28.6668;
2018;-24.315;
2019;-25.9941;
2020;-27.1501;
2021;-23.8998;
2022;-26.4353;
2023;-24.2365;
2024;-21.5173;
2025;-22.5461;
2026;-23.4702;
2027;-23.5767;
2028;-28.1982;
2029;-22.3058;
2030;-21.641;
2031;-25.0421;
2032;-25.3116;
2033;-24.0254;
2034;-22.4223;
2035;-21.1849;
2036;-28.9595;
2037;-21.2634;
2038;-24.9384;
2039;-22.7422;
2040;-21.6216;
2041;-28.3926;
2042;-22.1661;
2043;-21.2153;
2044;-22.9473;
2045;-24.1751;
2046;-25.2173;
2047;-23.2146;
2048;-22.0137;
2049;-27.5033;
2050;-24.8963;
2051;-33.2947;
2052;-25.8015;
2053;-23.742;
2054;-23.8265;
2055;-32.1843;
2056;-25.1601;
2057;-25.6951;
2058;-24.0502;
2059;-21.7399;
2060;-27.9939;
2061;-23.8357;
2062;-32.3849;
2063;-22.2033;
2064;-20.4565;
2065;-23.4021;
2066;-25.4864;
2067;-22.4277;
2068;-22.6383;
2069;-22.0069;
2070;-24.1433;
2071;-22.7161;
2072;-22.9948;
2073;-27.5623;
2074;-22.8842;
2075;-29.5156;
2076;-23.3381;
2077;-21.9726;
2078;-28.2553;
2079;-22.9006;
2080;-20.8019;
2081;-23.0518;
2082;-21.3007;
2083;-21.392;
2084;-25.7317;
2085;-24.7398;
2086;-28.7073;
2087;-22.4274;
2088;-20.6332;
2089;-27.1343;
2090;-23.7888;
2091;-22.3875;
2092;-23.4243;
2093;-19.5176;
2094;-22.1819;
2095;-22.9598;
2096;-21.9821;
2097;-28.7095;
2098;-20.8804;
2099;-20.8364;
2100;-32.8869;
2101;-23.0548;
2102;-22.9809;
2103;-22.1551;
2104;-19.4902;
2105;-20.7777;
2106;-20.9483;
2107;-20.8585;
2108;-27.8734;
2109;-23.3704;
2110;-23.7664;
2111;-22.6593;
2112;-21.4656;
2113;-25.1982;
2114;-21.9955;
2115;-21.4291;
2116;-23.7168;
2117;-19.55;
2118;-21.254;
2119;-23.8468;
2120;-21.0348;
2121;-23.3589;
2122;-22.2473;
2123;-22.4184;
2124;-26.6334;
2125;-25.6623;
2126;-26.271;
2127;-20.897;
2128;-20.1716;
2129;-22.8969;
2130;-22.4292;
2131;-22.1071;
2132;-23.0606;
2133;-19.708;
2134;-22.9076;
2135;-26.6628;
2136;-22.8011;
2137;-25.9304;
2138;-23.5339;
2139;-22.6251;
2140;-27.7651;
2141;-23.9225;
2142;-26.4456;
2143;-22.7643;
2144;-20.8536;
2145;-23.4201;
2146;-21.4481;
2147;-26.1472;
2148;-22.9883;
2149;-21.7687;
2150;-29.5075;
2151;-21.6533;
2152;-24.2028;
2153;-29.6497;
2154;-23.0416;
2155;-24.8881;
2156;-21.4452;
2157;-21.804;
2158;-22.4952;
2159;-21.5913;
2160;-23.3479;
2161;-22.3176;
2162;-24.1903;
2163;-24.1389;
2164;-23.3253;
2165;-25.4028;
2166;-22.6492;
2167;-21.4399;
2168;-22.0981;
2169;-24.9544;
2170;-22.8985;
2171;-23.073;
2172;-22.9631;
2173;-21.1718;
2174;-25.1263;
2175;-26.1592;
2176;-24.6085;
2177;-23.4496;
2178;-22.5614;
2179;-21.8693;
2180;-21.821;
2181;-23.6653;
2182;-24.1429;
2183;-22.4344;
2184;-24.3877;
2185;-34.4846;
2186;-23.9194;
2187;-22.1301;
2188;-21.898;
2189;-22.6967;
2190;-22.7597;
2191;-21.6696;
2192;-21.6484;
2193;-21.5738;
2194;-21.91;
2195;-22.6789;
2196;-25.9643;
2197;-26.4167;
2198;-24.6067;
2199;-23.4212;
2200;-20.3957;
2201;-20.5333;
2202;-20.7683;
2203;-19.3588;
2204;-21.3026;
2205;-21.7658;
2206;-21.8303;
2207;-21.0308;
2208;-20.5335;
2209;-22.4033;
2210;-21.3704;
2211;-22.356;
2212;-22;
2213;-22.1016;
2214;-26.1438;
2215;-26.9658;
2216;-26.97;
2217;-31.133;
2218;-24.3815;
2219;-23.3422;
2220;-24.0843;
2221;-25.3753;
2222;-25.3344;
2223;-20.9478;
2224;-22.3967;
2225;-22.7286;
2226;-23.9346;
2227;-23.3661;
2228;-20.8254;
2229;-25.9528;
2230;-21.1504;
2231;-23.3462;
2232;-21.6745;
2233;-20.3792;
2234;-23.5636;
2235;-23.3767;
2236;-22.3735;
2237;-23.153;
2238;-20.9316;
2239;-22.1683;
2240;-23.7938;
2241;-23.2848;
2242;-24.2128;
2243;-20.3983;
2244;-20.5312;
2245;-22.5716;
2246;-21.9435;
2247;-22.4179;
2248;-20.0603;
2249;-19.0613;
2250;-21.4872;
2251;-23.4709;
2252;-23.9365;
2253;-22.7173;
2254;-21.082;
2255;-22.0345;
2256;-21.7656;
2257;-21.5984;
2258;-23.6429;
2259;-26.6926;
2260;-29.6376;
2261;-25.8312;
2262;-26.4788;
2263;-23.0329;
2264;-22.5051;
2265;-27.2861;
2266;-25.6007;
2267;-22.9281;
2268;-20.6066;
2269;-20.1323;
2270;-20.7159;
2271;-21.7966;
2272;-22.797;
2273;-22.4835;
2274;-22.975;
2275;-20.6356;
2276;-20.0743;
2277;-21.0955;
2278;-21.0693;
2279;-22.5888;
2280;-21.0222;
2281;-19.2768;
2282;-19.4562;
2283;-18.8236;
2284;-19.0856;
2285;-19.3697;
2286;-19.3307;
2287;-19.4181;
2288;-20.1417;
2289;-21.2658;
2290;-21.6447;
2291;-23.0078;
2292;-21.7456;
2293;-22.8135;
2294;-21.5311;
2295;-22.1514;
2296;-23.9211;
2297;-24.9472;
2298;-24.6561;
2299;-22.0846;
2300;-22.1384;
2301;-20.5496;
2302;-21.3016;
2303;-22.2094;
2304;-20.1963;
2305;-22.5683;
2306;-21.6471;
2307;-23.1229;
2308;-24.6789;
2309;-23.2338;
2310;-26.801;
2311;-28.493;
2312;-31.3014;
2313;-23.3906;
2314;-26.4511;
2315;-27.8646;
2316;-24.0441;
2317;-21.8655;
2318;-24.0365;
2319;-29.1055;
2320;-25.8972;
2321;-25.6576;
2322;-25.4726;
2323;-23.1206;
2324;-23.9841;
2325;-27.1743;
2326;-22.6978;
2327;-32.8177;
2328;-26.5976;
2329;-28.0829;
2330;-24.2199;
2331;-24.2705;
2332;-26.255;
2333;-25.5662;
2334;-23.516;
2335;-23.3799;
2336;-25.0067;
2337;-29.7865;
2338;-25.168;
2339;-24.9703;
2340;-24.9108;
2341;-31.1113;
2342;-24.4473;
2343;-28.0063;
2344;-28.2511;
2345;-26.741;
2346;-28.4087;
2347;-28.0568;
2348;-29.0226;
2349;-28.3931;
2350;-27.7161;
2351;-24.3884;
2352;-23.3881;
2353;-28.1272;
2354;-25.0858;
2355;-27.9662;
2356;-26.2485;
2357;-22.4246;
2358;-25.4362;
2359;-21.6331;
2360;-21.6787;
2361;-25.9705;
2362;-22.7764;
2363;-22.9679;
2364;-24.13;
2365;-25.4748;
2366;-24.8768;
2367;-23.6001;
2368;-27.595;
2369;-23.6909;
2370;-22.7022;
2371;-23.9765;
2372;-25.6334;
2373;-23.2008;
2374;-25.5723;
2375;-24.2435;
2376;-23.9306;
2377;-24.8101;
2378;-24.807;
2379;-24.3445;
2380;-25.2195;
2381;-26.3125;
2382;-27.3003;
2383;-28.5323;
2384;-24.5366;
2385;-31.7688;
2386;-23.7519;
2387;-25.4424;
2388;-27.6272;
2389;-24.3388;
2390;-24.7139;
2391;-25.6818;
2392;-26.583;
2393;-26.8923;
2394;-24.4652;
2395;-23.8915;
2396;-26.6738;
2397;-25.3201;
2398;-24.8318;
2399;-27.738;
2400;-27.0614;
2401;-24.6994;
2402;-26.1157;
2403;-33.5289;
2404;-30.7124;
2405;-24.3163;
2406;-23.6173;
2407;-24.3174;
2408;-25.5384;
2409;-25.5132;
2410;-25.4042;
2411;-31.4013;
2412;-25.1351;
2413;-25.8079;
2414;-26.7866;
2415;-25.8397;
2416;-27.119;
2417;-28.1135;
2418;-23.7379;
2419;-26.4603;
2420;-25.2971;
2421;-27.3386;
2422;-25.0029;
2423;-24.0977;
2424;-29.0875;
2425;-27.6503;
2426;-25.1084;
2427;-33.9285;
2428;-23.7375;
2429;-24.3146;
2430;-22.5433;
2431;-21.6503;
2432;-25.0695;
2433;-25.2236;
2434;-24.6315;
2435;-27.3804;
2436;-27.4481;
2437;-26.1728;
2438;-26.6603;
2439;-27.612;
2440;-26.8444;
2441;-24.2084;
2442;-29.3506;
2443;-24.9227;
2444;-31.5408;
2445;-25.7384;
2446;-22.6188;
2447;-22.1569;
2448;-25.5133;
2449;-23.5033;
2450;-24.7701;
2451;-25.7859;
2452;-23.4134;
2453;-26.3148;
2454;-27.5495;
2455;-24.9305;
2456;-25.7161;
2457;-31.1547;
2458;-31.7826;
2459;-26.7711;
2460;-26.7025;
2461;-25.8049;
2462;-25.062;
2463;-25.0241;
2464;-24.0524;
2465;-27.3789;
2466;-26.8671;
2467;-22.2579;
2468;-24.2788;
2469;-23.73;
2470;-22.3445;
2471;-29.5532;
2472;-23.2247;
2473;-22.5502;
2474;-27.9219;
2475;-25.3106;
2476;-24.858;
2477;-31.5852;
2478;-22.2182;
2479;-25.0183;
2480;-23.7066;
2481;-23.673;
2482;-25.685;
2483;-35.0337;
2484;-29.6738;
2485;-27.1391;
2486;-23.8865;
2487;-23.2153;
2488;-24.1443;
2489;-23.3974;
2490;-26.9617;
2491;-24.854;
2492;-27.5531;
2493;-31.6314;
2494;-24.3244;
2495;-25.2218;
2496;-26.1903;
2497;-25.4913;
2498;-26.6407;
2499;-23.7723;
2500;-22.8317;
2501;-24.2857;
2502;-24.0346;
2503;-24.0472;
2504;-24.7437;
2505;-22.4963;
2506;-23.6179;
2507;-30.3651;
2508;-23.7195;
2509;-23.5131;
2510;-31.2012;
2511;-25.3176;
2512;-25.546;
2513;-27.0075;
2514;-22.6585;
2515;-22.4379;
2516;-27.0043;
2517;-25.6006;
2518;-24.3614;
2519;-24.6431;
2520;-25.3682;
2521;-32.6711;
2522;-23.5478;
2523;-23.1271;
2524;-26.3292;
2525;-23.8394;
2526;-22.9213;
2527;-26.3269;
2528;-22.7596;
2529;-24.4075;
2530;-24.1105;
2531;-22.8523;
2532;-24.4064;
2533;-27.5571;
2534;-26.4966;
2535;-24.2517;
2536;-27.5363;
2537;-28.6936;
2538;-24.0157;
2539;-24.6702;
2540;-24.8917;
2541;-23.7949;
2542;-26.3348;
2543;-28.0069;
2544;-29.7191;
2545;-28.1056;
2546;-24.7489;
2547;-22.3595;
2548;-25.0191;
2549;-26.5453;
2550;-24.0683;
2551;-24.9237;
2552;-24.5775;
2553;-24.0397;
2554;-26.2202;
2555;-28.6643;
2556;-25.3363;
2557;-26.0082;
2558;-26.7602;
2559;-23.661;
2560;-23.2726;
2561;-24.3278;
2562;-24.3525;
2563;-25.1845;
2564;-28.2833;
2565;-26.3528;
2566;-27.6662;
2567;-25.6375;
2568;-29.9338;
2569;-25.0381;
2570;-22.7078;
2571;-23.8483;
2572;-28.9445;
2573;-26.3838;
2574;-27.378;
2575;-25.7984;
2576;-24.3328;
2577;-23.9356;
2578;-23.2797;
2579;-30.3055;
2580;-30.7904;
2581;-25.5521;
2582;-25.3585;
2583;-24.7002;
2584;-26.2439;
2585;-24.7302;
2586;-26.8345;
2587;-25.1979;
2588;-23.4708;
2589;-25.4492;
2590;-29.3972;
2591;-25.8221;
2592;-22.1956;
2593;-26.625;
2594;-24.7128;
2595;-22.6239;
2596;-25.0335;
2597;-26.7592;
2598;-22.3671;
2599;-25.8711;
2600;-24.2482;
2601;-22.5236;
2602;-25.3855;
2603;-23.573;
2604;-28.3847;
2605;-21.8254;
2606;-23.2576;
2607;-28.5519;
2608;-23.7461;
2609;-22.7702;
2610;-24.8397;
2611;-22.8617;
2612;-24.2432;
2613;-26.0952;
2614;-23.7608;
2615;-26.3712;
2616;-24.7207;
2617;-25.7906;
2618;-28.9143;
2619;-27.8104;
2620;-26.2706;
2621;-26.2774;
2622;-25.8857;
2623;-30.0961;
2624;-26.577;
2625;-26.3816;
2626;-26.3934;
2627;-24.1307;
2628;-27.9281;
2629;-24.6598;
2630;-23.952;
2631;-22.4633;
2632;-28.3243;
2633;-21.8369;
2634;-20.6645;
2635;-24.7828;
2636;-24.1627;
2637;-23.0404;
2638;-26.5005;
2639;-27.0004;
2640;-23.1994;
2641;-24.1051;
2642;-24.1012;
2643;-22.5844;
2644;-27.8157;
2645;-28.88;
2646;-25.7421;
2647;-23.1729;
2648;-23.4277;
2649;-28.3689;
2650;-25.8828;
2651;-21.3048;
2652;-23.5451;
2653;-24.9875;
2654;-23.6882;
2655;-25.8121;
2656;-29.396;
2657;-26.7493;
2658;-25.8595;
2659;-28.5962;
2660;-24.6034;
2661;-21.9777;
2662;-22.2641;
2663;-25.8773;
2664;-22.1745;
2665;-20.9012;
2666;-24.4564;
2667;-25.0168;
2668;-26.1742;
2669;-24.9538;
2670;-23.2389;
2671;-27.0179;
2672;-28.0186;
2673;-28.3303;
2674;-31.1037;
2675;-27.6875;
2676;-24.4028;
2677;-24.2871;
2678;-27.4393;
2679;-21.7805;
2680;-23.3551;
2681;-26.0186;
2682;-22.8037;
2683;-30.5509;
2684;-25.7979;
2685;-26.7576;
2686;-26.7501;
2687;-27.0639;
2688;-28.6034;
2689;-26.4548;
2690;-26.9404;
2691;-24.8714;
2692;-25.5664;
2693;-22.8471;
2694;-22.5456;
2695;-25.4951;
2696;-23.0541;
2697;-22.559;
2698;-20.7553;
2699;-24.8186;
2700;-24.1309;
2701;-21.7901;
2702;-23.3069;
2703;-23.359;
2704;-23.2428;
2705;-26.6114;
2706;-23.2096;
2707;-22.2806;
2708;-25.2156;
2709;-23.3457;
2710;-23.5234;
2711;-30.6588;
2712;-29.1114;
2713;-24.926;
2714;-23.727;
2715;-25.6264;
2716;-24.8791;
2717;-26.2778;
2718;-29.1899;
2719;-24.7963;
2720;-25.3287;
2721;-25.1536;
2722;-26.276;
2723;-28.4293;
2724;-26.3793;
2725;-23.1425;
2726;-24.8296;
2727;-32.3103;
2728;-23.1429;
2729;-22.5312;
2730;-28.6671;
2731;-26.0694;
2732;-23.786;
2733;-25.3823;
2734;-25.5633;
2735;-22.7767;
2736;-30.6827;
2737;-23.5795;
2738;-22.9385;
2739;-27.4513;
2740;-23.7019;
2741;-31.222;
2742;-23.5969;
2743;-23.6471;
2744;-24.6939;
2745;-24.1803;
2746;-23.7551;
2747;-21.5998;
2748;-23.2332;
2749;-24.1139;
2750;-21.1332;
2751;-23.228;
2752;-25.6752;
2753;-25.1881;
2754;-24.1013;
2755;-24.2853;
2756;-23.0467;
2757;-23.8275;
2758;-26.3556;
2759;-24.6047;
2760;-24.7015;
2761;-26.7234;
2762;-30.1535;
2763;-25.7326;
2764;-30.0083;
2765;-27.1871;
2766;-23.772;
2767;-36.6185;
2768;-25.0592;
2769;-27.4561;
2770;-27.2185;
2771;-23.4702;
2772;-27.1002;
2773;-27.9811;
2774;-27.265;
2775;-29.122;
2776;-23.923;
2777;-24.0661;
2778;-22.4484;
2779;-23.977;
2780;-26.0199;
2781;-22.4135;
2782;-21.6919;
2783;-24.5084;
2784;-23.6133;
2785;-20.6777;
2786;-22.8391;
2787;-24.6559;
2788;-21.8961;
2789;-22.4141;
2790;-28.1565;
2791;-23.098;
2792;-23.1695;
2793;-28.5778;
2794;-41.3493;
2795;-30.4021;
2796;-25.4059;
2797;-24.4313;
2798;-24.5958;
2799;-21.2545;
2800;-21.9149;
2801;-23.8456;
2802;-21.2993;
2803;-20.3412;
2804;-24.1165;
2805;-25.6322;
2806;-26.0456;
2807;-28.0263;
2808;-24.8555;
2809;-24.9841;
2810;-23.9796;
2811;-26.3585;
2812;-25.9176;
2813;-22.8281;
2814;-22.5006;
2815;-25.1905;
2816;-24.8391;
2817;-22.8724;
2818;-22.1372;
2819;-26.6053;
2820;-24.9989;
2821;-24.1306;
2822;-22.31;
2823;-27.4555;
2824;-24.2323;
2825;-23.2863;
2826;-36.7027;
2827;-24.7293;
2828;-22.3741;
2829;-24.6562;
2830;-23.8639;
2831;-21.5355;
2832;-22.3973;
2833;-27.9104;
2834;-22.0752;
2835;-24.293;
2836;-22.8849;
2837;-23.4835;
2838;-26.3598;
2839;-23.1727;
2840;-22.9693;
2841;-23.8971;
2842;-23.2994;
2843;-25.9413;
2844;-23.52;
2845;-22.7495;
2846;-23.3827;
2847;-30.0434;
2848;-24.7532;
2849;-24.7101;
2850;-24.4642;
2851;-29.6833;
2852;-26.7592;
2853;-25.1278;
2854;-24.6369;
2855;-22.6973;
2856;-21.2825;
2857;-22.7917;
2858;-28.2973;
2859;-22.0847;
2860;-22.8536;
2861;-28.7306;
2862;-23.9787;
2863;-23.2941;
2864;-25.436;
2865;-22.5106;
2866;-23.0831;
2867;-23.9008;
2868;-25.1025;
2869;-22.6021;
2870;-20.8384;
2871;-24.8913;
2872;-26.1966;
2873;-22.1654;
2874;-21.7468;
2875;-23.4408;
2876;-28.3472;
2877;-22.7038;
2878;-22.5962;
2879;-24.4974;
2880;-25.7859;
2881;-25.0051;
2882;-24.5182;
2883;-28.9947;
2884;-22.5267;
2885;-21.6731;
2886;-23.8951;
2887;-23.0515;
2888;-22.817;
2889;-22.9844;
2890;-25.6977;
2891;-23.169;
2892;-24.9072;
2893;-24.0221;
2894;-25.8496;
2895;-26.2083;
2896;-29.84;
2897;-32.7292;
2898;-24.6726;
2899;-25.162;
2900;-30.9962;
2901;-24.0269;
2902;-28.5396;
2903;-24.4269;
2904;-24.2963;
2905;-27.2377;
2906;-23.889;
2907;-22.9634;
2908;-26.4812;
2909;-25.5713;
2910;-24.3878;
2911;-24.6928;
2912;-24.0873;
2913;-20.2328;
2914;-23.2679;
2915;-24.0034;
2916;-22.469;
2917;-21.5739;
2918;-22.3575;
2919;-24.2617;
2920;-25.0898;
2921;-24.2348;
2922;-23.7473;
2923;-24.4747;
2924;-30.415;
2925;-25.2649;
2926;-26.6016;
2927;-27.6351;
2928;-25.8905;
2929;-21.92;
2930;-22.3505;
2931;-27.9964;
2932;-20.8019;
2933;-20.6206;
2934;-25.7533;
2935;-20.2502;
2936;-23.4651;
2937;-25.4566;
2938;-21.5367;
2939;-22.4976;
2940;-31.5159;
2941;-22.8015;
2942;-22.5527;
2943;-25.8371;
2944;-26.0567;
2945;-25.7806;
2946;-22.2187;
2947;-23.1994;
2948;-24.7593;
2949;-25.5152;
2950;-24.9775;
2951;-22.3235;
2952;-21.7214;
2953;-25.567;
2954;-24.718;
2955;-22.8284;
2956;-25.6161;
2957;-25.5393;
2958;-23.553;
2959;-27.0236;
2960;-22.9953;
2961;-21.0711;
2962;-22.0386;
2963;-27.9352;
2964;-26.0824;
2965;-24.9369;
2966;-21.431;
2967;-23.7172;
2968;-29.3337;
2969;-30.2779;
2970;-23.5063;
2971;-25.0021;
2972;-24.9722;
2973;-26.7247;
2974;-28.6214;
2975;-22.6564;
2976;-24.1597;
2977;-25.1931;
2978;-21.6766;
2979;-22.174;
2980;-21.2662;
2981;-20.9442;
2982;-24.927;
2983;-22.1474;
2984;-21.8148;
2985;-23.4911;
2986;-23.5838;
2987;-32.4511;
2988;-24.7741;
2989;-26.6079;
2990;-24.8293;
2991;-25.0823;
2992;-29.4633;
2993;-24.8932;
2994;-24.7368;
2995;-25.3975;
2996;-23.8091;
2997;-22.493;
2998;-24.1411;
2999;-30.1515;
3000;-20.5498;
3001;-21.6928;
3002;-36.1473;
3003;-23.3789;
3004;-23.8206;
3005;-24.2035;
3006;-22.5707;
3007;-21.0945;
3008;-27.0502;
3009;-23.9277;
3010;-22.9799;
3011;-22.6754;
3012;-23.3574;
3013;-25.1594;
3014;-24.8549;
3015;-23.2932;
3016;-23.2671;
3017;-22.9217;
3018;-28.5566;
3019;-26.4295;
3020;-21.9684;
3021;-24.7051;
3022;-22.1249;
3023;-22.3924;
3024;-30.9989;
3025;-23.4097;
3026;-22.1864;
3027;-23.2328;
3028;-23.7129;
3029;-22.9659;
3030;-24.716;
3031;-28.8613;
3032;-26.6447;
3033;-26.7833;
3034;-26.0209;
3035;-22.8523;
3036;-24.0955;
3037;-24.0184;
3038;-29.6098;
3039;-23.3249;
3040;-21.0439;
3041;-22.0469;
3042;-24.0635;
3043;-22.9705;
3044;-21.5347;
3045;-21.7321;
3046;-21.8202;
3047;-25.4303;
3048;-22.0609;
3049;-22.5145;
3050;-27.8441;
3051;-25.5503;
3052;-26.4632;
3053;-24.0714;
3054;-24.3762;
3055;-21.5942;
3056;-23.8377;
3057;-23.6453;
3058;-26.8255;
3059;-22.3907;
3060;-25.6078;
3061;-23.3241;
3062;-23.1291;
3063;-24.2904;
3064;-28.8213;
3065;-22.8337;
3066;-21.6764;
3067;-22.1155;
3068;-25.6593;
3069;-21.7947;
3070;-26.0949;
3071;-22.4109;
3072;-22.237;
3073;-27.2087;
3074;-23.7961;
3075;-25.8482;
3076;-29.681;
3077;-28.0271;
3078;-36.1579;
3079;-23.2451;
3080;-24.8295;
3081;-21.7111;
3082;-24.0274;
3083;-25.3107;
3084;-23.3038;
3085;-20.7068;
3086;-22.5664;
3087;-31.2044;
3088;-23.6466;
3089;-27.7599;
3090;-26.8669;
3091;-24.1538;
3092;-21.344;
3093;-22.7415;
3094;-25.1548;
3095;-21.0296;
3096;-21.3169;
3097;-22.3932;
3098;-22.7508;
3099;-21.8652;
3100;-23.8828;
3101;-20.688;
3102;-22.9877;
3103;-25.2809;
3104;-27.8188;
3105;-21.4256;
3106;-21.9222;
3107;-24.3244;
3108;-26.3862;
3109;-24.6238;
3110;-27.2488;
3111;-21.747;
3112;-24.0368;
3113;-33.179;
3114;-24.9338;
3115;-27.129;
3116;-27.7689;
3117;-24.1954;
3118;-23.1536;
3119;-27.1239;
3120;-24.4929;
3121;-21.563;
3122;-23.86;
3123;-27.9836;
3124;-24.028;
3125;-22.1594;
3126;-22.7836;
3127;-28.4977;
3128;-23.8758;
3129;-23.5335;
3130;-26.8209;
3131;-22.2073;
3132;-21.9545;
3133;-25.4171;
3134;-28.0671;
3135;-25.5059;
3136;-22.2909;
3137;-23.9956;
3138;-25.1235;
3139;-24.0938;
3140;-22.5267;
3141;-24.4851;
3142;-22.724;
3143;-23.6406;
3144;-25.8542;
3145;-25.0748;
3146;-23.2019;
3147;-26.1133;
3148;-29.8457;
3149;-24.4921;
3150;-25.908;
3151;-24.2452;
3152;-20.6022;
3153;-23.4316;
3154;-21.6829;
3155;-22.4721;
3156;-21.9279;
3157;-21.2373;
3158;-20.4553;
3159;-23.0345;
3160;-23.529;
3161;-22.6356;
3162;-21.9513;
3163;-29.1581;
3164;-26.4013;
3165;-31.2805;
3166;-24.1297;
3167;-22.0277;
3168;-25.1842;
3169;-20.2799;
3170;-21.8872;
3171;-25.4649;
3172;-20.4087;
3173;-22.2129;
3174;-26.2585;
3175;-32.9079;
3176;-22.4182;
3177;-22.7351;
3178;-23.2879;
3179;-29.4487;
3180;-26.251;
3181;-23.0888;
3182;-23.104;
3183;-24.3761;
3184;-23.9875;
3185;-23.7817;
3186;-25.1864;
3187;-24.1574;
3188;-22.5797;
3189;-22.4776;
3190;-22.7885;
3191;-22.2368;
3192;-21.4301;
3193;-21.7944;
3194;-28.8085;
3195;-23.521;
3196;-25.1612;
3197;-23.6038;
3198;-31.3688;
3199;-24.2492;
3200;-23.1607;
3201;-23.5331;
3202;-28.4261;
3203;-22.1138;
3204;-23.2521;
3205;-24.6939;
3206;-20.5511;
3207;-21.7329;
3208;-26.4605;
3209;-20.8309;
3210;-22.0105;
3211;-25.4053;
3212;-24.6109;
3213;-28.2996;
3214;-31.3086;
3215;-25.4882;
3216;-28.1311;
3217;-24.6609;
3218;-21.4738;
3219;-29.2003;
3220;-22.2037;
3221;-23.1445;
3222;-24.7784;
3223;-23.1344;
3224;-25.2439;
3225;-23.6243;
3226;-21.9516;
3227;-25.3148;
3228;-25.8615;
3229;-23.2212;
3230;-22.6784;
3231;-26.4252;
3232;-25.8881;
3233;-23.8304;
3234;-25.8218;
3235;-26.56;
3236;-26.9303;
3237;-22.2799;
3238;-22.1609;
3239;-31.6445;
3240;-20.4732;
3241;-20.1143;
3242;-25.7665;
3243;-23.2611;
3244;-24.6255;
3245;-30.3983;
3246;-28.8183;
3247;-25.1644;
3248;-27.178;
3249;-22.6836;
3250;-24.6848;
3251;-22.5287;
3252;-22.3776;
3253;-21.9028;
3254;-24.1011;
3255;-22.9551;
3256;-24.9716;
3257;-23.0531;
3258;-24.9293;
3259;-29.6162;
3260;-27.4156;
3261;-23.7329;
3262;-25.2548;
3263;-24.5557;
3264;-22.6824;
3265;-27.5638;
3266;-26.0648;
3267;-25.9502;
3268;-31.747;
3269;-25.6072;
3270;-23.0769;
3271;-25.6188;
3272;-22.4167;
3273;-25.9891;
3274;-21.704;
3275;-20.6087;
3276;-24.1632;
3277;-25.7295;
3278;-23.4914;
3279;-29.151;
3280;-30.8019;
3281;-29.124;
3282;-22.4846;
3283;-22.764;
3284;-26.8417;
3285;-23.4942;
3286;-21.1349;
3287;-21.7036;
3288;-27.1379;
3289;-22.3941;
3290;-23.064;
3291;-28.5397;
3292;-23.4436;
3293;-23.3596;
3294;-24.7518;
3295;-25.1821;
3296;-23.2324;
3297;-24.6462;
3298;-23.78;
3299;-24.6409;
3300;-23.3324;
3301;-21.214;
3302;-24.2007;
3303;-25.1903;
3304;-28.6459;
3305;-23.6144;
3306;-22.0713;
3307;-24.1721;
3308;-27.6809;
3309;-29.696;
3310;-27.972;
3311;-27.39;
3312;-26.158;
3313;-21.9708;
3314;-22.4077;
3315;-26.6792;
3316;-21.9495;
3317;-22.2555;
3318;-23.502;
3319;-25.5261;
3320;-34.2355;
3321;-24.8789;
3322;-25.7853;
3323;-25.7074;
3324;-21.2807;
3325;-21.5802;
3326;-24.1234;
3327;-22.7555;
3328;-24.3174;
3329;-28.5892;
3330;-23.1359;
3331;-23.1458;
3332;-26.4462;
3333;-31.1488;
3334;-24.9719;
3335;-21.7474;
3336;-23.6691;
3337;-30.1225;
3338;-22.954;
3339;-22.4368;
3340;-25.3764;
3341;-26.1941;
3342;-22.5674;
3343;-23.783;
3344;-32.8636;
3345;-24.9112;
3346;-25.1037;
3347;-23.104;
3348;-24.4996;
3349;-26.2663;
3350;-22.835;
3351;-24.5704;
3352;-32.458;
3353;-28.275;
3354;-25.0657;
3355;-26.6624;
3356;-22.1616;
3357;-21.9265;
3358;-25.6428;
3359;-20.9579;
3360;-22.7884;
3361;-23.022;
3362;-19.8985;
3363;-23.7764;
3364;-24.0709;
3365;-24.9432;
3366;-20.395;
3367;-22.9028;
3368;-22.9077;
3369;-25.2501;
3370;-27.1791;
3371;-23.5207;
3372;-27.6424;
3373;-20.8702;
3374;-21.4101;
3375;-27.4954;
3376;-23.4827;
3377;-21.889;
3378;-24.9815;
3379;-27.5653;
3380;-25.384;
3381;-24.1275;
3382;-24.8623;
3383;-23.4695;
3384;-23.3928;
3385;-19.8609;
3386;-22.2855;
3387;-23.3373;
3388;-21.7811;
3389;-25.6348;
3390;-25.7826;
3391;-28.4582;
3392;-26.2838;
3393;-26.7447;
3394;-23.2408;
3395;-24.5363;
3396;-23.0383;
3397;-22.1393;
3398;-28.5681;
3399;-24.3598;
3400;-27.6841;
3401;-25.4241;
3402;-21.3706;
3403;-23.7097;
3404;-25.205;
3405;-22.3599;
3406;-25.6915;
3407;-28.036;
3408;-33.4807;
3409;-27.6111;
3410;-23.6824;
3411;-22.5344;
3412;-31.2327;
3413;-22.9048;
3414;-23.9988;
3415;-28.4825;
3416;-25.17;
3417;-27.4499;
3418;-27.8736;
3419;-27.9935;
3420;-30.6114;
3421;-24.7114;
3422;-25.4755;
3423;-25.5522;
3424;-24.4176;
3425;-25.471;
3426;-27.7154;
3427;-27.4026;
3428;-25.9045;
3429;-25.4568;
3430;-27.2647;
3431;-24.324;
3432;-21.8597;
3433;-23.9487;
3434;-22.8495;
3435;-22.4528;
3436;-27.0812;
3437;-25.7526;
3438;-24.8086;
3439;-27.1999;
3440;-23.6673;
3441;-27.0269;
3442;-22.1832;
3443;-19.6733;
3444;-21.9544;
3445;-21.5849;
3446;-24.0753;
3447;-25.4194;
3448;-27.3603;
3449;-21.8779;
3450;-23.4753;
3451;-24.6174;
3452;-21.3971;
3453;-25.7627;
3454;-20.351;
3455;-24.4913;
3456;-22.9213;
3457;-25.2381;
3458;-22.8303;
3459;-22.5257;
3460;-21.868;
3461;-21.0786;
3462;-29.5113;
3463;-23.2028;
3464;-30.5669;
3465;-23.3904;
3466;-28.2136;
3467;-24.045;
3468;-23.052;
3469;-21.4962;
3470;-21.2622;
3471;-22.4241;
3472;-21.4656;
3473;-26.711;
3474;-24.1729;
3475;-24.6748;
3476;-25.9568;
3477;-24.4556;
3478;-30.0738;
3479;-21.8156;
3480;-22.4728;
3481;-22.2897;
3482;-21.5405;
3483;-26.492;
3484;-25.1631;
3485;-24.1484;
3486;-27.2359;
3487;-23.5057;
3488;-23.8223;
3489;-23.6352;
3490;-23.335;
3491;-20.9013;
3492;-26.5696;
3493;-22.6788;
3494;-23.6217;
3495;-26.39;
3496;-23.5176;
3497;-26.1673;
3498;-26.3701;
3499;-26.811;
3500;-24.1631;
3501;-27.8709;
3502;-23.8818;
3503;-35.0755;
3504;-24.8003;
3505;-27.4509;
3506;-30.7373;
3507;-23.2274;
3508;-23.8138;
3509;-23.9154;
3510;-35.5761;
3511;-23.6043;
3512;-23.6224;
3513;-24.2995;
3514;-26.7049;
3515;-27.55;
3516;-26.178;
3517;-28.9045;
3518;-32.7193;
3519;-28.0096;
3520;-27.6995;
3521;-27.9935;
3522;-27.1215;
3523;-31.3566;
3524;-27.1661;
3525;-25.1735;
3526;-24.0784;
3527;-27.6087;
3528;-25.0071;
3529;-29.2263;
3530;-26.3046;
3531;-27.3064;
3532;-29.1395;
3533;-24.987;
3534;-26.9125;
3535;-25.9996;
3536;-25.7909;
3537;-29.115;
3538;-26.7516;
3539;-22.8701;
3540;-24.1746;
3541;-26.8063;
3542;-24.9425;
3543;-24.8108;
3544;-24.7088;
3545;-27.0106;
3546;-26.7995;
3547;-23.3862;
3548;-23.0738;
3549;-23.5643;
3550;-22.408;
3551;-22.8013;
3552;-26.1626;
3553;-24.8731;
3554;-23.9076;
3555;-30.3063;
3556;-25.4188;
3557;-25.894;
3558;-35.1;
3559;-23.8475;
3560;-23.7846;
3561;-28.8892;
3562;-23.4;
3563;-23.0757;
3564;-25.4365;
3565;-25.4468;
3566;-27.1466;
3567;-26.197;
3568;-30.4877;
3569;-28.6775;
3570;-25.2609;
3571;-24.1337;
3572;-29.7025;
3573;-29.7934;
3574;-25.7112;
3575;-26.0417;
3576;-27.4926;
3577;-35.7502;
3578;-25.0102;
3579;-24.9497;
3580;-28.5344;
3581;-26.2198;
3582;-24.1512;
3583;-27.0059;
3584;-27.2681;
3585;-25.9642;
3586;-28.5097;
3587;-25.7075;
3588;-30.3729;
3589;-31.8726;
3590;-25.0224;
3591;-29.0192;
3592;-25.3509;
3593;-27.7004;
3594;-25.6517;
3595;-27.5049;
3596;-25.1022;
3597;-26.103;
3598;-24.1952;
3599;-27.6078;
3600;-25.0518;
3601;-23.0374;
3602;-25.5693;
3603;-23.5117;
3604;-22.5057;
3605;-26.6983;
3606;-26.5838;
3607;-23.5984;
3608;-33.2517;
3609;-23.2221;
3610;-24.6187;
3611;-29.2548;
3612;-23.4295;
3613;-22.8671;
3614;-29.5332;
3615;-26.4843;
3616;-25.4793;
3617;-27.991;
3618;-25.3976;
3619;-25.7473;
3620;-23.7482;
3621;-23.6034;
3622;-24.279;
3623;-23.8525;
3624;-24.0541;
3625;-27.7596;
3626;-32.1957;
3627;-31.9591;
3628;-26.2746;
3629;-24.1226;
3630;-24.3162;
3631;-25.8518;
3632;-24.9461;
3633;-22.6054;
3634;-23.3883;
3635;-30.4585;
3636;-25.532;
3637;-28.8894;
3638;-25.0236;
3639;-24.5217;
3640;-29.4781;
3641;-24.4392;
3642;-22.3808;
3643;-24.952;
3644;-28.7393;
3645;-26.1446;
3646;-27.4309;
3647;-32.0892;
3648;-28.323;
3649;-36.5886;
3650;-26.961;
3651;-25.4648;
3652;-25.5037;
3653;-29.005;
3654;-32.1173;
3655;-31.9099;
3656;-25.4899;
3657;-28.2732;
3658;-25.9707;
3659;-35.2273;
3660;-26.8523;
3661;-25.6605;
3662;-27.535;
3663;-27.7711;
3664;-30.617;
3665;-24.5614;
3666;-25.965;
3667;-28.5509;
3668;-25.3943;
3669;-25.2405;
3670;-24.6314;
3671;-24.2523;
3672;-24.852;
3673;-35.985;
3674;-24.3454;
3675;-26.8458;
3676;-22.8509;
3677;-29.2997;
3678;-24.3446;
3679;-22.5603;
3680;-23.6612;
3681;-25.1091;
3682;-23.5721;
3683;-26.0641;
3684;-24.2658;
3685;-27.1356;
3686;-26.9568;
3687;-22.1354;
3688;-23.5335;
3689;-25.8066;
3690;-23.7183;
3691;-25.1298;
3692;-26.3559;
3693;-25.9646;
3694;-28.5052;
3695;-24.3916;
3696;-23.2772;
3697;-24.7929;
3698;-23.6586;
3699;-25.0074;
3700;-30.2916;
3701;-23.2678;
3702;-23.7128;
3703;-26.7929;
3704;-23.5369;
3705;-22.2413;
3706;-27.0431;
3707;-25.915;
3708;-23.7881;
3709;-25.7374;
3710;-25.1253;
3711;-22.2318;
3712;-25.9761;
3713;-24.0446;
3714;-21.7636;
3715;-28.1288;
3716;-23.3133;
3717;-21.9914;
3718;-25.1222;
3719;-24.3453;
3720;-23.4581;
3721;-26.4456;
3722;-24.606;
3723;-27.8054;
3724;-24.6576;
3725;-22.9402;
3726;-29.4501;
3727;-24.001;
3728;-23.6072;
3729;-29.4695;
3730;-23.2497;
3731;-22.6564;
3732;-26.1425;
3733;-21.9452;
3734;-24.2704;
3735;-27.089;
3736;-22.3752;
3737;-24.1362;
3738;-22.747;
3739;-21.4355;
3740;-23.6075;
3741;-24.2286;
3742;-20.838;
3743;-23.5521;
3744;-35.7558;
3745;-24.1944;
3746;-23.344;
3747;-32.0187;
3748;-24.8178;
3749;-28.8776;
3750;-26.3955;
3751;-23.7014;
3752;-25.1846;
3753;-24.448;
3754;-22.9342;
3755;-23.8219;
3756;-28.0645;
3757;-23.9563;
3758;-25.0891;
3759;-24.3463;
3760;-32.4658;
3761;-24.9551;
3762;-24.0118;
3763;-25.1313;
3764;-26.7882;
3765;-25.5091;
3766;-23.3733;
3767;-25.6452;
3768;-24.0636;
3769;-26.2253;
3770;-22.4889;
3771;-25.7183;
3772;-24.5745;
3773;-24.1783;
3774;-23.1395;
3775;-25.9907;
3776;-24.2401;
3777;-24.768;
3778;-25.9141;
3779;-24.1656;
3780;-27.3865;
3781;-24.9959;
3782;-25.4484;
3783;-25.0052;
3784;-34.0285;
3785;-26.5726;
3786;-25.5158;
3787;-24.9705;
3788;-28.729;
3789;-33.6152;
3790;-25.1515;
3791;-24.158;
3792;-28.4158;
3793;-31.9168;
3794;-25.4321;
3795;-25.1479;
3796;-26.5723;
3797;-29.7404;
3798;-24.7598;
3799;-24.8641;
3800;-27.5762;
3801;-28.2124;
3802;-26.6742;
3803;-27.4903;
3804;-24.7313;
3805;-27.8114;
3806;-24.6037;
3807;-22.0273;
3808;-23.4154;
3809;-25.698;
3810;-22.651;
3811;-23.4115;
3812;-28.808;
3813;-26.1158;
3814;-25.43;
3815;-24.5656;
3816;-23.1983;
3817;-28.595;
3818;-24.2006;
3819;-22.1594;
3820;-25.2543;
3821;-25.4195;
3822;-22.7413;
3823;-25.8502;
3824;-26.9381;
3825;-24.9959;
3826;-26.3102;
3827;-22.8871;
3828;-26.4477;
3829;-25.3403;
3830;-22.9757;
3831;-26.1568;
3832;-25.5116;
3833;-25.0239;
3834;-28.6443;
3835;-24.0301;
3836;-25.0926;
3837;-26.1275;
3838;-22.2193;
3839;-25.0825;
3840;-28.2475;
3841;-23.3996;
3842;-25.4311;
3843;-26.2507;
3844;-23.9396;
3845;-26.8979;
3846;-24.8747;
3847;-22.9032;
3848;-24.692;
3849;-26.7663;
3850;-25.047;
3851;-24.4418;
3852;-28.2123;
3853;-27.7743;
3854;-27.8746;
3855;-29.5112;
3856;-25.778;
3857;-22.8883;
3858;-24.8407;
3859;-23.8778;
3860;-23.1521;
3861;-24.1016;
3862;-26.7986;
3863;-26.273;
3864;-29.4488;
3865;-25.7082;
3866;-27.3741;
3867;-24.975;
3868;-22.4887;
3869;-23.653;
3870;-23.2307;
3871;-23.8683;
3872;-28.5735;
3873;-24.3599;
3874;-25.4694;
3875;-26.9811;
3876;-25.6333;
3877;-26.3636;
3878;-26.2127;
3879;-22.6538;
3880;-26.5686;
3881;-25.5992;
3882;-24.1478;
3883;-26.0638;
3884;-24.4922;
3885;-25.2834;
3886;-31.1072;
3887;-26.0982;
3888;-25.1191;
3889;-26.1547;
3890;-24.2698;
3891;-28.7132;
3892;-30.741;
3893;-27.2155;
3894;-29.4652;
3895;-24.6174;
3896;-25.8894;
3897;-26.5954;
3898;-25.8219;
3899;-24.2322;
3900;-25.9327;
3901;-25.721;
3902;-30.5141;
3903;-28.1871;
3904;-27.5493;
3905;-25.5298;
3906;-26.0603;
3907;-26.8305;
3908;-25.7139;
3909;-25.4991;
3910;-26.0292;
3911;-23.3368;
3912;-25.3004;
3913;-30.8478;
3914;-24.8939;
3915;-25.5954;
3916;-27.9996;
3917;-23.885;
3918;-28.4142;
3919;-28.3513;
3920;-23.8787;
3921;-24.8153;
3922;-27.7336;
3923;-28.5655;
3924;-30.5982;
3925;-28.0309;
3926;-27.207;
3927;-24.6155;
3928;-26.188;
3929;-34.3549;
3930;-24.2935;
3931;-24.1319;
3932;-30.3964;
3933;-25.8043;
3934;-28.7763;
3935;-28.7852;
3936;-24.8608;
3937;-25.4458;
3938;-25.11;
3939;-25.8497;
3940;-29.5407;
3941;-25.9695;
3942;-26.066;
3943;-27.4496;
3944;-28.1889;
3945;-35.5371;
3946;-25.8001;
3947;-25.2932;
3948;-26.061;
3949;-24.0685;
3950;-25.4845;
3951;-33.4768;
3952;-24.4338;
3953;-25.9892;
3954;-27.2075;
3955;-24.7756;
3956;-26.3633;
3957;-29.8171;
3958;-25.1446;
3959;-29.1603;
3960;-27.9406;
3961;-27.9897;
3962;-29.8083;
3963;-26.0615;
3964;-27.9288;
3965;-30.0084;
3966;-26.5827;
3967;-27.3164;
3968;-24.5537;
3969;-25.0181;
3970;-37.9536;
3971;-26.418;
3972;-23.4156;
3973;-28.1032;
3974;-24.4115;
3975;-27.044;
3976;-37.4842;
3977;-26.3641;
3978;-26.1123;
3979;-24.5917;
3980;-27.0112;
3981;-28.1369;
3982;-26.3708;
3983;-26.9845;
3984;-26.7172;
3985;-26.3345;
3986;-25.868;
3987;-24.8145;
3988;-27.7582;
3989;-26.3738;
3990;-22.6369;
3991;-25.9375;
3992;-26.4518;
3993;-24.4159;
3994;-24.8201;
3995;-29.7846;
3996;-25.181;
3997;-33.3188;
3998;-30.0302;
3999;-25.8272;
