0;0.326039;
1;0.499319;
2;0.106108;
3;0.0363994;
4;0.0160753;
5;0.00584667;
6;0.000637785;
7;0.00120101;
8;0.00607041;
9;0.00473937;
10;0.00629707;
11;0.0115868;
12;0.00663431;
13;0.00578351;
14;0.00901891;
15;0.00112152;
16;0.00687892;
17;0.00258636;
18;0.00648931;
19;0.00321907;
20;0.00496676;
21;0.00891618;
22;0.00398223;
23;0.00741845;
24;0.00386326;
25;0.00282272;
26;0.00437981;
27;0.00171233;
28;0.00926177;
29;0.0069547;
30;0.00861123;
31;0.00847082;
32;0.00275853;
33;0.00698766;
34;0.00261431;
35;0.00618457;
36;0.00657929;
37;0.00449984;
38;0.00630574;
39;0.00303997;
40;0.0055568;
41;0.00881586;
42;0.00368559;
43;0.0117207;
44;0.00216773;
45;0.00809394;
46;0.00351221;
47;0.00367497;
48;0.00905097;
49;0.00106505;
50;0.00910827;
51;0.00239866;
52;0.00522462;
53;0.00609867;
54;0.0033013;
55;0.00827918;
56;0.00589754;
57;0.00731819;
58;0.00562713;
59;0.00502587;
60;0.00901398;
61;0.00448821;
62;0.00880177;
63;0.00994051;
64;0.00495524;
65;0.00528639;
66;0.000977145;
67;0.00509912;
68;0.00623218;
69;0.00367849;
70;0.0101841;
71;0.00327092;
72;0.00459957;
73;0.00580179;
74;0.00525279;
75;0.00610917;
76;0.00751462;
77;0.00994949;
78;0.00458026;
79;0.00608563;
80;0.00698138;
81;0.0042064;
82;0.00280996;
83;0.00752133;
84;0.0081764;
85;0.0051772;
86;0.0056347;
87;0.00595177;
88;0.00730066;
89;0.00339572;
90;0.00686436;
91;0.00889625;
92;0.00416817;
93;0.00841018;
94;0.00554649;
95;0.00683484;
96;0.00491408;
97;0.00266069;
98;0.00825476;
99;0.0039932;
100;0.008047;
101;0.00916351;
102;0.00414701;
103;0.00835908;
104;0.00450364;
105;0.00772964;
106;0.00633774;
107;0.00724625;
108;0.00975767;
109;0.00234867;
110;0.00726401;
111;0.0045655;
112;0.00447648;
113;0.00680866;
114;0.00400998;
115;0.00804744;
116;0.00656873;
117;0.00543958;
118;0.00642287;
119;0.00703371;
120;0.00813061;
121;0.00535313;
122;0.00539438;
123;0.00698969;
124;0.00563792;
125;0.00309374;
126;0.00658069;
127;0.00389302;
128;0.00314481;
129;0.00420037;
130;0.00202587;
131;0.00622355;
132;0.00353075;
133;0.0068605;
134;0.00483528;
135;0.00353557;
136;0.00750504;
137;0.00487392;
138;0.0053016;
139;0.00662217;
140;0.00312645;
141;0.00433894;
142;0.00130971;
143;0.00398432;
144;0.00595999;
145;0.000675985;
146;0.00555483;
147;0.00423985;
148;0.0026208;
149;0.00172705;
150;0.00308779;
151;0.00328058;
152;0.00117585;
153;0.00197514;
154;0.00460839;
155;0.00296372;
156;0.00273939;
157;0.00454626;
158;0.0036256;
159;0.00250241;
160;0.00241327;
161;0.00211904;
162;0.00556262;
163;0.00387549;
164;0.00702311;
165;0.00631221;
166;0.00836996;
167;0.00275802;
168;0.00515847;
169;0.00259042;
170;0.00318529;
171;0.00389953;
172;0.00515776;
173;0.00676686;
174;0.00175966;
175;0.00449775;
176;0.00224542;
177;0.00236826;
178;0.00198511;
179;0.00145828;
180;0.00442525;
181;0.0037335;
182;0.00321822;
183;0.00334666;
184;0.00420002;
185;0.00116723;
186;0.00410075;
187;0.00224283;
188;0.00235089;
189;0.00536802;
190;0.00140299;
191;0.0040292;
192;0.00351984;
193;0.00489713;
194;0.00411591;
195;0.0016851;
196;0.00546078;
197;0.00395609;
198;0.00339112;
199;0.00521693;
200;0.00268248;
201;0.00259426;
202;0.00321088;
203;0.00233724;
204;0.00251635;
205;0.00490838;
206;0.00114974;
207;0.00286342;
208;0.00191539;
209;0.00380081;
210;0.00282945;
211;0.00398368;
212;0.00546569;
213;0.00130108;
214;0.00439454;
215;0.0027138;
216;0.00189027;
217;0.00224433;
218;0.000744127;
219;0.00237277;
220;0.00304376;
221;0.00356342;
222;0.000837131;
223;0.00411383;
224;0.00518332;
225;0.00587698;
226;0.00389866;
227;0.0089277;
228;0.00308355;
229;0.0056243;
230;0.00616942;
231;0.00456737;
232;0.00839122;
233;0.00119065;
234;0.0100038;
235;0.00406647;
236;0.00546826;
237;0.00758937;
238;0.00140629;
239;0.00508104;
240;0.00522668;
241;0.00587216;
242;0.00452688;
243;0.00947511;
244;0.00862559;
245;0.00814491;
246;0.00738429;
247;0.00695124;
248;0.012103;
249;0.00522438;
250;0.0103613;
251;0.0093119;
252;0.00481828;
253;0.00648961;
254;0.00244729;
255;0.00594094;
256;0.00712801;
257;0.00632997;
258;0.00917853;
259;0.0100999;
260;0.00711888;
261;0.0118832;
262;0.0103785;
263;0.00627543;
264;0.0120295;
265;0.00443159;
266;0.00696563;
267;0.00788757;
268;0.00428904;
269;0.00665965;
270;0.00318481;
271;0.00417838;
272;0.0053838;
273;0.00366333;
274;0.00730529;
275;0.00716595;
276;0.00346452;
277;0.00982426;
278;0.00171829;
279;0.00481453;
280;0.0071447;
281;0.00137485;
282;0.00345153;
283;0.00227481;
284;0.00245449;
285;0.00364743;
286;0.00275713;
287;0.000819845;
288;0.00296421;
289;0.00387245;
290;0.00237452;
291;0.000492446;
292;0.00431442;
293;0.00556517;
294;0.00133994;
295;0.0094078;
296;0.00454698;
297;0.00649507;
298;0.00513547;
299;0.00162259;
300;0.00427159;
301;0.0031105;
302;0.00549979;
303;0.00631258;
304;0.00327357;
305;0.00465078;
306;0.00715736;
307;0.00235874;
308;0.00574186;
309;0.00622492;
310;0.00323197;
311;0.00952857;
312;0.00341946;
313;0.00806581;
314;0.00905907;
315;0.00314607;
316;0.0070488;
317;0.00523312;
318;0.00121746;
319;0.00504492;
320;0.00380432;
321;0.00199961;
322;0.00407455;
323;0.000978108;
324;0.00190176;
325;0.00314345;
326;0.00124749;
327;0.00334416;
328;0.00294191;
329;0.0014205;
330;0.00394137;
331;0.0033018;
332;0.00551662;
333;0.00291013;
334;0.0064534;
335;0.00645912;
336;0.00432564;
337;0.00877218;
338;0.00443868;
339;0.00250453;
340;0.00509917;
341;0.00442081;
342;0.00170615;
343;0.00469088;
344;0.00192544;
345;0.00334395;
346;0.00526645;
347;0.00204452;
348;0.00783656;
349;0.00229159;
350;0.00580967;
351;0.0049098;
352;0.000606979;
353;0.00382326;
354;0.00634601;
355;0.00235209;
356;0.00363585;
357;0.00933895;
358;0.00148726;
359;0.00616824;
360;0.00717232;
361;0.00241403;
362;0.00269966;
363;0.00370495;
364;0.00430999;
365;0.00302251;
366;0.00496023;
367;0.00822951;
368;0.0021231;
369;0.00532;
370;0.0034484;
371;0.00364855;
372;0.00272436;
373;0.00102198;
374;0.00447072;
375;0.00349347;
376;0.00316845;
377;0.00365856;
378;0.00856318;
379;0.00281487;
380;0.00985893;
381;0.00991309;
382;0.00140772;
383;0.00919104;
384;0.00768053;
385;0.00146266;
386;0.00802613;
387;0.00973845;
388;0.000172309;
389;0.00826641;
390;0.0066027;
391;0.00298751;
392;0.0117201;
393;0.00623402;
394;0.00698907;
395;0.0102128;
396;0.00521911;
397;0.00462614;
398;0.00782579;
399;0.00152401;
400;0.00515105;
401;0.00254373;
402;0.000617473;
403;0.00153966;
404;0.00143985;
405;0.00264152;
406;0.002837;
407;0.00250234;
408;0.00521166;
409;0.0030519;
410;0.00585017;
411;0.00657971;
412;0.00411357;
413;0.00526897;
414;0.0107031;
415;0.00419469;
416;0.007658;
417;0.0139263;
418;0.00327329;
419;0.00965853;
420;0.00991898;
421;0.00358615;
422;0.00646133;
423;0.00773157;
424;0.00475198;
425;0.00827877;
426;0.010162;
427;0.00295183;
428;0.00972991;
429;0.00898764;
430;0.00274752;
431;0.00980413;
432;0.0100097;
433;0.00188965;
434;0.0103647;
435;0.00800532;
436;0.00324934;
437;0.00513203;
438;0.00534488;
439;0.00520172;
440;0.00455992;
441;0.00312808;
442;0.00692813;
443;0.00409418;
444;0.00178448;
445;0.00595305;
446;0.0040458;
447;0.000764598;
448;0.00515349;
449;0.00629022;
450;0.0029808;
451;0.00607435;
452;0.00446979;
453;0.00319984;
454;0.00408343;
455;0.00414271;
456;0.00180403;
457;0.00546228;
458;0.00736513;
459;0.00131438;
460;0.00705641;
461;0.00560254;
462;0.00214872;
463;0.00349283;
464;0.00591719;
465;0.00216634;
466;0.00108253;
467;0.00125493;
468;0.00189858;
469;0.00170837;
470;0.00277748;
471;0.00202489;
472;0.00495193;
473;0.00254491;
474;0.00517794;
475;0.00310856;
476;0.00454924;
477;0.00162359;
478;0.00302296;
479;0.00216664;
480;0.00449783;
481;0.00544295;
482;0.00361845;
483;0.00870999;
484;0.00474942;
485;0.00744174;
486;0.00628407;
487;0.00729663;
488;0.00345885;
489;0.00571072;
490;0.00635037;
491;0.00241593;
492;0.00306681;
493;0.00279392;
494;0.00219333;
495;0.00115825;
496;0.00308667;
497;0.00310235;
498;0.00114324;
499;0.00140113;
500;0.000118257;
501;0.00414868;
502;0.00467011;
503;0.00238626;
504;0.00582629;
505;0.00638651;
506;0.00525975;
507;0.00736523;
508;0.00817901;
509;0.00482991;
510;0.0105404;
511;0.00656759;
512;0.0081172;
513;0.00558651;
514;0.00745988;
515;0.00609611;
516;0.00448844;
517;0.00686962;
518;0.00622327;
519;0.00777059;
520;0.00569714;
521;0.00510551;
522;0.00811231;
523;0.00751614;
524;0.000487588;
525;0.00531833;
526;0.00315526;
527;0.00139381;
528;0.000893935;
529;0.00298328;
530;0.00214245;
531;0.00127586;
532;0.00143957;
533;0.00211564;
534;0.00394716;
535;0.00131534;
536;0.00609451;
537;0.00749762;
538;0.00238921;
539;0.00682882;
540;0.00408428;
541;0.00250567;
542;0.00108986;
543;0.00570354;
544;0.00472473;
545;0.00336092;
546;0.00365539;
547;0.00139188;
548;0.0010923;
549;0.00478461;
550;0.00316869;
551;0.00306278;
552;0.00477326;
553;0.00173873;
554;0.00347834;
555;0.00505508;
556;0.00233582;
557;0.00705192;
558;0.00745641;
559;0.00734294;
560;0.00560179;
561;0.00907653;
562;0.00654737;
563;0.00732265;
564;0.0130027;
565;0.0034753;
566;0.00666552;
567;0.00717118;
568;0.00609762;
569;0.00225559;
570;0.00622094;
571;0.0053734;
572;0.000458348;
573;0.00152223;
574;0.0066223;
575;0.00124111;
576;0.0057268;
577;0.00398108;
578;0.0030067;
579;0.00573905;
580;0.000130521;
581;0.0045435;
582;0.00636251;
583;0.00352427;
584;0.00613728;
585;0.00619962;
586;0.00834166;
587;0.00439454;
588;0.00774776;
589;0.00418282;
590;0.00735265;
591;0.00688259;
592;0.00247782;
593;0.00444529;
594;0.00844276;
595;0.00707851;
596;0.00351257;
597;0.00960961;
598;0.00337823;
599;0.00149116;
600;0.00428572;
601;0.00286401;
602;0.00243202;
603;0.0028908;
604;0.00178204;
605;0.00450351;
606;0.00362239;
607;0.00477794;
608;0.00911231;
609;0.00379662;
610;0.00465477;
611;0.00709816;
612;0.00622742;
613;0.00212687;
614;0.00578271;
615;0.00458856;
616;0.00268492;
617;0.00347943;
618;0.00334609;
619;0.000994115;
620;0.00360735;
621;0.00289928;
622;0.00543544;
623;0.00564815;
624;0.00313857;
625;0.00498421;
626;0.00579881;
627;0.00355313;
628;0.00471187;
629;0.00649147;
630;0.00701901;
631;0.00505201;
632;0.00934453;
633;0.00799629;
634;0.00219981;
635;0.00983713;
636;0.00808206;
637;0.0025928;
638;0.00854407;
639;0.0101918;
640;0.00021724;
641;0.0065473;
642;0.00421187;
643;0.00239823;
644;0.00032917;
645;0.00180014;
646;0.00382905;
647;0.00191234;
648;0.00200446;
649;0.00328;
650;0.00517591;
651;0.00379372;
652;0.00528859;
653;0.0072193;
654;0.00229246;
655;0.00359963;
656;0.00904789;
657;0.00664814;
658;0.00495456;
659;0.00967797;
660;0.0055839;
661;0.00503382;
662;0.00663288;
663;0.00722518;
664;0.0038801;
665;0.00425172;
666;0.00442172;
667;0.006058;
668;0.0031778;
669;0.00409556;
670;0.00373415;
671;0.00351085;
672;0.00207075;
673;0.00124164;
674;0.00467606;
675;0.00206845;
676;0.00292596;
677;0.00425372;
678;0.00413757;
679;0.00471965;
680;0.00736748;
681;0.00390821;
682;0.00673735;
683;0.00696754;
684;0.00311271;
685;0.00451046;
686;0.00370241;
687;0.00256347;
688;0.00404665;
689;0.00254665;
690;0.00275121;
691;0.00612654;
692;0.00693573;
693;0.00197102;
694;0.00943474;
695;0.00859954;
696;0.00462255;
697;0.00731949;
698;0.0126125;
699;0.00359911;
700;0.00618311;
701;0.00644295;
702;0.00435482;
703;0.00240853;
704;0.00271463;
705;0.00494242;
706;0.00281137;
707;0.0015216;
708;0.00447168;
709;0.00308625;
710;0.00451748;
711;0.00109979;
712;0.00245925;
713;0.00363976;
714;0.00364313;
715;0.00294299;
716;0.00514526;
717;0.00779735;
718;0.00872874;
719;0.00535416;
720;0.00744237;
721;0.00634888;
722;0.0082176;
723;0.00195393;
724;0.00532776;
725;0.00425479;
726;0.00398012;
727;0.00423861;
728;0.00255284;
729;0.00437324;
730;0.00243369;
731;0.00253811;
732;0.00271456;
733;0.00488448;
734;0.00325367;
735;0.00413634;
736;0.00544218;
737;0.00912213;
738;0.000648463;
739;0.0108394;
740;0.00785042;
741;0.00207047;
742;0.00798731;
743;0.00741361;
744;0.000315294;
745;0.00651135;
746;0.00522424;
747;0.00293241;
748;0.00381176;
749;0.00507282;
750;0.00249045;
751;0.00671201;
752;0.00624376;
753;0.00235351;
754;0.00962855;
755;0.00822947;
756;0.00294279;
757;0.00836635;
758;0.00597778;
759;0.005103;
760;0.00303924;
761;0.00327713;
762;0.00111726;
763;0.00249702;
764;0.00162773;
765;0.00227576;
766;0.00545441;
767;0.00107631;
768;0.0075807;
769;0.00597486;
770;0.00184799;
771;0.00618724;
772;0.00890417;
773;0.00317885;
774;0.00685781;
775;0.00600412;
776;0.00625619;
777;0.00494035;
778;0.00898555;
779;0.00320871;
780;0.00198876;
781;0.00328688;
782;0.00222227;
783;0.00736809;
784;0.0050124;
785;0.00112816;
786;0.00941963;
787;0.00736901;
788;0.00158253;
789;0.00712795;
790;0.00280777;
791;0.00381212;
792;0.00344442;
793;0.00484154;
794;0.000855329;
795;0.00561576;
796;0.00312194;
797;0.00162294;
798;0.0026065;
799;0.00730626;
800;0.00268836;
801;0.00376699;
802;0.00404196;
803;0.00186635;
804;0.00615266;
805;0.00267813;
806;0.00593599;
807;0.00774532;
808;0.00679568;
809;0.000889572;
810;0.00825888;
811;0.00960605;
812;0.000673941;
813;0.00327862;
814;0.00975675;
815;0.00324245;
816;0.00398479;
817;0.00526444;
818;0.000329987;
819;0.00351315;
820;0.00195426;
821;0.00506874;
822;0.00543415;
823;0.0056037;
824;0.00395312;
825;0.00793207;
826;0.00707391;
827;0.00314573;
828;0.00626661;
829;0.00482586;
830;0.00319937;
831;0.00319099;
832;0.00216445;
833;0.0025281;
834;0.0016145;
835;0.00276752;
836;0.0027658;
837;0.00110762;
838;0.00460645;
839;0.00305944;
840;0.00680353;
841;0.00387448;
842;0.00615846;
843;0.00834875;
844;0.00612948;
845;0.0039997;
846;0.00785656;
847;0.00452065;
848;0.0077314;
849;0.00611086;
850;0.000264613;
851;0.00675724;
852;0.00650145;
853;0.000715373;
854;0.00546845;
855;0.00656661;
856;0.00135807;
857;0.00767906;
858;0.00729669;
859;0.00345994;
860;0.00370436;
861;0.00936745;
862;0.00391265;
863;0.00435393;
864;0.00582728;
865;0.0031778;
866;0.00401243;
867;0.00270909;
868;0.00175265;
869;0.00415483;
870;0.00398301;
871;0.00408509;
872;0.00708885;
873;0.00596667;
874;0.00275223;
875;0.00483874;
876;0.00808485;
877;0.00269138;
878;0.00408867;
879;0.00618332;
880;0.00205883;
881;0.00200165;
882;0.00235737;
883;0.00708524;
884;0.00416669;
885;0.000668666;
886;0.00619188;
887;0.00986265;
888;0.00463604;
889;0.00641256;
890;0.0116671;
891;0.0102238;
892;0.00683669;
893;0.0139431;
894;0.00704155;
895;0.00795359;
896;0.011807;
897;0.00286802;
898;0.00365226;
899;0.00668667;
900;0.00331261;
901;0.00355902;
902;0.00587665;
903;0.00243143;
904;0.00341946;
905;0.00613763;
906;0.00622555;
907;0.00205606;
908;0.00575939;
909;0.00323534;
910;0.00110618;
911;0.00262035;
912;0.004255;
913;0.00281904;
914;0.00114827;
915;0.00306218;
916;0.00775246;
917;0.00347846;
918;0.0036074;
919;0.00504285;
920;0.00725602;
921;0.00339787;
922;0.005174;
923;0.00601962;
924;0.00238613;
925;0.00306801;
926;0.00581149;
927;0.00428578;
928;0.000830761;
929;0.00492121;
930;0.00505783;
931;0.00699023;
932;0.0035239;
933;0.00620447;
934;0.0103006;
935;0.0118731;
936;0.00643112;
937;0.0120169;
938;0.011775;
939;0.00355287;
940;0.00782028;
941;0.0074263;
942;0.00107766;
943;0.00596831;
944;0.00589628;
945;0.00406708;
946;0.00601074;
947;0.00139052;
948;0.00110773;
949;0.00547507;
950;0.00281706;
951;0.0015686;
952;0.00477847;
953;0.00132465;
954;0.00194578;
955;0.00220385;
956;0.00084567;
957;0.00388118;
958;0.00333498;
959;0.00298846;
960;0.00887666;
961;0.0037752;
962;0.0014648;
963;0.00799093;
964;0.00768988;
965;0.00341156;
966;0.00579784;
967;0.00665718;
968;0.00200625;
969;0.00280578;
970;0.00425663;
971;0.00448979;
972;0.00293882;
973;0.00412978;
974;0.00722588;
975;0.00710635;
976;0.00396758;
977;0.00340957;
978;0.0102276;
979;0.007819;
980;0.00289972;
981;0.00779478;
982;0.00759124;
983;0.0032911;
984;0.00498287;
985;0.00465002;
986;0.00112061;
987;0.00548817;
988;0.00130816;
989;0.00423641;
990;0.00829829;
991;0.00155715;
992;0.00630065;
993;0.00834512;
994;0.00457317;
995;0.00530246;
996;0.00551613;
997;0.00285837;
998;0.00171572;
999;0.00149786;
1000;0.00112078;
1001;0.00379516;
1002;0.00331978;
1003;0.00264304;
1004;0.00791085;
1005;0.00855611;
1006;0.00335603;
1007;0.00542953;
1008;0.011909;
1009;0.00308546;
1010;0.00481829;
1011;0.00577715;
1012;0.00176963;
1013;0.00512931;
1014;0.00174056;
1015;0.00400221;
1016;0.00630765;
1017;0.00441454;
1018;0.00434311;
1019;0.00761393;
1020;0.00813418;
1021;0.00251494;
1022;0.00933825;
1023;0.0087312;
1024;0.00686113;
1025;0.00500322;
1026;0.00797929;
1027;0.00458533;
1028;0.0041257;
1029;0.00614342;
1030;0.00256718;
1031;0.00535542;
1032;0.00305671;
1033;0.00331996;
1034;0.00710655;
1035;0.00697335;
1036;0.00447288;
1037;0.00747585;
1038;0.00524812;
1039;0.00240167;
1040;0.0047914;
1041;0.00217801;
1042;0.00548047;
1043;0.0067034;
1044;0.000503172;
1045;0.00905991;
1046;0.00619574;
1047;0.00140607;
1048;0.00930931;
1049;0.00670283;
1050;0.00119962;
1051;0.00711002;
1052;0.00721272;
1053;0.000914626;
1054;0.00419526;
1055;0.00674983;
1056;0.00106306;
1057;0.00683327;
1058;0.0104671;
1059;0.0040785;
1060;0.00974248;
1061;0.00922738;
1062;0.00503043;
1063;0.00837475;
1064;0.00653442;
1065;0.00432468;
1066;0.00256874;
1067;0.00419463;
1068;0.00700404;
1069;0.00435855;
1070;0.00107594;
1071;0.00581316;
1072;0.00924487;
1073;0.00176307;
1074;0.00167483;
1075;0.00600674;
1076;0.00570046;
1077;0.000379502;
1078;0.00552959;
1079;0.00515551;
1080;0.0038845;
1081;0.00484898;
1082;0.00200862;
1083;0.00777329;
1084;0.00805304;
1085;0.00488793;
1086;0.00558171;
1087;0.00600464;
1088;0.00443553;
1089;0.0043797;
1090;0.00372391;
1091;0.00397418;
1092;0.00466073;
1093;0.0041139;
1094;0.00492974;
1095;0.00866872;
1096;0.00299903;
1097;0.00106504;
1098;0.00859833;
1099;0.0108584;
1100;0.000842502;
1101;0.00873281;
1102;0.00634636;
1103;0.00273755;
1104;0.000114891;
1105;0.00305076;
1106;0.00601444;
1107;0.00147145;
1108;0.00118344;
1109;0.0051569;
1110;0.0102929;
1111;0.00818908;
1112;0.00910207;
1113;0.0148109;
1114;0.00397016;
1115;0.00980089;
1116;0.00470032;
1117;0.00397732;
1118;0.00335589;
1119;0.00786011;
1120;0.00256621;
1121;0.0108202;
1122;0.00885355;
1123;0.00732447;
1124;0.0096586;
1125;0.00306522;
1126;0.00420275;
1127;0.00173014;
1128;0.0073057;
1129;0.00441466;
1130;0.00554827;
1131;0.0105706;
1132;0.00257692;
1133;0.0131898;
1134;0.00837156;
1135;0.00415772;
1136;0.00351932;
1137;0.00464293;
1138;0.002675;
1139;0.00435201;
1140;0.00638229;
1141;0.00580801;
1142;0.00861791;
1143;0.0079101;
1144;0.0101908;
1145;0.00974601;
1146;0.00479392;
1147;0.00676783;
1148;0.00582312;
1149;0.0042905;
1150;0.00454474;
1151;0.00894809;
1152;0.00414286;
1153;0.00543979;
1154;0.00497002;
1155;0.00515956;
1156;0.006456;
1157;0.0046393;
1158;0.00414224;
1159;0.00726053;
1160;0.00968707;
1161;0.00191172;
1162;0.00551119;
1163;0.00563733;
1164;0.00414581;
1165;0.00341168;
1166;0.00550891;
1167;0.0030463;
1168;0.00690591;
1169;0.00501879;
1170;0.00319723;
1171;0.00661208;
1172;0.00492709;
1173;0.0031715;
1174;0.00691674;
1175;0.00777283;
1176;0.00230075;
1177;0.00766557;
1178;0.00262503;
1179;0.0100087;
1180;0.00847132;
1181;0.00503209;
1182;0.00447743;
1183;0.00207016;
1184;0.00623569;
1185;0.00592081;
1186;0.0084882;
1187;0.00597353;
1188;0.00505391;
1189;0.00706677;
1190;0.000319772;
1191;0.00791459;
1192;0.00654927;
1193;0.00355774;
1194;0.00651658;
1195;0.00777632;
1196;0.00350358;
1197;0.00390935;
1198;0.00544095;
1199;0.00132219;
1200;0.00384678;
1201;0.00296769;
1202;0.00691149;
1203;0.00502187;
1204;0.00553652;
1205;0.00583398;
1206;0.00586467;
1207;0.00445917;
1208;0.00311136;
1209;0.00149977;
1210;0.00481626;
1211;0.0046785;
1212;0.00685752;
1213;0.0033461;
1214;0.0105964;
1215;0.0109052;
1216;0.00454491;
1217;0.00834753;
1218;0.00688985;
1219;0.00404695;
1220;0.00622877;
1221;0.00966783;
1222;0.00134616;
1223;0.00596012;
1224;0.00889429;
1225;0.00290105;
1226;0.00986767;
1227;0.00855908;
1228;0.003881;
1229;0.00752059;
1230;0.0088195;
1231;0.00253216;
1232;0.00575516;
1233;0.00211739;
1234;0.00602377;
1235;0.00533985;
1236;0.00297405;
1237;0.00255373;
1238;0.00962662;
1239;0.00463617;
1240;0.00685228;
1241;0.00760641;
1242;0.00283644;
1243;0.00478037;
1244;0.00441776;
1245;0.00238386;
1246;0.00431159;
1247;0.00342979;
1248;0.00571626;
1249;0.00867432;
1250;0.0118799;
1251;0.00696528;
1252;0.008955;
1253;0.0092142;
1254;0.00145112;
1255;0.00698449;
1256;0.00286007;
1257;0.00696686;
1258;0.0113207;
1259;0.0047833;
1260;0.00521589;
1261;0.00727124;
1262;0.00432516;
1263;0.000976821;
1264;0.00685084;
1265;0.000654659;
1266;0.0088256;
1267;0.00536656;
1268;0.00580273;
1269;0.00860063;
1270;0.00551124;
1271;0.00415619;
1272;0.00478054;
1273;0.00262602;
1274;0.00335284;
1275;0.00438404;
1276;0.00680408;
1277;0.00308062;
1278;0.008175;
1279;0.00847229;
1280;0.00316654;
1281;0.00948245;
1282;0.00935011;
1283;0.00239822;
1284;0.00902894;
1285;0.00519425;
1286;0.00687609;
1287;0.00361125;
1288;0.00558717;
1289;0.00770817;
1290;0.00652765;
1291;0.00394332;
1292;0.00570675;
1293;0.00689467;
1294;0.00735417;
1295;0.00367938;
1296;0.00677791;
1297;0.000865212;
1298;0.00509135;
1299;0.00639206;
1300;0.000438446;
1301;0.00677908;
1302;0.00903485;
1303;0.00285264;
1304;0.00502133;
1305;0.00748317;
1306;0.00288753;
1307;0.00609877;
1308;0.00693625;
1309;0.00234711;
1310;0.00917959;
1311;0.00416774;
1312;0.00900572;
1313;0.00537204;
1314;0.00440175;
1315;0.00295132;
1316;0.00558494;
1317;0.00599702;
1318;0.00242789;
1319;0.00259881;
1320;0.00461499;
1321;0.00801781;
1322;0.0091147;
1323;0.00947628;
1324;0.00718126;
1325;0.00828996;
1326;0.00675134;
1327;0.00576941;
1328;0.00542791;
1329;0.00408412;
1330;0.00599689;
1331;0.0025556;
1332;0.00460775;
1333;0.00688778;
1334;0.00713958;
1335;0.00309473;
1336;0.00884102;
1337;0.00762923;
1338;0.00276784;
1339;0.0074374;
1340;0.00285205;
1341;0.00585633;
1342;0.00732335;
1343;0.00329301;
1344;0.00603459;
1345;0.00526703;
1346;0.00405028;
1347;0.00308334;
1348;0.00265637;
1349;0.00395563;
1350;0.00576632;
1351;0.00427108;
1352;0.00311353;
1353;0.0102924;
1354;0.00917457;
1355;0.00532499;
1356;0.00613189;
1357;0.0056838;
1358;0.00218498;
1359;0.00594665;
1360;0.00139447;
1361;0.00426791;
1362;0.00670162;
1363;0.00339836;
1364;0.00411044;
1365;0.00773211;
1366;0.00519325;
1367;0.00420036;
1368;0.00688345;
1369;0.00513955;
1370;0.00730547;
1371;0.00943197;
1372;0.00264847;
1373;0.00552271;
1374;0.00504571;
1375;0.00221117;
1376;0.00371133;
1377;0.00169938;
1378;0.00305605;
1379;0.00456629;
1380;0.00292927;
1381;0.00456025;
1382;0.0084799;
1383;0.00561361;
1384;0.0050563;
1385;0.00799284;
1386;0.00713914;
1387;0.00648985;
1388;0.00667;
1389;0.00545336;
1390;0.00948105;
1391;0.00570714;
1392;0.00669782;
1393;0.00550837;
1394;0.00404345;
1395;0.00213123;
1396;0.00454625;
1397;0.00247378;
1398;0.00579643;
1399;0.00475545;
1400;0.00310277;
1401;0.0037828;
1402;0.00805362;
1403;0.00625541;
1404;0.00417393;
1405;0.007577;
1406;0.00540657;
1407;0.00564844;
1408;0.00935895;
1409;0.00298245;
1410;0.00703702;
1411;0.00980427;
1412;0.00591656;
1413;0.00426544;
1414;0.00888736;
1415;0.00696094;
1416;0.0030388;
1417;0.00628731;
1418;0.00281267;
1419;0.006463;
1420;0.0107847;
1421;0.00479618;
1422;0.00541638;
1423;0.0077679;
1424;0.00186811;
1425;0.00739283;
1426;0.00267146;
1427;0.00728757;
1428;0.00848063;
1429;0.00325924;
1430;0.00708687;
1431;0.00858009;
1432;0.00279449;
1433;0.00404662;
1434;0.00866558;
1435;0.00449691;
1436;0.00329791;
1437;0.00788045;
1438;0.00312738;
1439;0.00579145;
1440;0.00794041;
1441;0.00230399;
1442;0.00460875;
1443;0.00349128;
1444;0.00771848;
1445;0.00461122;
1446;0.000534515;
1447;0.00649566;
1448;0.0101102;
1449;0.0051447;
1450;0.00353113;
1451;0.0078618;
1452;0.00568414;
1453;0.00154394;
1454;0.00558448;
1455;0.00277382;
1456;0.00846657;
1457;0.00998187;
1458;0.00824466;
1459;0.00985824;
1460;0.00835794;
1461;0.00147839;
1462;0.00719989;
1463;0.00533075;
1464;0.00292489;
1465;0.00699864;
1466;0.00313152;
1467;0.000304044;
1468;0.00377383;
1469;0.00268963;
1470;0.00361654;
1471;0.000586518;
1472;0.000838676;
1473;0.00438154;
1474;0.00485484;
1475;0.00453049;
1476;0.0100893;
1477;0.00875303;
1478;0.00206242;
1479;0.00649145;
1480;0.00645517;
1481;0.00217912;
1482;0.00626786;
1483;0.00149737;
1484;0.00472641;
1485;0.00862996;
1486;0.00329159;
1487;0.000383615;
1488;0.0043676;
1489;0.00602868;
1490;0.00215624;
1491;0.00541926;
1492;0.00273487;
1493;0.00511874;
1494;0.00969774;
1495;0.00716111;
1496;0.00285407;
1497;0.00803694;
1498;0.00164031;
1499;0.0113665;
1500;0.0101085;
1501;0.00213263;
1502;0.011541;
1503;0.00878552;
1504;0.00208749;
1505;0.00643929;
1506;0.00295925;
1507;0.00542271;
1508;0.00507893;
1509;0.00151985;
1510;0.00590638;
1511;0.00838697;
1512;0.00366236;
1513;0.00485384;
1514;0.00807195;
1515;0.0048887;
1516;0.00327851;
1517;0.0043725;
1518;0.001943;
1519;0.00648086;
1520;0.00530526;
1521;0.00635377;
1522;0.00565308;
1523;0.00238398;
1524;0.00445002;
1525;0.00456286;
1526;0.00135051;
1527;0.00764638;
1528;0.00602177;
1529;0.0015754;
1530;0.00476817;
1531;0.00599923;
1532;0.00426317;
1533;0.00429006;
1534;0.00396213;
1535;0.00192929;
1536;0.00586012;
1537;0.00592669;
1538;0.00692372;
1539;0.00771862;
1540;0.00374304;
1541;0.00320842;
1542;0.00611127;
1543;0.00310985;
1544;0.0107469;
1545;0.010154;
1546;0.00536445;
1547;0.00850405;
1548;0.00824133;
1549;0.00189889;
1550;0.00379222;
1551;0.00635597;
1552;0.00260405;
1553;0.00576549;
1554;0.00739362;
1555;0.00277102;
1556;0.00444878;
1557;0.00492621;
1558;0.00206722;
1559;0.00553301;
1560;0.00403186;
1561;0.00511321;
1562;0.00819942;
1563;0.00586717;
1564;0.00355897;
1565;0.00685179;
1566;0.00213942;
1567;0.00276591;
1568;0.00452212;
1569;0.00379828;
1570;0.00716647;
1571;0.00527802;
1572;0.00296678;
1573;0.00461825;
1574;0.00530696;
1575;0.00168834;
1576;0.00439847;
1577;0.00571637;
1578;0.00211591;
1579;0.00492267;
1580;0.00728757;
1581;0.00173464;
1582;0.00663667;
1583;0.00255039;
1584;0.00359949;
1585;0.00616582;
1586;0.00581937;
1587;0.0101721;
1588;0.00823793;
1589;0.0054921;
1590;0.00779264;
1591;0.00308254;
1592;0.00565462;
1593;0.00795035;
1594;0.00158469;
1595;0.00916191;
1596;0.00996395;
1597;0.00357332;
1598;0.00237074;
1599;0.00555851;
1600;0.00356677;
1601;0.00462298;
1602;0.00294494;
1603;0.00135122;
1604;0.00498915;
1605;0.00587619;
1606;0.00236479;
1607;0.00528447;
1608;0.00624058;
1609;0.00157944;
1610;0.00884838;
1611;0.00700135;
1612;0.00340402;
1613;0.0115512;
1614;0.009301;
1615;0.00194189;
1616;0.00723093;
1617;0.00332507;
1618;0.00462032;
1619;0.00675271;
1620;0.00182818;
1621;0.00634915;
1622;0.00693606;
1623;0.00254745;
1624;0.00253485;
1625;0.00442275;
1626;0.00393178;
1627;0.00480265;
1628;0.00137358;
1629;0.00242057;
1630;0.00561834;
1631;0.00620066;
1632;0.00224538;
1633;0.00677819;
1634;0.00478108;
1635;0.00379823;
1636;0.00736188;
1637;0.00787869;
1638;0.00570067;
1639;0.0039755;
1640;0.00403647;
1641;0.00495568;
1642;0.00522684;
1643;0.0069712;
1644;0.00839752;
1645;0.00325369;
1646;0.00337227;
1647;0.00384154;
1648;0.00196185;
1649;0.00653056;
1650;0.00529821;
1651;0.005169;
1652;0.00727328;
1653;0.00322148;
1654;0.002374;
1655;0.00599589;
1656;0.000705024;
1657;0.0058034;
1658;0.00931926;
1659;0.0040215;
1660;0.00680095;
1661;0.00985638;
1662;0.00632348;
1663;0.00216971;
1664;0.00744876;
1665;0.00210803;
1666;0.00847549;
1667;0.0062927;
1668;0.00331962;
1669;0.00708595;
1670;0.00442092;
1671;0.00230213;
1672;0.00625955;
1673;0.0029196;
1674;0.00836413;
1675;0.0090345;
1676;0.00377785;
1677;0.00459272;
1678;0.00828502;
1679;0.00516811;
1680;0.00284433;
1681;0.0037138;
1682;0.00416273;
1683;0.00592073;
1684;0.00400332;
1685;0.00209386;
1686;0.00260439;
1687;0.0044631;
1688;0.0022167;
1689;0.0041019;
1690;0.00295675;
1691;0.00554197;
1692;0.010814;
1693;0.00512471;
1694;0.00594305;
1695;0.00797295;
1696;0.00303332;
1697;0.00721552;
1698;0.00994969;
1699;0.00456241;
1700;0.00760825;
1701;0.00764146;
1702;0.000721822;
1703;0.00696489;
1704;0.00522368;
1705;0.00577373;
1706;0.00950463;
1707;0.00836135;
1708;0.00759546;
1709;0.00773498;
1710;0.0049864;
1711;0.00708403;
1712;0.00557731;
1713;0.000368291;
1714;0.00526693;
1715;0.00480419;
1716;0.00299217;
1717;0.00251761;
1718;0.00291669;
1719;0.00290572;
1720;0.00585987;
1721;0.00221256;
1722;0.00127414;
1723;0.00576202;
1724;0.00571293;
1725;0.00115324;
1726;0.00377212;
1727;0.00375675;
1728;0.00672534;
1729;0.00570168;
1730;0.00380744;
1731;0.00909478;
1732;0.00670782;
1733;0.00276438;
1734;0.00702472;
1735;0.00368351;
1736;0.00448052;
1737;0.00503722;
1738;0.00231373;
1739;0.00382272;
1740;0.00330006;
1741;0.00417342;
1742;0.00814475;
1743;0.00565208;
1744;0.00713949;
1745;0.00857794;
1746;0.00421044;
1747;0.00356936;
1748;0.00475204;
1749;0.00231231;
1750;0.00828145;
1751;0.0102076;
1752;0.00546559;
1753;0.0063187;
1754;0.00677653;
1755;0.00454246;
1756;0.00127446;
1757;0.00404972;
1758;0.00227973;
1759;0.0075779;
1760;0.00482986;
1761;0.000495405;
1762;0.0062381;
1763;0.00296025;
1764;0.00678785;
1765;0.00859045;
1766;0.00533358;
1767;0.00624879;
1768;0.00858986;
1769;0.000871272;
1770;0.00606884;
1771;0.00604227;
1772;0.00385464;
1773;0.00964505;
1774;0.00675695;
1775;0.00373968;
1776;0.00495444;
1777;0.00221616;
1778;0.00855205;
1779;0.00734248;
1780;0.00340997;
1781;0.00744463;
1782;0.00668729;
1783;0.00372546;
1784;0.0114957;
1785;0.00811653;
1786;0.00729651;
1787;0.0105123;
1788;0.0068391;
1789;0.00208991;
1790;0.00267768;
1791;0.00230793;
1792;0.00378856;
1793;0.00411176;
1794;0.00275356;
1795;0.00343837;
1796;0.00205258;
1797;0.00278464;
1798;0.00332184;
1799;0.00143766;
1800;0.00462494;
1801;0.00573363;
1802;0.0038665;
1803;0.0019821;
1804;0.0040295;
1805;0.00354872;
1806;0.00201218;
1807;0.00276333;
1808;0.00360767;
1809;0.00215836;
1810;0.00346244;
1811;0.00204299;
1812;0.00324474;
1813;0.000551128;
1814;0.00191688;
1815;0.00581061;
1816;0.00166014;
1817;0.00522197;
1818;0.00524804;
1819;0.00370865;
1820;0.00679856;
1821;0.00665755;
1822;0.00617086;
1823;0.00668959;
1824;0.00671948;
1825;0.00604148;
1826;0.00568;
1827;0.00205265;
1828;0.00373093;
1829;0.00285191;
1830;0.00383136;
1831;0.00646335;
1832;0.00325902;
1833;0.00276801;
1834;0.00575193;
1835;0.00430511;
1836;0.0042615;
1837;0.00643015;
1838;0.00218676;
1839;0.0029785;
1840;0.00474816;
1841;0.00400501;
1842;0.00824726;
1843;0.0046488;
1844;0.00575866;
1845;0.00824192;
1846;0.00417006;
1847;0.00459747;
1848;0.00313329;
1849;0.00399493;
1850;0.0096496;
1851;0.0109741;
1852;0.00274631;
1853;0.00770269;
1854;0.0063772;
1855;0.000332345;
1856;0.00515726;
1857;0.00281728;
1858;0.00401874;
1859;0.00601287;
1860;0.00377831;
1861;0.00303187;
1862;0.00410761;
1863;0.00094282;
1864;0.00559527;
1865;0.00711332;
1866;0.000708643;
1867;0.00510896;
1868;0.0022509;
1869;0.00535838;
1870;0.0108514;
1871;0.00692358;
1872;0.00539402;
1873;0.00880781;
1874;0.0033686;
1875;0.00537453;
1876;0.00743323;
1877;0.00328665;
1878;0.00887402;
1879;0.00596407;
1880;0.00360357;
1881;0.00669915;
1882;0.000876094;
1883;0.0082259;
1884;0.00979891;
1885;0.00339851;
1886;0.00537473;
1887;0.00620577;
1888;0.00253518;
1889;0.00880846;
1890;0.00993626;
1891;0.00541903;
1892;0.00770739;
1893;0.00761407;
1894;0.000994022;
1895;0.00333121;
1896;0.00214698;
1897;0.00786732;
1898;0.00698712;
1899;0.000715438;
1900;0.00664882;
1901;0.00469282;
1902;0.00732608;
1903;0.0128476;
1904;0.00691101;
1905;0.00611724;
1906;0.0109799;
1907;0.00305201;
1908;0.00703715;
1909;0.00764519;
1910;0.00188177;
1911;0.0054423;
1912;0.00568244;
1913;0.00440851;
1914;0.00479072;
1915;0.00233485;
1916;0.00850014;
1917;0.00919124;
1918;0.0017635;
1919;0.00539156;
1920;0.00545862;
1921;0.00115167;
1922;0.00830807;
1923;0.00646615;
1924;0.00165265;
1925;0.00370734;
1926;0.00264175;
1927;0.00539123;
1928;0.00501566;
1929;0.000745766;
1930;0.00451383;
1931;0.00596462;
1932;0.00102173;
1933;0.00547205;
1934;0.00167319;
1935;0.0033841;
1936;0.00667954;
1937;0.0068088;
1938;0.00156601;
1939;0.00313394;
1940;0.00498057;
1941;0.00616661;
1942;0.00666973;
1943;0.000931716;
1944;0.00405071;
1945;0.00385694;
1946;0.00320778;
1947;0.0046809;
1948;0.00294877;
1949;0.00202525;
1950;0.0044268;
1951;0.0023152;
1952;0.00583236;
1953;0.00494827;
1954;0.000655563;
1955;0.00492407;
1956;0.0101175;
1957;0.00499709;
1958;0.00326105;
1959;0.00285165;
1960;0.00455849;
1961;0.00733036;
1962;0.00497155;
1963;0.00225986;
1964;0.00363166;
1965;0.0044213;
1966;0.000884875;
1967;0.00404783;
1968;0.00169043;
1969;0.00532448;
1970;0.00317526;
1971;0.00195049;
1972;0.00588791;
1973;0.00289197;
1974;0.00378922;
1975;0.00682241;
1976;0.00594569;
1977;0.00397317;
1978;0.0029339;
1979;0.00530479;
1980;0.0100003;
1981;0.00748392;
1982;0.00322291;
1983;0.00834104;
1984;0.00576039;
1985;0.00231214;
1986;0.00689429;
1987;0.00217313;
1988;0.00554059;
1989;0.00297049;
1990;0.00375639;
1991;0.00461858;
1992;0.00318183;
1993;0.00287105;
1994;0.00598443;
1995;0.00282784;
1996;0.00611259;
1997;0.00751864;
1998;0.00502663;
1999;0.00954153;
2000;0.00905483;
2001;0.00343702;
2002;0.0039236;
2003;0.00445428;
2004;0.00228688;
2005;0.00552793;
2006;0.000951098;
2007;0.00681336;
2008;0.00464023;
2009;0.00295711;
2010;0.00798719;
2011;0.00283487;
2012;0.00308416;
2013;0.00735036;
2014;0.00399767;
2015;0.00368174;
2016;0.00506797;
2017;0.0013593;
2018;0.00370253;
2019;0.00251529;
2020;0.0019275;
2021;0.00407403;
2022;0.00227233;
2023;0.00377006;
2024;0.00705134;
2025;0.00556404;
2026;0.0044976;
2027;0.00438859;
2028;0.00151417;
2029;0.00588057;
2030;0.00685326;
2031;0.00313177;
2032;0.00294336;
2033;0.00395789;
2034;0.00572487;
2035;0.00761212;
2036;0.00127071;
2037;0.00747586;
2038;0.00320743;
2039;0.00531834;
2040;0.00688402;
2041;0.00144789;
2042;0.00607288;
2043;0.00755912;
2044;0.00507301;
2045;0.00382376;
2046;0.00300795;
2047;0.0047702;
2048;0.0062897;
2049;0.00177691;
2050;0.00323868;
2051;0.000468308;
2052;0.00262937;
2053;0.00422479;
2054;0.00414334;
2055;0.000604736;
2056;0.00304783;
2057;0.00269457;
2058;0.0039353;
2059;0.00669907;
2060;0.00158713;
2061;0.00413461;
2062;0.000577451;
2063;0.00602098;
2064;0.00900216;
2065;0.00456868;
2066;0.00282719;
2067;0.00571786;
2068;0.00544721;
2069;0.00629952;
2070;0.00385184;
2071;0.00535043;
2072;0.00501782;
2073;0.00175296;
2074;0.00514729;
2075;0.00111801;
2076;0.00463647;
2077;0.00634947;
2078;0.00149442;
2079;0.00512789;
2080;0.00831396;
2081;0.00495249;
2082;0.00741184;
2083;0.00725772;
2084;0.00267199;
2085;0.00335756;
2086;0.00134671;
2087;0.00571821;
2088;0.00864324;
2089;0.00193448;
2090;0.00417943;
2091;0.00577102;
2092;0.00454539;
2093;0.0111748;
2094;0.00605077;
2095;0.00505843;
2096;0.00633566;
2097;0.00134602;
2098;0.00816509;
2099;0.00824819;
2100;0.000514416;
2101;0.00494908;
2102;0.005034;
2103;0.00608822;
2104;0.0112456;
2105;0.00836054;
2106;0.00803832;
2107;0.00820638;
2108;0.00163178;
2109;0.00460211;
2110;0.00420107;
2111;0.00542085;
2112;0.00713571;
2113;0.00302119;
2114;0.00631613;
2115;0.00719597;
2116;0.00424933;
2117;0.0110917;
2118;0.007492;
2119;0.00412405;
2120;0.00787991;
2121;0.00461438;
2122;0.0059603;
2123;0.0057301;
2124;0.002171;
2125;0.00271499;
2126;0.00235996;
2127;0.00813397;
2128;0.00961268;
2129;0.00513225;
2130;0.00571582;
2131;0.00615587;
2132;0.00494238;
2133;0.0106954;
2134;0.00511962;
2135;0.00215635;
2136;0.00524673;
2137;0.00255249;
2138;0.00443213;
2139;0.00546371;
2140;0.00167299;
2141;0.00405272;
2142;0.00226694;
2143;0.00529134;
2144;0.00821555;
2145;0.0045498;
2146;0.00716457;
2147;0.00242819;
2148;0.00502535;
2149;0.00665466;
2150;0.00112009;
2151;0.00683399;
2152;0.00379946;
2153;0.001084;
2154;0.00496405;
2155;0.00324482;
2156;0.00716933;
2157;0.00660086;
2158;0.00562958;
2159;0.00693219;
2160;0.00462605;
2161;0.00586465;
2162;0.00381036;
2163;0.00385574;
2164;0.00465019;
2165;0.00288218;
2166;0.0054335;
2167;0.00717818;
2168;0.0061686;
2169;0.00319567;
2170;0.00513039;
2171;0.00492829;
2172;0.00505469;
2173;0.00763519;
2174;0.00307164;
2175;0.00242145;
2176;0.00346056;
2177;0.00451897;
2178;0.00554448;
2179;0.00650234;
2180;0.00657499;
2181;0.00429998;
2182;0.00385221;
2183;0.00570899;
2184;0.00364108;
2185;0.00035607;
2186;0.00405568;
2187;0.00612341;
2188;0.00645959;
2189;0.00537435;
2190;0.00529697;
2191;0.00680828;
2192;0.00684171;
2193;0.0069602;
2194;0.0064417;
2195;0.00539649;
2196;0.00253264;
2197;0.00228208;
2198;0.00346204;
2199;0.00454859;
2200;0.00912911;
2201;0.00884453;
2202;0.00837853;
2203;0.0115909;
2204;0.00740868;
2205;0.00665913;
2206;0.00656093;
2207;0.00788711;
2208;0.00884411;
2209;0.00575001;
2210;0.0072939;
2211;0.00581296;
2212;0.00630953;
2213;0.0061637;
2214;0.0024301;
2215;0.00201104;
2216;0.00200911;
2217;0.000770373;
2218;0.00364625;
2219;0.00463217;
2220;0.00390454;
2221;0.00290048;
2222;0.00292795;
2223;0.00803936;
2224;0.00575871;
2225;0.0053351;
2226;0.00404147;
2227;0.00460669;
2228;0.00826913;
2229;0.00253935;
2230;0.00767288;
2231;0.00462787;
2232;0.00680057;
2233;0.00916387;
2234;0.00440192;
2235;0.00459546;
2236;0.00578966;
2237;0.0048384;
2238;0.00806938;
2239;0.00606972;
2240;0.00417467;
2241;0.00469376;
2242;0.0037907;
2243;0.00912372;
2244;0.00884864;
2245;0.00553152;
2246;0.00639226;
2247;0.00573077;
2248;0.00986212;
2249;0.0124129;
2250;0.00710041;
2251;0.00449688;
2252;0.0040397;
2253;0.00534892;
2254;0.00779471;
2255;0.00625968;
2256;0.0066595;
2257;0.00692091;
2258;0.00432222;
2259;0.00214162;
2260;0.00108702;
2261;0.00261144;
2262;0.00224968;
2263;0.00497409;
2264;0.00561678;
2265;0.00186805;
2266;0.00275376;
2267;0.00509558;
2268;0.00869643;
2269;0.00970006;
2270;0.00848031;
2271;0.00661209;
2272;0.00525169;
2273;0.00564486;
2274;0.00504083;
2275;0.00863849;
2276;0.00983042;
2277;0.0077706;
2278;0.00781761;
2279;0.0055096;
2280;0.00790276;
2281;0.0118119;
2282;0.0113339;
2283;0.013111;
2284;0.0123434;
2285;0.0115618;
2286;0.0116663;
2287;0.0114338;
2288;0.00967899;
2289;0.0074717;
2290;0.00684751;
2291;0.00500286;
2292;0.00669015;
2293;0.00523174;
2294;0.00702889;
2295;0.00609345;
2296;0.00405405;
2297;0.00320097;
2298;0.00342286;
2299;0.00618779;
2300;0.00611163;
2301;0.00881129;
2302;0.0074104;
2303;0.00601263;
2304;0.00955816;
2305;0.00553572;
2306;0.00684365;
2307;0.00487205;
2308;0.00340496;
2309;0.00474918;
2310;0.00208882;
2311;0.00141482;
2312;0.000741076;
2313;0.00458081;
2314;0.00226409;
2315;0.00163508;
2316;0.00394088;
2317;0.00650801;
2318;0.00394772;
2319;0.00122872;
2320;0.00257206;
2321;0.00271792;
2322;0.00283622;
2323;0.00487464;
2324;0.00399565;
2325;0.00191678;
2326;0.00537305;
2327;0.000522675;
2328;0.00218897;
2329;0.00155492;
2330;0.00378449;
2331;0.00374065;
2332;0.00236865;
2333;0.00277576;
2334;0.00445045;
2335;0.00459213;
2336;0.0031574;
2337;0.0010504;
2338;0.00304229;
2339;0.00318397;
2340;0.00322788;
2341;0.000774222;
2342;0.00359147;
2343;0.00158261;
2344;0.00149587;
2345;0.00211789;
2346;0.00144253;
2347;0.0015643;
2348;0.00125238;
2349;0.00144775;
2350;0.00169196;
2351;0.00364052;
2352;0.00458337;
2353;0.00153914;
2354;0.00310044;
2355;0.00159728;
2356;0.00237222;
2357;0.00572191;
2358;0.00286011;
2359;0.00686574;
2360;0.00679408;
2361;0.00252903;
2362;0.00527662;
2363;0.00504905;
2364;0.00386366;
2365;0.00283477;
2366;0.00325327;
2367;0.00436503;
2368;0.00173979;
2369;0.00427475;
2370;0.00536757;
2371;0.00400267;
2372;0.00273313;
2373;0.00478538;
2374;0.00277184;
2375;0.00376402;
2376;0.00404524;
2377;0.0033036;
2378;0.00330596;
2379;0.00367751;
2380;0.00300639;
2381;0.00233751;
2382;0.00186195;
2383;0.00140206;
2384;0.00351838;
2385;0.000665452;
2386;0.00421516;
2387;0.00285602;
2388;0.00172694;
2389;0.00368228;
2390;0.00337761;
2391;0.00270285;
2392;0.00219635;
2393;0.00204538;
2394;0.00357665;
2395;0.00408176;
2396;0.00215091;
2397;0.00293758;
2398;0.00328715;
2399;0.00168344;
2400;0.00196724;
2401;0.00338888;
2402;0.00244588;
2403;0.000443717;
2404;0.000848709;
2405;0.00370144;
2406;0.0043478;
2407;0.00370046;
2408;0.00279358;
2409;0.00280984;
2410;0.00288126;
2411;0.000724227;
2412;0.00306542;
2413;0.00262549;
2414;0.00209574;
2415;0.00260634;
2416;0.00194131;
2417;0.00154401;
2418;0.00422874;
2419;0.00225928;
2420;0.00295316;
2421;0.0018456;
2422;0.00316019;
2423;0.00389251;
2424;0.00123381;
2425;0.00171777;
2426;0.00308435;
2427;0.000404714;
2428;0.00422915;
2429;0.00370286;
2430;0.0055676;
2431;0.00683857;
2432;0.00311209;
2433;0.00300357;
2434;0.0034423;
2435;0.00182794;
2436;0.00179966;
2437;0.00241392;
2438;0.00215761;
2439;0.00173299;
2440;0.00206802;
2441;0.00379453;
2442;0.00116128;
2443;0.00321908;
2444;0.000701325;
2445;0.00266782;
2446;0.00547173;
2447;0.00608567;
2448;0.00280976;
2449;0.00446342;
2450;0.00333418;
2451;0.0026388;
2452;0.00455678;
2453;0.00233626;
2454;0.00175814;
2455;0.00321332;
2456;0.00268156;
2457;0.000766534;
2458;0.000663347;
2459;0.00210324;
2460;0.00213673;
2461;0.00262727;
2462;0.00311745;
2463;0.00314475;
2464;0.00393333;
2465;0.00182858;
2466;0.00205725;
2467;0.00594586;
2468;0.00373354;
2469;0.00423643;
2470;0.00582837;
2471;0.00110835;
2472;0.00475914;
2473;0.00555877;
2474;0.00161366;
2475;0.00294398;
2476;0.0032674;
2477;0.000694186;
2478;0.00600043;
2479;0.00314899;
2480;0.00425933;
2481;0.00429238;
2482;0.00270082;
2483;0.000313783;
2484;0.00107799;
2485;0.00193238;
2486;0.00408646;
2487;0.00476949;
2488;0.003851;
2489;0.0045736;
2490;0.00201293;
2491;0.00327037;
2492;0.00175667;
2493;0.000686851;
2494;0.00369451;
2495;0.00300485;
2496;0.00240418;
2497;0.00282402;
2498;0.00216738;
2499;0.00419537;
2500;0.00520991;
2501;0.00372759;
2502;0.00394951;
2503;0.00393804;
2504;0.0033545;
2505;0.00562814;
2506;0.00434716;
2507;0.000919369;
2508;0.00424668;
2509;0.00445333;
2510;0.000758373;
2511;0.00293928;
2512;0.0027887;
2513;0.00199181;
2514;0.00542193;
2515;0.00570442;
2516;0.00199328;
2517;0.00275388;
2518;0.00366321;
2519;0.00343309;
2520;0.00290522;
2521;0.000540613;
2522;0.0044179;
2523;0.00486735;
2524;0.00232851;
2525;0.00413101;
2526;0.00510352;
2527;0.00232977;
2528;0.00529711;
2529;0.00362452;
2530;0.00388105;
2531;0.00518531;
2532;0.0036254;
2533;0.00175506;
2534;0.00224047;
2535;0.00375689;
2536;0.00176347;
2537;0.00135096;
2538;0.00396674;
2539;0.00341177;
2540;0.00324213;
2541;0.00417356;
2542;0.00232552;
2543;0.00158238;
2544;0.00106683;
2545;0.00154681;
2546;0.00335049;
2547;0.00580827;
2548;0.00314837;
2549;0.00221547;
2550;0.00391899;
2551;0.00321836;
2552;0.00348537;
2553;0.00394487;
2554;0.00238769;
2555;0.00136009;
2556;0.00292665;
2557;0.00250713;
2558;0.00210854;
2559;0.0043043;
2560;0.00470696;
2561;0.00369165;
2562;0.00367074;
2563;0.00303073;
2564;0.00148481;
2565;0.00231592;
2566;0.00171152;
2567;0.00273056;
2568;0.00101537;
2569;0.00313468;
2570;0.00536067;
2571;0.00412263;
2572;0.00127513;
2573;0.00229941;
2574;0.00182892;
2575;0.00263126;
2576;0.00368742;
2577;0.00404055;
2578;0.00469925;
2579;0.000932068;
2580;0.000833595;
2581;0.00278477;
2582;0.00291169;
2583;0.00338831;
2584;0.0023747;
2585;0.00336495;
2586;0.00207277;
2587;0.00302144;
2588;0.004497;
2589;0.00285156;
2590;0.00114889;
2591;0.00261689;
2592;0.00603176;
2593;0.00217522;
2594;0.00337847;
2595;0.00546522;
2596;0.00313801;
2597;0.00210899;
2598;0.00579811;
2599;0.00258755;
2600;0.00375996;
2601;0.00559292;
2602;0.00289367;
2603;0.00439242;
2604;0.00145054;
2605;0.00656846;
2606;0.00472325;
2607;0.00139576;
2608;0.00422077;
2609;0.00528416;
2610;0.00328116;
2611;0.005174;
2612;0.00376425;
2613;0.00245743;
2614;0.00420649;
2615;0.0023061;
2616;0.00337235;
2617;0.00263595;
2618;0.001284;
2619;0.00165563;
2620;0.00236016;
2621;0.00235647;
2622;0.00257889;
2623;0.000978122;
2624;0.00219938;
2625;0.00230062;
2626;0.00229433;
2627;0.00386303;
2628;0.00161135;
2629;0.00341991;
2630;0.00402532;
2631;0.00567117;
2632;0.00147087;
2633;0.00655102;
2634;0.00858115;
2635;0.00332443;
2636;0.00383468;
2637;0.00496548;
2638;0.00223844;
2639;0.00199509;
2640;0.00478692;
2641;0.00388592;
2642;0.00388936;
2643;0.0055152;
2644;0.00165359;
2645;0.00129421;
2646;0.00266554;
2647;0.00481624;
2648;0.00454179;
2649;0.00145582;
2650;0.0025806;
2651;0.00740493;
2652;0.00442071;
2653;0.00317139;
2654;0.0042774;
2655;0.00262294;
2656;0.00114921;
2657;0.00211384;
2658;0.00259447;
2659;0.00138159;
2660;0.00346467;
2661;0.006342;
2662;0.00593733;
2663;0.00258388;
2664;0.00606109;
2665;0.00812605;
2666;0.00358393;
2667;0.00315006;
2668;0.00241313;
2669;0.00319613;
2670;0.0047436;
2671;0.00198705;
2672;0.00157813;
2673;0.00146881;
2674;0.000775589;
2675;0.00170312;
2676;0.00362844;
2677;0.00372644;
2678;0.00180332;
2679;0.00663665;
2680;0.00461843;
2681;0.00250115;
2682;0.0052436;
2683;0.000880858;
2684;0.00263157;
2685;0.00210981;
2686;0.00211343;
2687;0.00196612;
2688;0.0013793;
2689;0.00226212;
2690;0.00202282;
2691;0.0032573;
2692;0.00277565;
2693;0.00519147;
2694;0.00556471;
2695;0.00282156;
2696;0.00494977;
2697;0.00554752;
2698;0.00840368;
2699;0.00329718;
2700;0.00386284;
2701;0.00662207;
2702;0.00466991;
2703;0.00461424;
2704;0.00473941;
2705;0.00218203;
2706;0.00477572;
2707;0.00591482;
2708;0.00300914;
2709;0.00462841;
2710;0.00444285;
2711;0.000859249;
2712;0.00122704;
2713;0.00321661;
2714;0.00423934;
2715;0.00273754;
2716;0.00325158;
2717;0.00235622;
2718;0.00120507;
2719;0.00331415;
2720;0.00293179;
2721;0.00305242;
2722;0.00235719;
2723;0.00143573;
2724;0.00230181;
2725;0.0048501;
2726;0.00328884;
2727;0.000587448;
2728;0.00484965;
2729;0.0055831;
2730;0.00135923;
2731;0.00247205;
2732;0.00418216;
2733;0.00289579;
2734;0.0027776;
2735;0.00527632;
2736;0.000854529;
2737;0.00438579;
2738;0.00508331;
2739;0.00179833;
2740;0.0042639;
2741;0.000754742;
2742;0.00436827;
2743;0.00431809;
2744;0.00339317;
2745;0.00381917;
2746;0.00421206;
2747;0.00691863;
2748;0.00474984;
2749;0.00387804;
2750;0.00770335;
2751;0.00475558;
2752;0.00270693;
2753;0.00302823;
2754;0.00388933;
2755;0.00372796;
2756;0.00495828;
2757;0.00414236;
2758;0.00231441;
2759;0.00346362;
2760;0.00338726;
2761;0.00212646;
2762;0.000965273;
2763;0.00267141;
2764;0.0009981;
2765;0.00191115;
2766;0.00419562;
2767;0.000217846;
2768;0.00311944;
2769;0.00179635;
2770;0.00189736;
2771;0.00449757;
2772;0.00194976;
2773;0.00159181;
2774;0.00187717;
2775;0.00122405;
2776;0.0040523;
2777;0.0039209;
2778;0.00569056;
2779;0.0040022;
2780;0.00250038;
2781;0.00573654;
2782;0.00677344;
2783;0.00354128;
2784;0.00435184;
2785;0.0085552;
2786;0.00520102;
2787;0.00342301;
2788;0.00646227;
2789;0.00573576;
2790;0.00152879;
2791;0.00490004;
2792;0.00482001;
2793;0.00138746;
2794;7.3295e-05;
2795;0.000911578;
2796;0.00288012;
2797;0.0036047;
2798;0.00347075;
2799;0.00749123;
2800;0.00643446;
2801;0.00412512;
2802;0.00741434;
2803;0.00924435;
2804;0.00387568;
2805;0.00273387;
2806;0.00248566;
2807;0.00157531;
2808;0.00326927;
2809;0.0031739;
2810;0.00399981;
2811;0.00231287;
2812;0.00256001;
2813;0.00521424;
2814;0.00562267;
2815;0.00302656;
2816;0.00328163;
2817;0.00516136;
2818;0.00611335;
2819;0.0021851;
2820;0.00316309;
2821;0.00386309;
2822;0.00587492;
2823;0.00179659;
2824;0.00377373;
2825;0.00469208;
2826;0.000213662;
2827;0.0033657;
2828;0.00578885;
2829;0.00342277;
2830;0.00410776;
2831;0.0070218;
2832;0.005758;
2833;0.00161792;
2834;0.00620125;
2835;0.00372131;
2836;0.00514642;
2837;0.00448388;
2838;0.0023122;
2839;0.00481649;
2840;0.00504746;
2841;0.00407656;
2842;0.00467803;
2843;0.00254609;
2844;0.00444635;
2845;0.00530952;
2846;0.00458909;
2847;0.000990055;
2848;0.00334717;
2849;0.00338058;
2850;0.00357752;
2851;0.00107565;
2852;0.00210903;
2853;0.0030706;
2854;0.00343801;
2855;0.00537369;
2856;0.00744305;
2857;0.00525815;
2858;0.00148004;
2859;0.00618775;
2860;0.00518376;
2861;0.00133949;
2862;0.00400067;
2863;0.00468376;
2864;0.00286025;
2865;0.00560971;
2866;0.00491683;
2867;0.00407306;
2868;0.0030885;
2869;0.0054927;
2870;0.00824451;
2871;0.00324239;
2872;0.0024007;
2873;0.00607373;
2874;0.00668837;
2875;0.0045281;
2876;0.00146312;
2877;0.00536564;
2878;0.00550017;
2879;0.00355029;
2880;0.00263879;
2881;0.00315857;
2882;0.00353333;
2883;0.00126048;
2884;0.00558897;
2885;0.00680282;
2886;0.00407842;
2887;0.0049528;
2888;0.00522753;
2889;0.00502991;
2890;0.00269295;
2891;0.00482062;
2892;0.00323059;
2893;0.00396088;
2894;0.00260042;
2895;0.00239426;
2896;0.00103754;
2897;0.000533428;
2898;0.00340989;
2899;0.00304646;
2900;0.000795016;
2901;0.0039565;
2902;0.00139973;
2903;0.00360838;
2904;0.0037185;
2905;0.00188899;
2906;0.00408417;
2907;0.00505427;
2908;0.00224844;
2909;0.0027725;
2910;0.003641;
2911;0.00339406;
2912;0.00390183;
2913;0.00947806;
2914;0.00471204;
2915;0.00397797;
2916;0.00566374;
2917;0.00695996;
2918;0.00581103;
2919;0.00374828;
2920;0.00309753;
2921;0.00377154;
2922;0.0042196;
2923;0.00356884;
2924;0.000908867;
2925;0.00297514;
2926;0.00218696;
2927;0.00172382;
2928;0.00257603;
2929;0.00642684;
2930;0.00582039;
2931;0.00158622;
2932;0.00831403;
2933;0.0086684;
2934;0.00265869;
2935;0.00944027;
2936;0.00450285;
2937;0.00284668;
2938;0.00701995;
2939;0.00562656;
2940;0.000705352;
2941;0.0052462;
2942;0.00555554;
2943;0.00260792;
2944;0.00247929;
2945;0.00264203;
2946;0.00599973;
2947;0.004787;
2948;0.00334249;
2949;0.00280854;
2950;0.0031787;
2951;0.00585663;
2952;0.00672755;
2953;0.00277522;
2954;0.00337442;
2955;0.00521384;
2956;0.00274406;
2957;0.00279298;
2958;0.00441264;
2959;0.00198447;
2960;0.00501735;
2961;0.00781433;
2962;0.00625371;
2963;0.00160871;
2964;0.00246468;
2965;0.00320854;
2966;0.00719289;
2967;0.00424892;
2968;0.00116583;
2969;0.000938013;
2970;0.00446038;
2971;0.00316078;
2972;0.00318258;
2973;0.00212584;
2974;0.00137359;
2975;0.00542446;
2976;0.00383733;
2977;0.00302476;
2978;0.00679742;
2979;0.00606176;
2980;0.00747097;
2981;0.00804598;
2982;0.00321586;
2983;0.00609897;
2984;0.00658445;
2985;0.00447597;
2986;0.00438145;
2987;0.000568712;
2988;0.00333115;
2989;0.00218379;
2990;0.00328904;
2991;0.00310288;
2992;0.00113154;
2993;0.003241;
2994;0.00335988;
2995;0.00288568;
2996;0.00415997;
2997;0.00563255;
2998;0.00385381;
2999;0.000965718;
3000;0.0088108;
3001;0.00677207;
3002;0.000242814;
3003;0.0045931;
3004;0.00414897;
3005;0.00379885;
3006;0.00553255;
3007;0.00777238;
3008;0.00197234;
3009;0.00404791;
3010;0.0050351;
3011;0.00540078;
3012;0.00461592;
3013;0.00304828;
3014;0.00326975;
3015;0.00468469;
3016;0.00471296;
3017;0.00510301;
3018;0.00139425;
3019;0.00227536;
3020;0.00635564;
3021;0.0033845;
3022;0.00613066;
3023;0.00576447;
3024;0.000794534;
3025;0.00456063;
3026;0.00604448;
3027;0.0047503;
3028;0.00425313;
3029;0.00505137;
3030;0.00337601;
3031;0.00129977;
3032;0.00216538;
3033;0.00209735;
3034;0.00249984;
3035;0.00518527;
3036;0.00389449;
3037;0.00396426;
3038;0.00109401;
3039;0.00465058;
3040;0.00786346;
3041;0.00624182;
3042;0.00392325;
3043;0.00504602;
3044;0.00702312;
3045;0.00671108;
3046;0.00657627;
3047;0.00286399;
3048;0.00622164;
3049;0.00560473;
3050;0.0016428;
3051;0.00278593;
3052;0.0022578;
3053;0.00391616;
3054;0.00365074;
3055;0.00692752;
3056;0.0041327;
3057;0.00431985;
3058;0.00207708;
3059;0.00576679;
3060;0.00274929;
3061;0.00465145;
3062;0.00486503;
3063;0.00372357;
3064;0.00131182;
3065;0.00520746;
3066;0.00679771;
3067;0.00614394;
3068;0.00271685;
3069;0.00661496;
3070;0.00245759;
3071;0.00573997;
3072;0.00597453;
3073;0.00190166;
3074;0.0041724;
3075;0.00260125;
3076;0.00107622;
3077;0.00157504;
3078;0.000242221;
3079;0.00473687;
3080;0.00328889;
3081;0.00674353;
3082;0.00395607;
3083;0.00294396;
3084;0.00467325;
3085;0.00849798;
3086;0.00553807;
3087;0.000757811;
3088;0.0043186;
3089;0.00167499;
3090;0.00205737;
3091;0.00384259;
3092;0.00733837;
3093;0.00531924;
3094;0.00305155;
3095;0.00788934;
3096;0.00738428;
3097;0.00576348;
3098;0.00530783;
3099;0.00650851;
3100;0.00408999;
3101;0.00853494;
3102;0.00502608;
3103;0.00296422;
3104;0.00165241;
3105;0.0072018;
3106;0.00642364;
3107;0.0036945;
3108;0.00229818;
3109;0.00344844;
3110;0.00188419;
3111;0.00668806;
3112;0.00394749;
3113;0.000480953;
3114;0.00321084;
3115;0.00193685;
3116;0.00167152;
3117;0.00380594;
3118;0.00483776;
3119;0.00193917;
3120;0.00355397;
3121;0.00697752;
3122;0.00411146;
3123;0.0015909;
3124;0.00395549;
3125;0.00608225;
3126;0.00526794;
3127;0.00141327;
3128;0.00409654;
3129;0.00443248;
3130;0.00207928;
3131;0.00601547;
3132;0.00637605;
3133;0.00287269;
3134;0.00156058;
3135;0.00281459;
3136;0.00590077;
3137;0.00398513;
3138;0.00307365;
3139;0.00389599;
3140;0.00558897;
3141;0.00356035;
3142;0.00534076;
3143;0.00432455;
3144;0.00259762;
3145;0.00310827;
3146;0.00478425;
3147;0.00244718;
3148;0.00103617;
3149;0.00355458;
3150;0.00256565;
3151;0.00376251;
3152;0.00870516;
3153;0.00453779;
3154;0.00678749;
3155;0.0056596;
3156;0.00641526;
3157;0.00752089;
3158;0.00900479;
3159;0.00497221;
3160;0.00443709;
3161;0.00545052;
3162;0.00638069;
3163;0.00121392;
3164;0.00229019;
3165;0.000744639;
3166;0.00386392;
3167;0.00626951;
3168;0.00303098;
3169;0.0093759;
3170;0.00647557;
3171;0.00284122;
3172;0.00910191;
3173;0.00600769;
3174;0.00236673;
3175;0.000511934;
3176;0.00573029;
3177;0.00532711;
3178;0.0046904;
3179;0.00113536;
3180;0.00237082;
3181;0.0049104;
3182;0.00489333;
3183;0.00365079;
3184;0.00399257;
3185;0.00418626;
3186;0.00302943;
3187;0.00383934;
3188;0.00552119;
3189;0.00565254;
3190;0.00526194;
3191;0.00597479;
3192;0.00719425;
3193;0.0066155;
3194;0.00131569;
3195;0.00444529;
3196;0.00304703;
3197;0.00436137;
3198;0.000729659;
3199;0.00375907;
3200;0.00482978;
3201;0.00443289;
3202;0.00143679;
3203;0.00614635;
3204;0.00472919;
3205;0.00339323;
3206;0.00880816;
3207;0.00670975;
3208;0.00225917;
3209;0.00825863;
3210;0.00629428;
3211;0.00288054;
3212;0.00345871;
3213;0.00147926;
3214;0.000739835;
3215;0.00282607;
3216;0.00153776;
3217;0.00341908;
3218;0.00712227;
3219;0.00120218;
3220;0.0060204;
3221;0.00484782;
3222;0.00332784;
3223;0.00485912;
3224;0.00298959;
3225;0.00434079;
3226;0.00638022;
3227;0.00294114;
3228;0.00259328;
3229;0.00476304;
3230;0.00539707;
3231;0.00227763;
3232;0.00257746;
3233;0.00413958;
3234;0.00261711;
3235;0.002208;
3236;0.00202756;
3237;0.00591577;
3238;0.00608008;
3239;0.000684772;
3240;0.0089677;
3241;0.00974035;
3242;0.00265063;
3243;0.00471948;
3244;0.00344706;
3245;0.00091237;
3246;0.0013127;
3247;0.0030448;
3248;0.00191514;
3249;0.00539058;
3250;0.00340033;
3251;0.00558643;
3252;0.00578422;
3253;0.00645233;
3254;0.00388942;
3255;0.00506399;
3256;0.003183;
3257;0.00495092;
3258;0.00321421;
3259;0.00109239;
3260;0.00181316;
3261;0.00423363;
3262;0.00298212;
3263;0.0035029;
3264;0.00539218;
3265;0.00175233;
3266;0.00247468;
3267;0.00254084;
3268;0.000668798;
3269;0.0027497;
3270;0.00492386;
3271;0.00274234;
3272;0.00573236;
3273;0.00251821;
3274;0.00675465;
3275;0.00869217;
3276;0.00383422;
3277;0.00267334;
3278;0.00447566;
3279;0.00121591;
3280;0.000831396;
3281;0.0012235;
3282;0.00564337;
3283;0.00529179;
3284;0.00206933;
3285;0.00447283;
3286;0.00770026;
3287;0.00675522;
3288;0.0019329;
3289;0.00576226;
3290;0.00493855;
3291;0.00139969;
3292;0.00452519;
3293;0.00461356;
3294;0.00334825;
3295;0.00303243;
3296;0.00475075;
3297;0.0034307;
3298;0.0041879;
3299;0.00343488;
3300;0.00464258;
3301;0.0075614;
3302;0.00380129;
3303;0.00302673;
3304;0.00136586;
3305;0.00435069;
3306;0.00620679;
3307;0.00382639;
3308;0.00170571;
3309;0.00107251;
3310;0.00159514;
3311;0.00182391;
3312;0.00242213;
3313;0.00635209;
3314;0.00574425;
3315;0.00214821;
3316;0.0063833;
3317;0.00594909;
3318;0.00446473;
3319;0.00280149;
3320;0.000377091;
3321;0.00325167;
3322;0.00263921;
3323;0.00268693;
3324;0.00744617;
3325;0.00694994;
3326;0.00386954;
3327;0.0053021;
3328;0.00370053;
3329;0.00138383;
3330;0.00485742;
3331;0.00484644;
3332;0.00226662;
3333;0.000767571;
3334;0.00318281;
3335;0.00668737;
3336;0.00429622;
3337;0.000972186;
3338;0.00506525;
3339;0.00570583;
3340;0.00289974;
3341;0.00240209;
3342;0.00553686;
3343;0.00418502;
3344;0.000517183;
3345;0.00322757;
3346;0.00308767;
3347;0.00489329;
3348;0.00354848;
3349;0.00236251;
3350;0.00520598;
3351;0.00349106;
3352;0.000567803;
3353;0.00148765;
3354;0.00311477;
3355;0.00215658;
3356;0.00607906;
3357;0.00641721;
3358;0.00272724;
3359;0.00802066;
3360;0.00526207;
3361;0.00498654;
3362;0.0102364;
3363;0.00419139;
3364;0.00391656;
3365;0.00320388;
3366;0.00913061;
3367;0.0051253;
3368;0.00511953;
3369;0.00298532;
3370;0.00191463;
3371;0.00444558;
3372;0.00172093;
3373;0.00818431;
3374;0.00722757;
3375;0.00178016;
3376;0.00448463;
3377;0.00647291;
3378;0.00317576;
3379;0.00175175;
3380;0.00289467;
3381;0.00386589;
3382;0.00326413;
3383;0.00449836;
3384;0.00457844;
3385;0.0103254;
3386;0.00590811;
3387;0.00463737;
3388;0.00663582;
3389;0.00273223;
3390;0.00264084;
3391;0.00142618;
3392;0.002353;
3393;0.00211608;
3394;0.00474156;
3395;0.00351863;
3396;0.00496785;
3397;0.00611046;
3398;0.00139055;
3399;0.00366452;
3400;0.00170448;
3401;0.00286805;
3402;0.0072935;
3403;0.00425628;
3404;0.00301649;
3405;0.00580781;
3406;0.00269679;
3407;0.0015718;
3408;0.00044867;
3409;0.00173337;
3410;0.00428314;
3411;0.00557911;
3412;0.000752883;
3413;0.005123;
3414;0.00398216;
3415;0.00141825;
3416;0.00304087;
3417;0.00179893;
3418;0.00163171;
3419;0.00158725;
3420;0.000868678;
3421;0.00337958;
3422;0.00283433;
3423;0.0027847;
3424;0.0036161;
3425;0.0028373;
3426;0.00169222;
3427;0.00181862;
3428;0.00256771;
3429;0.00284658;
3430;0.00187728;
3431;0.00369488;
3432;0.0065167;
3433;0.00402837;
3434;0.00518857;
3435;0.00568491;
3436;0.00195828;
3437;0.00265913;
3438;0.0033048;
3439;0.00190551;
3440;0.00429803;
3441;0.00198294;
3442;0.0060489;
3443;0.0107812;
3444;0.00637618;
3445;0.00694233;
3446;0.00391265;
3447;0.00287117;
3448;0.00183643;
3449;0.0064895;
3450;0.00449234;
3451;0.00345348;
3452;0.00724921;
3453;0.00265295;
3454;0.0092236;
3455;0.00355528;
3456;0.00510347;
3457;0.00299358;
3458;0.00521156;
3459;0.00559023;
3460;0.00650435;
3461;0.00780077;
3462;0.00111911;
3463;0.00478317;
3464;0.000877632;
3465;0.00458098;
3466;0.00150881;
3467;0.00394007;
3468;0.00495219;
3469;0.00708558;
3470;0.00747798;
3471;0.00572253;
3472;0.0071357;
3473;0.00213255;
3474;0.00382572;
3475;0.00340814;
3476;0.002537;
3477;0.00358463;
3478;0.000983145;
3479;0.00658319;
3480;0.00565868;
3481;0.0059024;
3482;0.00701372;
3483;0.00224283;
3484;0.00304572;
3485;0.0038473;
3486;0.00188977;
3487;0.00446097;
3488;0.00414739;
3489;0.00432989;
3490;0.00463983;
3491;0.00812588;
3492;0.00220312;
3493;0.00539656;
3494;0.00434344;
3495;0.00229615;
3496;0.00444873;
3497;0.00241695;
3498;0.00230671;
3499;0.00208402;
3500;0.00383437;
3501;0.00163271;
3502;0.00409092;
3503;0.000310778;
3504;0.0033111;
3505;0.00179849;
3506;0.000843853;
3507;0.0047562;
3508;0.00415543;
3509;0.0040594;
3510;0.000276942;
3511;0.00436088;
3512;0.00434275;
3513;0.00371582;
3514;0.00213554;
3515;0.00175792;
3516;0.00241104;
3517;0.0012869;
3518;0.000534653;
3519;0.0015814;
3520;0.00169843;
3521;0.00158728;
3522;0.00194023;
3523;0.000731708;
3524;0.0019204;
3525;0.00303844;
3526;0.00390984;
3527;0.00173431;
3528;0.00315709;
3529;0.001195;
3530;0.00234177;
3531;0.00185934;
3532;0.00121912;
3533;0.00317176;
3534;0.00203586;
3535;0.00251211;
3536;0.0026358;
3537;0.00122603;
3538;0.00211272;
3539;0.00516401;
3540;0.00382419;
3541;0.00208628;
3542;0.00320441;
3543;0.00330306;
3544;0.00338156;
3545;0.00199042;
3546;0.00208956;
3547;0.0045854;
3548;0.00492742;
3549;0.00440119;
3550;0.00574381;
3551;0.00524648;
3552;0.00241958;
3553;0.00325602;
3554;0.00406669;
3555;0.000931896;
3556;0.00287155;
3557;0.00257394;
3558;0.000309029;
3559;0.00412336;
3560;0.00418353;
3561;0.00129146;
3562;0.00457084;
3563;0.00492531;
3564;0.00285992;
3565;0.00285311;
3566;0.00192901;
3567;0.0024005;
3568;0.000893782;
3569;0.00135598;
3570;0.0029779;
3571;0.00386036;
3572;0.0010709;
3573;0.00104871;
3574;0.00268462;
3575;0.00248787;
3576;0.00178133;
3577;0.000266058;
3578;0.00315488;
3579;0.00319908;
3580;0.00140138;
3581;0.00238792;
3582;0.00384486;
3583;0.00199254;
3584;0.00187583;
3585;0.0025327;
3586;0.00140938;
3587;0.0026869;
3588;0.000917712;
3589;0.000649737;
3590;0.00314599;
3591;0.00125338;
3592;0.00291683;
3593;0.00169807;
3594;0.00272161;
3595;0.00177627;
3596;0.00308872;
3597;0.00245301;
3598;0.00380611;
3599;0.00173467;
3600;0.0031248;
3601;0.00496889;
3602;0.00277379;
3603;0.00445481;
3604;0.00561605;
3605;0.0021388;
3606;0.00219594;
3607;0.00436676;
3608;0.000472969;
3609;0.00476206;
3610;0.00345251;
3611;0.00118719;
3612;0.00453996;
3613;0.00516758;
3614;0.00111347;
3615;0.00224682;
3616;0.00283187;
3617;0.00158819;
3618;0.00288564;
3619;0.00266238;
3620;0.00421872;
3621;0.00436176;
3622;0.00373336;
3623;0.0041186;
3624;0.00393179;
3625;0.00167509;
3626;0.000603157;
3627;0.000636934;
3628;0.002358;
3629;0.00387027;
3630;0.00370148;
3631;0.00259908;
3632;0.00320175;
3633;0.0054886;
3634;0.00458322;
3635;0.000899799;
3636;0.0027977;
3637;0.0012914;
3638;0.00314512;
3639;0.00353048;
3640;0.0011277;
3641;0.00359818;
3642;0.00577985;
3643;0.0031974;
3644;0.00133682;
3645;0.00242963;
3646;0.00180678;
3647;0.000618128;
3648;0.0014713;
3649;0.000219352;
3650;0.00201325;
3651;0.00284131;
3652;0.002816;
3653;0.00125746;
3654;0.000614137;
3655;0.000644185;
3656;0.00282492;
3657;0.00148827;
3658;0.0025289;
3659;0.000300106;
3660;0.00206429;
3661;0.00271612;
3662;0.00176399;
3663;0.00167066;
3664;0.000867558;
3665;0.00349829;
3666;0.00253218;
3667;0.00139608;
3668;0.00288783;
3669;0.00299189;
3670;0.00344241;
3671;0.00375638;
3672;0.00327192;
3673;0.000252056;
3674;0.00367675;
3675;0.00206735;
3676;0.00518688;
3677;0.00117499;
3678;0.00367738;
3679;0.00554583;
3680;0.00430411;
3681;0.00308384;
3682;0.00439329;
3683;0.0024751;
3684;0.00374471;
3685;0.00193394;
3686;0.00201519;
3687;0.00611591;
3688;0.00443255;
3689;0.0026263;
3690;0.00424788;
3691;0.00306917;
3692;0.00231426;
3693;0.00253243;
3694;0.00141084;
3695;0.00363785;
3696;0.00470195;
3697;0.0033167;
3698;0.00430664;
3699;0.00315689;
3700;0.000935055;
3701;0.00471219;
3702;0.00425319;
3703;0.00209273;
3704;0.00442903;
3705;0.0059685;
3706;0.00197554;
3707;0.00256156;
3708;0.00418011;
3709;0.00266847;
3710;0.00307236;
3711;0.00598164;
3712;0.00252574;
3713;0.00394035;
3714;0.00666251;
3715;0.00153858;
3716;0.00466305;
3717;0.00632201;
3718;0.00307453;
3719;0.00367682;
3720;0.00451017;
3721;0.00226692;
3722;0.00346257;
3723;0.00165752;
3724;0.00342167;
3725;0.00508133;
3726;0.001135;
3727;0.00398013;
3728;0.00435792;
3729;0.00112992;
3730;0.00473179;
3731;0.00542447;
3732;0.00243083;
3733;0.00638974;
3734;0.00374079;
3735;0.00195481;
3736;0.00578732;
3737;0.0038582;
3738;0.00531247;
3739;0.00718533;
3740;0.00435759;
3741;0.00377692;
3742;0.00824521;
3743;0.0044136;
3744;0.00026572;
3745;0.00380684;
3746;0.00463015;
3747;0.000628241;
3748;0.00329778;
3749;0.00129491;
3750;0.00229327;
3751;0.00426445;
3752;0.00303069;
3753;0.00359091;
3754;0.00508842;
3755;0.00414771;
3756;0.00156153;
3757;0.00402131;
3758;0.00309806;
3759;0.00367599;
3760;0.000566789;
3761;0.00319518;
3762;0.0039703;
3763;0.00306812;
3764;0.002095;
3765;0.00281251;
3766;0.00459907;
3767;0.00272574;
3768;0.00392321;
3769;0.00238488;
3770;0.00563781;
3771;0.00268021;
3772;0.00348775;
3773;0.00382092;
3774;0.00485345;
3775;0.00251727;
3776;0.00376695;
3777;0.0033358;
3778;0.00256207;
3779;0.00383213;
3780;0.00182535;
3781;0.00316523;
3782;0.00285209;
3783;0.0031585;
3784;0.000395504;
3785;0.00220162;
3786;0.00280814;
3787;0.00318383;
3788;0.00133998;
3789;0.00043499;
3790;0.00305383;
3791;0.00383882;
3792;0.00144018;
3793;0.000643155;
3794;0.00286281;
3795;0.00305641;
3796;0.00220177;
3797;0.00106159;
3798;0.00334213;
3799;0.00326279;
3800;0.00174736;
3801;0.00150923;
3802;0.00215072;
3803;0.00178228;
3804;0.00336414;
3805;0.00165524;
3806;0.00346445;
3807;0.00626999;
3808;0.00455469;
3809;0.00269278;
3810;0.00543125;
3811;0.00455877;
3812;0.00131582;
3813;0.0024458;
3814;0.00286416;
3815;0.00349494;
3816;0.00478814;
3817;0.00138197;
3818;0.0038014;
3819;0.00608217;
3820;0.00298244;
3821;0.00287112;
3822;0.0053195;
3823;0.00260001;
3824;0.0020239;
3825;0.00316529;
3826;0.00233875;
3827;0.00514383;
3828;0.00226583;
3829;0.00292397;
3830;0.00504;
3831;0.00242282;
3832;0.00281085;
3833;0.00314495;
3834;0.00136637;
3835;0.00395362;
3836;0.0030956;
3837;0.00243923;
3838;0.00599881;
3839;0.00310274;
3840;0.00149708;
3841;0.00457126;
3842;0.00286346;
3843;0.00237099;
3844;0.00403684;
3845;0.00204274;
3846;0.00325481;
3847;0.00512485;
3848;0.00339465;
3849;0.00210559;
3850;0.00312826;
3851;0.00359603;
3852;0.00150929;
3853;0.00166945;
3854;0.00163132;
3855;0.00111913;
3856;0.00264361;
3857;0.00514242;
3858;0.00328044;
3859;0.00409464;
3860;0.00483935;
3861;0.00388904;
3862;0.00208997;
3863;0.00235883;
3864;0.00113533;
3865;0.00268647;
3866;0.0018306;
3867;0.0031805;
3868;0.00563811;
3869;0.00431221;
3870;0.00475264;
3871;0.00410365;
3872;0.00138882;
3873;0.00366446;
3874;0.00283833;
3875;0.00200398;
3876;0.00273316;
3877;0.00231017;
3878;0.00239184;
3879;0.00542779;
3880;0.00220365;
3881;0.00275476;
3882;0.00384784;
3883;0.00247528;
3884;0.00355451;
3885;0.00296251;
3886;0.000774955;
3887;0.00245573;
3888;0.00307676;
3889;0.00242399;
3890;0.00374132;
3891;0.00134487;
3892;0.000843143;
3893;0.00189866;
3894;0.00113105;
3895;0.0034535;
3896;0.00257671;
3897;0.00219008;
3898;0.00261706;
3899;0.00377383;
3900;0.00255111;
3901;0.00267856;
3902;0.000888364;
3903;0.00151807;
3904;0.0017582;
3905;0.00279908;
3906;0.00247723;
3907;0.00207466;
3908;0.00268293;
3909;0.00281897;
3910;0.00249504;
3911;0.00463792;
3912;0.00295092;
3913;0.000822652;
3914;0.00324046;
3915;0.00275716;
3916;0.00158504;
3917;0.00408788;
3918;0.00144071;
3919;0.00146173;
3920;0.00409383;
3921;0.00329964;
3922;0.00168516;
3923;0.0013914;
3924;0.00087132;
3925;0.00157367;
3926;0.0019024;
3927;0.00345501;
3928;0.00240549;
3929;0.000366872;
3930;0.00372092;
3931;0.00386202;
3932;0.000912766;
3933;0.00262764;
3934;0.00132546;
3935;0.00132277;
3936;0.00326526;
3937;0.00285376;
3938;0.0030832;
3939;0.00260034;
3940;0.00111156;
3941;0.00252957;
3942;0.00247399;
3943;0.00179905;
3944;0.00151742;
3945;0.00027944;
3946;0.00263023;
3947;0.00295584;
3948;0.00247686;
3949;0.00391879;
3950;0.00282849;
3951;0.000449076;
3952;0.00360261;
3953;0.00251817;
3954;0.00190216;
3955;0.00332998;
3956;0.00231033;
3957;0.00104301;
3958;0.00305872;
3959;0.00121331;
3960;0.00160673;
3961;0.00158865;
3962;0.00104514;
3963;0.00247657;
3964;0.0016111;
3965;0.000998058;
3966;0.00219651;
3967;0.00185509;
3968;0.00350454;
3969;0.0031491;
3970;0.000160193;
3971;0.00228141;
3972;0.00455452;
3973;0.00154767;
3974;0.00362122;
3975;0.00197514;
3976;0.000178474;
3977;0.00230987;
3978;0.00244779;
3979;0.00347403;
3980;0.00199012;
3981;0.00153571;
3982;0.0023063;
3983;0.00200241;
3984;0.00212951;
3985;0.00232565;
3986;0.00258941;
3987;0.00330024;
3988;0.00167564;
3989;0.00230473;
3990;0.00544892;
3991;0.00254831;
3992;0.00226368;
3993;0.00361749;
3994;0.00329601;
3995;0.00105086;
3996;0.00303317;
3997;0.000465712;
3998;0.000993077;
3999;0.00261387;
