0;6;
1e-05;6.03663;
2e-05;6.07108;
3e-05;6.10332;
4e-05;6.13331;
5e-05;6.161;
6e-05;6.18636;
7e-05;6.20936;
8e-05;6.22996;
9e-05;6.24811;
0.0001;6.26379;
0.00011;6.27697;
0.00012;6.28761;
0.00013;6.29568;
0.00014;6.30115;
0.00015;6.30399;
0.00016;6.30418;
0.00017;6.30168;
0.00018;6.29648;
0.00019;6.28854;
0.0002;6.27785;
0.00021;6.26438;
0.00022;6.24812;
0.00023;6.22903;
0.00024;6.20711;
0.00025;6.18234;
0.00026;6.15471;
0.00027;6.12419;
0.00028;6.09078;
0.00029;6.05446;
0.0003;6.01524;
0.00031;5.97308;
0.00032;5.928;
0.00033;5.87999;
0.00034;5.82903;
0.00035;5.77513;
0.00036;5.71829;
0.00037;5.65851;
0.00038;5.59579;
0.00039;5.53013;
0.0004;5.46153;
0.00041;5.39002;
0.00042;5.31558;
0.00043;5.23824;
0.00044;5.158;
0.00045;5.07487;
0.00046;4.98888;
0.00047;4.90003;
0.00048;4.80834;
0.00049;4.71383;
0.0005;4.61653;
0.00051;4.51644;
0.00052;4.41361;
0.00053;4.30804;
0.00054;4.19978;
0.00055;4.08884;
0.00056;3.97525;
0.00057;3.85906;
0.00058;3.74028;
0.00059;3.61895;
0.0006;3.49511;
0.00061;3.3688;
0.00062;3.24006;
0.00063;3.10891;
0.00064;2.97541;
0.00065;2.8396;
0.00066;2.70152;
0.00067;2.56122;
0.00068;2.41875;
0.00069;2.27414;
0.0007;2.12746;
0.00071;1.97875;
0.00072;1.82807;
0.00073;1.67547;
0.00074;1.521;
0.00075;1.36473;
0.00076;1.2067;
0.00077;1.04697;
0.00078;0.885614;
0.00079;0.722683;
0.0008;0.55824;
0.00081;0.39235;
0.00082;0.225074;
0.00083;0.0564799;
0.00084;-0.113368;
0.00085;-0.284401;
0.00086;-0.456552;
0.00087;-0.629752;
0.00088;-0.80393;
0.00089;-0.979017;
0.0009;-1.15494;
0.00091;-1.33163;
0.00092;-1.50901;
0.00093;-1.687;
0.00094;-1.86554;
0.00095;-2.04455;
0.00096;-2.22395;
0.00097;-2.40366;
0.00098;-2.58361;
0.00099;-2.76372;
0.001;-2.94392;
0.00101;-3.12411;
0.00102;-3.30424;
0.00103;-3.48421;
0.00104;-3.66395;
0.00105;-3.84338;
0.00106;-4.02241;
0.00107;-4.20097;
0.00108;-4.37898;
0.00109;-4.55635;
0.0011;-4.73301;
0.00111;-4.90887;
0.00112;-5.08386;
0.00113;-5.2579;
0.00114;-5.43089;
0.00115;-5.60277;
0.00116;-5.77346;
0.00117;-5.94286;
0.00118;-6.11091;
0.00119;-6.27753;
0.0012;-6.44262;
0.00121;-6.60613;
0.00122;-6.76796;
0.00123;-6.92804;
0.00124;-7.08629;
0.00125;-7.24264;
0.00126;-7.39701;
0.00127;-7.54932;
0.00128;-7.6995;
0.00129;-7.84747;
0.0013;-7.99316;
0.00131;-8.1365;
0.00132;-8.27741;
0.00133;-8.41583;
0.00134;-8.55168;
0.00135;-8.6849;
0.00136;-8.81541;
0.00137;-8.94315;
0.00138;-9.06805;
0.00139;-9.19005;
0.0014;-9.30908;
0.00141;-9.42507;
0.00142;-9.53798;
0.00143;-9.64773;
0.00144;-9.75427;
0.00145;-9.85754;
0.00146;-9.95748;
0.00147;-10.054;
0.00148;-10.1472;
0.00149;-10.2368;
0.0015;-10.3229;
0.00151;-10.4054;
0.00152;-10.4842;
0.00153;-10.5594;
0.00154;-10.6308;
0.00155;-10.6985;
0.00156;-10.7623;
0.00157;-10.8223;
0.00158;-10.8784;
0.00159;-10.9305;
0.0016;-10.9787;
0.00161;-11.0229;
0.00162;-11.063;
0.00163;-11.0991;
0.00164;-11.1311;
0.00165;-11.1589;
0.00166;-11.1827;
0.00167;-11.2022;
0.00168;-11.2176;
0.00169;-11.2287;
0.0017;-11.2356;
0.00171;-11.2383;
0.00172;-11.2367;
0.00173;-11.2309;
0.00174;-11.2208;
0.00175;-11.2064;
0.00176;-11.1877;
0.00177;-11.1647;
0.00178;-11.1374;
0.00179;-11.1058;
0.0018;-11.0699;
0.00181;-11.0297;
0.00182;-10.9853;
0.00183;-10.9365;
0.00184;-10.8835;
0.00185;-10.8263;
0.00186;-10.7648;
0.00187;-10.699;
0.00188;-10.6291;
0.00189;-10.555;
0.0019;-10.4767;
0.00191;-10.3942;
0.00192;-10.3077;
0.00193;-10.217;
0.00194;-10.1223;
0.00195;-10.0236;
0.00196;-9.92085;
0.00197;-9.81414;
0.00198;-9.70351;
0.00199;-9.58899;
0.002;-9.47063;
0.00201;-9.34846;
0.00202;-9.22252;
0.00203;-9.09288;
0.00204;-8.95956;
0.00205;-8.82263;
0.00206;-8.68213;
0.00207;-8.53811;
0.00208;-8.39063;
0.00209;-8.23975;
0.0021;-8.08553;
0.00211;-7.92801;
0.00212;-7.76727;
0.00213;-7.60337;
0.00214;-7.43636;
0.00215;-7.26632;
0.00216;-7.09331;
0.00217;-6.9174;
0.00218;-6.73866;
0.00219;-6.55716;
0.0022;-6.37298;
0.00221;-6.18618;
0.00222;-5.99684;
0.00223;-5.80503;
0.00224;-5.61085;
0.00225;-5.41435;
0.00226;-5.21563;
0.00227;-5.01476;
0.00228;-4.81182;
0.00229;-4.6069;
0.0023;-4.40008;
0.00231;-4.19144;
0.00232;-3.98108;
0.00233;-3.76907;
0.00234;-3.5555;
0.00235;-3.34046;
0.00236;-3.12405;
0.00237;-2.90634;
0.00238;-2.68743;
0.00239;-2.4674;
0.0024;-2.24636;
0.00241;-2.02438;
0.00242;-1.80157;
0.00243;-1.57801;
0.00244;-1.3538;
0.00245;-1.12902;
0.00246;-0.903779;
0.00247;-0.678162;
0.00248;-0.452264;
0.00249;-0.226179;
0.0025;-2.20436e-15;
0.00251;0.226179;
0.00252;0.452264;
0.00253;0.678162;
0.00254;0.903779;
0.00255;1.12902;
0.00256;1.3538;
0.00257;1.57801;
0.00258;1.80157;
0.00259;2.02438;
0.0026;2.24636;
0.00261;2.4674;
0.00262;2.68743;
0.00263;2.90634;
0.00264;3.12405;
0.00265;3.34046;
0.00266;3.5555;
0.00267;3.76907;
0.00268;3.98108;
0.00269;4.19144;
0.0027;4.40008;
0.00271;4.6069;
0.00272;4.81182;
0.00273;5.01476;
0.00274;5.21563;
0.00275;5.41435;
0.00276;5.61085;
0.00277;5.80503;
0.00278;5.99684;
0.00279;6.18618;
0.0028;6.37298;
0.00281;6.55716;
0.00282;6.73866;
0.00283;6.9174;
0.00284;7.09331;
0.00285;7.26632;
0.00286;7.43636;
0.00287;7.60337;
0.00288;7.76727;
0.00289;7.92801;
0.0029;8.08553;
0.00291;8.23975;
0.00292;8.39063;
0.00293;8.53811;
0.00294;8.68213;
0.00295;8.82263;
0.00296;8.95956;
0.00297;9.09288;
0.00298;9.22252;
0.00299;9.34846;
0.003;9.47063;
0.00301;9.58899;
0.00302;9.70351;
0.00303;9.81414;
0.00304;9.92085;
0.00305;10.0236;
0.00306;10.1223;
0.00307;10.217;
0.00308;10.3077;
0.00309;10.3942;
0.0031;10.4767;
0.00311;10.555;
0.00312;10.6291;
0.00313;10.699;
0.00314;10.7648;
0.00315;10.8263;
0.00316;10.8835;
0.00317;10.9365;
0.00318;10.9853;
0.00319;11.0297;
0.0032;11.0699;
0.00321;11.1058;
0.00322;11.1374;
0.00323;11.1647;
0.00324;11.1877;
0.00325;11.2064;
0.00326;11.2208;
0.00327;11.2309;
0.00328;11.2367;
0.00329;11.2383;
0.0033;11.2356;
0.00331;11.2287;
0.00332;11.2176;
0.00333;11.2022;
0.00334;11.1827;
0.00335;11.1589;
0.00336;11.1311;
0.00337;11.0991;
0.00338;11.063;
0.00339;11.0229;
0.0034;10.9787;
0.00341;10.9305;
0.00342;10.8784;
0.00343;10.8223;
0.00344;10.7623;
0.00345;10.6985;
0.00346;10.6308;
0.00347;10.5594;
0.00348;10.4842;
0.00349;10.4054;
0.0035;10.3229;
0.00351;10.2368;
0.00352;10.1472;
0.00353;10.054;
0.00354;9.95748;
0.00355;9.85754;
0.00356;9.75427;
0.00357;9.64773;
0.00358;9.53798;
0.00359;9.42507;
0.0036;9.30908;
0.00361;9.19005;
0.00362;9.06805;
0.00363;8.94315;
0.00364;8.81541;
0.00365;8.6849;
0.00366;8.55168;
0.00367;8.41583;
0.00368;8.27741;
0.00369;8.1365;
0.0037;7.99316;
0.00371;7.84747;
0.00372;7.6995;
0.00373;7.54932;
0.00374;7.39701;
0.00375;7.24264;
0.00376;7.08629;
0.00377;6.92804;
0.00378;6.76796;
0.00379;6.60613;
0.0038;6.44262;
0.00381;6.27753;
0.00382;6.11091;
0.00383;5.94286;
0.00384;5.77346;
0.00385;5.60277;
0.00386;5.43089;
0.00387;5.2579;
0.00388;5.08386;
0.00389;4.90887;
0.0039;4.73301;
0.00391;4.55635;
0.00392;4.37898;
0.00393;4.20097;
0.00394;4.02241;
0.00395;3.84338;
0.00396;3.66395;
0.00397;3.48421;
0.00398;3.30424;
0.00399;3.12411;
0.004;2.94392;
0.00401;2.76372;
0.00402;2.58361;
0.00403;2.40366;
0.00404;2.22395;
0.00405;2.04455;
0.00406;1.86554;
0.00407;1.687;
0.00408;1.50901;
0.00409;1.33163;
0.0041;1.15494;
0.00411;0.979017;
0.00412;0.80393;
0.00413;0.629752;
0.00414;0.456552;
0.00415;0.284401;
0.00416;0.113368;
0.00417;-0.0564799;
0.00418;-0.225074;
0.00419;-0.39235;
0.0042;-0.55824;
0.00421;-0.722683;
0.00422;-0.885614;
0.00423;-1.04697;
0.00424;-1.2067;
0.00425;-1.36473;
0.00426;-1.521;
0.00427;-1.67547;
0.00428;-1.82807;
0.00429;-1.97875;
0.0043;-2.12746;
0.00431;-2.27414;
0.00432;-2.41875;
0.00433;-2.56122;
0.00434;-2.70152;
0.00435;-2.8396;
0.00436;-2.97541;
0.00437;-3.10891;
0.00438;-3.24006;
0.00439;-3.3688;
0.0044;-3.49511;
0.00441;-3.61895;
0.00442;-3.74028;
0.00443;-3.85906;
0.00444;-3.97525;
0.00445;-4.08884;
0.00446;-4.19978;
0.00447;-4.30804;
0.00448;-4.41361;
0.00449;-4.51644;
0.0045;-4.61653;
0.00451;-4.71383;
0.00452;-4.80834;
0.00453;-4.90003;
0.00454;-4.98888;
0.00455;-5.07487;
0.00456;-5.158;
0.00457;-5.23824;
0.00458;-5.31558;
0.00459;-5.39002;
0.0046;-5.46153;
0.00461;-5.53013;
0.00462;-5.59579;
0.00463;-5.65851;
0.00464;-5.71829;
0.00465;-5.77513;
0.00466;-5.82903;
0.00467;-5.87999;
0.00468;-5.928;
0.00469;-5.97308;
0.0047;-6.01524;
0.00471;-6.05446;
0.00472;-6.09078;
0.00473;-6.12419;
0.00474;-6.15471;
0.00475;-6.18234;
0.00476;-6.20711;
0.00477;-6.22903;
0.00478;-6.24812;
0.00479;-6.26438;
0.0048;-6.27785;
0.00481;-6.28854;
0.00482;-6.29648;
0.00483;-6.30168;
0.00484;-6.30418;
0.00485;-6.30399;
0.00486;-6.30115;
0.00487;-6.29568;
0.00488;-6.28761;
0.00489;-6.27697;
0.0049;-6.26379;
0.00491;-6.24811;
0.00492;-6.22996;
0.00493;-6.20936;
0.00494;-6.18636;
0.00495;-6.161;
0.00496;-6.13331;
0.00497;-6.10332;
0.00498;-6.07108;
0.00499;-6.03663;
0.005;-6;
0.00501;-5.96124;
0.00502;-5.92039;
0.00503;-5.8775;
0.00504;-5.8326;
0.00505;-5.78574;
0.00506;-5.73697;
0.00507;-5.68633;
0.00508;-5.63387;
0.00509;-5.57962;
0.0051;-5.52365;
0.00511;-5.466;
0.00512;-5.40671;
0.00513;-5.34584;
0.00514;-5.28343;
0.00515;-5.21953;
0.00516;-5.1542;
0.00517;-5.08747;
0.00518;-5.01941;
0.00519;-4.95006;
0.0052;-4.87947;
0.00521;-4.80769;
0.00522;-4.73478;
0.00523;-4.66078;
0.00524;-4.58575;
0.00525;-4.50973;
0.00526;-4.43279;
0.00527;-4.35496;
0.00528;-4.2763;
0.00529;-4.19686;
0.0053;-4.1167;
0.00531;-4.03586;
0.00532;-3.95439;
0.00533;-3.87234;
0.00534;-3.78977;
0.00535;-3.70673;
0.00536;-3.62326;
0.00537;-3.53941;
0.00538;-3.45523;
0.00539;-3.37077;
0.0054;-3.28609;
0.00541;-3.20122;
0.00542;-3.11622;
0.00543;-3.03113;
0.00544;-2.946;
0.00545;-2.86087;
0.00546;-2.7758;
0.00547;-2.69082;
0.00548;-2.60598;
0.00549;-2.52132;
0.0055;-2.4369;
0.00551;-2.35274;
0.00552;-2.2689;
0.00553;-2.18541;
0.00554;-2.10232;
0.00555;-2.01966;
0.00556;-1.93747;
0.00557;-1.8558;
0.00558;-1.77468;
0.00559;-1.69415;
0.0056;-1.61424;
0.00561;-1.53499;
0.00562;-1.45643;
0.00563;-1.3786;
0.00564;-1.30153;
0.00565;-1.22525;
0.00566;-1.1498;
0.00567;-1.0752;
0.00568;-1.00149;
0.00569;-0.928682;
0.0057;-0.856817;
0.00571;-0.785919;
0.00572;-0.716013;
0.00573;-0.647123;
0.00574;-0.579274;
0.00575;-0.512488;
0.00576;-0.446788;
0.00577;-0.382194;
0.00578;-0.318726;
0.00579;-0.256404;
0.0058;-0.195246;
0.00581;-0.135268;
0.00582;-0.0764869;
0.00583;-0.0189179;
0.00584;0.0374249;
0.00585;0.0925283;
0.00586;0.14638;
0.00587;0.198969;
0.00588;0.250284;
0.00589;0.300316;
0.0059;0.349058;
0.00591;0.396501;
0.00592;0.442639;
0.00593;0.487466;
0.00594;0.530978;
0.00595;0.573171;
0.00596;0.614043;
0.00597;0.653591;
0.00598;0.691814;
0.00599;0.728713;
0.006;0.764288;
0.00601;0.798541;
0.00602;0.831475;
0.00603;0.863093;
0.00604;0.893399;
0.00605;0.922399;
0.00606;0.950098;
0.00607;0.976503;
0.00608;1.00162;
0.00609;1.02546;
0.0061;1.04803;
0.00611;1.06935;
0.00612;1.08941;
0.00613;1.10824;
0.00614;1.12584;
0.00615;1.14223;
0.00616;1.15741;
0.00617;1.17142;
0.00618;1.18425;
0.00619;1.19593;
0.0062;1.20646;
0.00621;1.21588;
0.00622;1.22418;
0.00623;1.2314;
0.00624;1.23755;
0.00625;1.24264;
0.00626;1.2467;
0.00627;1.24975;
0.00628;1.2518;
0.00629;1.25288;
0.0063;1.253;
0.00631;1.25219;
0.00632;1.25047;
0.00633;1.24786;
0.00634;1.24439;
0.00635;1.24007;
0.00636;1.23493;
0.00637;1.22899;
0.00638;1.22227;
0.00639;1.2148;
0.0064;1.2066;
0.00641;1.1977;
0.00642;1.18812;
0.00643;1.17788;
0.00644;1.167;
0.00645;1.15552;
0.00646;1.14345;
0.00647;1.13082;
0.00648;1.11765;
0.00649;1.10398;
0.0065;1.08981;
0.00651;1.07519;
0.00652;1.06012;
0.00653;1.04464;
0.00654;1.02877;
0.00655;1.01253;
0.00656;0.995949;
0.00657;0.979049;
0.00658;0.961853;
0.00659;0.944385;
0.0066;0.926667;
0.00661;0.908724;
0.00662;0.890576;
0.00663;0.872248;
0.00664;0.85376;
0.00665;0.835136;
0.00666;0.816395;
0.00667;0.79756;
0.00668;0.778651;
0.00669;0.75969;
0.0067;0.740695;
0.00671;0.721688;
0.00672;0.702687;
0.00673;0.683711;
0.00674;0.664779;
0.00675;0.64591;
0.00676;0.62712;
0.00677;0.608427;
0.00678;0.589848;
0.00679;0.5714;
0.0068;0.553097;
0.00681;0.534957;
0.00682;0.516992;
0.00683;0.499219;
0.00684;0.48165;
0.00685;0.464299;
0.00686;0.447178;
0.00687;0.430301;
0.00688;0.413678;
0.00689;0.397321;
0.0069;0.381241;
0.00691;0.365447;
0.00692;0.349949;
0.00693;0.334756;
0.00694;0.319877;
0.00695;0.305318;
0.00696;0.291088;
0.00697;0.277193;
0.00698;0.26364;
0.00699;0.250432;
0.007;0.237577;
0.00701;0.225077;
0.00702;0.212937;
0.00703;0.20116;
0.00704;0.189749;
0.00705;0.178705;
0.00706;0.168031;
0.00707;0.157727;
0.00708;0.147793;
0.00709;0.138231;
0.0071;0.129038;
0.00711;0.120214;
0.00712;0.111757;
0.00713;0.103665;
0.00714;0.0959356;
0.00715;0.0885647;
0.00716;0.081549;
0.00717;0.0748842;
0.00718;0.0685656;
0.00719;0.062588;
0.0072;0.0569458;
0.00721;0.0516328;
0.00722;0.0466426;
0.00723;0.041968;
0.00724;0.0376019;
0.00725;0.0335363;
0.00726;0.029763;
0.00727;0.0262735;
0.00728;0.0230589;
0.00729;0.0201098;
0.0073;0.0174166;
0.00731;0.0149693;
0.00732;0.0127577;
0.00733;0.010771;
0.00734;0.00899855;
0.00735;0.00742903;
0.00736;0.00605109;
0.00737;0.00485306;
0.00738;0.00382305;
0.00739;0.00294897;
0.0074;0.00221853;
0.00741;0.00161923;
0.00742;0.00113845;
0.00743;0.000763388;
0.00744;0.000481125;
0.00745;0.000278621;
0.00746;0.000142734;
0.00747;6.02423e-05;
0.00748;1.78552e-05;
0.00749;2.23231e-06;
0.0075;0;
0.00751;-2.23231e-06;
0.00752;-1.78552e-05;
0.00753;-6.02423e-05;
0.00754;-0.000142734;
0.00755;-0.000278621;
0.00756;-0.000481125;
0.00757;-0.000763388;
0.00758;-0.00113845;
0.00759;-0.00161923;
0.0076;-0.00221853;
0.00761;-0.00294897;
0.00762;-0.00382305;
0.00763;-0.00485306;
0.00764;-0.00605109;
0.00765;-0.00742903;
0.00766;-0.00899855;
0.00767;-0.010771;
0.00768;-0.0127577;
0.00769;-0.0149693;
0.0077;-0.0174166;
0.00771;-0.0201098;
0.00772;-0.0230589;
0.00773;-0.0262735;
0.00774;-0.029763;
0.00775;-0.0335363;
0.00776;-0.0376019;
0.00777;-0.041968;
0.00778;-0.0466426;
0.00779;-0.0516328;
0.0078;-0.0569458;
0.00781;-0.062588;
0.00782;-0.0685656;
0.00783;-0.0748842;
0.00784;-0.081549;
0.00785;-0.0885647;
0.00786;-0.0959356;
0.00787;-0.103665;
0.00788;-0.111757;
0.00789;-0.120214;
0.0079;-0.129038;
0.00791;-0.138231;
0.00792;-0.147793;
0.00793;-0.157727;
0.00794;-0.168031;
0.00795;-0.178705;
0.00796;-0.189749;
0.00797;-0.20116;
0.00798;-0.212937;
0.00799;-0.225077;
0.008;-0.237577;
0.00801;-0.250432;
0.00802;-0.26364;
0.00803;-0.277193;
0.00804;-0.291088;
0.00805;-0.305318;
0.00806;-0.319877;
0.00807;-0.334756;
0.00808;-0.349949;
0.00809;-0.365447;
0.0081;-0.381241;
0.00811;-0.397321;
0.00812;-0.413678;
0.00813;-0.430301;
0.00814;-0.447178;
0.00815;-0.464299;
0.00816;-0.48165;
0.00817;-0.499219;
0.00818;-0.516992;
0.00819;-0.534957;
0.0082;-0.553097;
0.00821;-0.5714;
0.00822;-0.589848;
0.00823;-0.608427;
0.00824;-0.62712;
0.00825;-0.64591;
0.00826;-0.664779;
0.00827;-0.683711;
0.00828;-0.702687;
0.00829;-0.721688;
0.0083;-0.740695;
0.00831;-0.75969;
0.00832;-0.778651;
0.00833;-0.79756;
0.00834;-0.816395;
0.00835;-0.835136;
0.00836;-0.85376;
0.00837;-0.872248;
0.00838;-0.890576;
0.00839;-0.908724;
0.0084;-0.926667;
0.00841;-0.944385;
0.00842;-0.961853;
0.00843;-0.979049;
0.00844;-0.995949;
0.00845;-1.01253;
0.00846;-1.02877;
0.00847;-1.04464;
0.00848;-1.06012;
0.00849;-1.07519;
0.0085;-1.08981;
0.00851;-1.10398;
0.00852;-1.11765;
0.00853;-1.13082;
0.00854;-1.14345;
0.00855;-1.15552;
0.00856;-1.167;
0.00857;-1.17788;
0.00858;-1.18812;
0.00859;-1.1977;
0.0086;-1.2066;
0.00861;-1.2148;
0.00862;-1.22227;
0.00863;-1.22899;
0.00864;-1.23493;
0.00865;-1.24007;
0.00866;-1.24439;
0.00867;-1.24786;
0.00868;-1.25047;
0.00869;-1.25219;
0.0087;-1.253;
0.00871;-1.25288;
0.00872;-1.2518;
0.00873;-1.24975;
0.00874;-1.2467;
0.00875;-1.24264;
0.00876;-1.23755;
0.00877;-1.2314;
0.00878;-1.22418;
0.00879;-1.21588;
0.0088;-1.20646;
0.00881;-1.19593;
0.00882;-1.18425;
0.00883;-1.17142;
0.00884;-1.15741;
0.00885;-1.14223;
0.00886;-1.12584;
0.00887;-1.10824;
0.00888;-1.08941;
0.00889;-1.06935;
0.0089;-1.04803;
0.00891;-1.02546;
0.00892;-1.00162;
0.00893;-0.976503;
0.00894;-0.950098;
0.00895;-0.922399;
0.00896;-0.893399;
0.00897;-0.863093;
0.00898;-0.831475;
0.00899;-0.798541;
0.009;-0.764288;
0.00901;-0.728713;
0.00902;-0.691814;
0.00903;-0.653591;
0.00904;-0.614043;
0.00905;-0.573171;
0.00906;-0.530978;
0.00907;-0.487466;
0.00908;-0.442639;
0.00909;-0.396501;
0.0091;-0.349058;
0.00911;-0.300316;
0.00912;-0.250284;
0.00913;-0.198969;
0.00914;-0.14638;
0.00915;-0.0925283;
0.00916;-0.0374249;
0.00917;0.0189179;
0.00918;0.0764869;
0.00919;0.135268;
0.0092;0.195246;
0.00921;0.256404;
0.00922;0.318726;
0.00923;0.382194;
0.00924;0.446788;
0.00925;0.512488;
0.00926;0.579274;
0.00927;0.647123;
0.00928;0.716013;
0.00929;0.785919;
0.0093;0.856817;
0.00931;0.928682;
0.00932;1.00149;
0.00933;1.0752;
0.00934;1.1498;
0.00935;1.22525;
0.00936;1.30153;
0.00937;1.3786;
0.00938;1.45643;
0.00939;1.53499;
0.0094;1.61424;
0.00941;1.69415;
0.00942;1.77468;
0.00943;1.8558;
0.00944;1.93747;
0.00945;2.01966;
0.00946;2.10232;
0.00947;2.18541;
0.00948;2.2689;
0.00949;2.35274;
0.0095;2.4369;
0.00951;2.52132;
0.00952;2.60598;
0.00953;2.69082;
0.00954;2.7758;
0.00955;2.86087;
0.00956;2.946;
0.00957;3.03113;
0.00958;3.11622;
0.00959;3.20122;
0.0096;3.28609;
0.00961;3.37077;
0.00962;3.45523;
0.00963;3.53941;
0.00964;3.62326;
0.00965;3.70673;
0.00966;3.78977;
0.00967;3.87234;
0.00968;3.95439;
0.00969;4.03586;
0.0097;4.1167;
0.00971;4.19686;
0.00972;4.2763;
0.00973;4.35496;
0.00974;4.43279;
0.00975;4.50973;
0.00976;4.58575;
0.00977;4.66078;
0.00978;4.73478;
0.00979;4.80769;
0.0098;4.87947;
0.00981;4.95006;
0.00982;5.01941;
0.00983;5.08747;
0.00984;5.1542;
0.00985;5.21953;
0.00986;5.28343;
0.00987;5.34584;
0.00988;5.40671;
0.00989;5.466;
0.0099;5.52365;
0.00991;5.57962;
0.00992;5.63387;
0.00993;5.68633;
0.00994;5.73697;
0.00995;5.78574;
0.00996;5.8326;
0.00997;5.8775;
0.00998;5.92039;
0.00999;5.96124;
0.01;6;
0.01001;6.03663;
0.01002;6.07108;
0.01003;6.10332;
0.01004;6.13331;
0.01005;6.161;
0.01006;6.18636;
0.01007;6.20936;
0.01008;6.22996;
0.01009;6.24811;
0.0101;6.26379;
0.01011;6.27697;
0.01012;6.28761;
0.01013;6.29568;
0.01014;6.30115;
0.01015;6.30399;
0.01016;6.30418;
0.01017;6.30168;
0.01018;6.29648;
0.01019;6.28854;
0.0102;6.27785;
0.01021;6.26438;
0.01022;6.24812;
0.01023;6.22903;
0.01024;6.20711;
0.01025;6.18234;
0.01026;6.15471;
0.01027;6.12419;
0.01028;6.09078;
0.01029;6.05446;
0.0103;6.01524;
0.01031;5.97308;
0.01032;5.928;
0.01033;5.87999;
0.01034;5.82903;
0.01035;5.77513;
0.01036;5.71829;
0.01037;5.65851;
0.01038;5.59579;
0.01039;5.53013;
0.0104;5.46153;
0.01041;5.39002;
0.01042;5.31558;
0.01043;5.23824;
0.01044;5.158;
0.01045;5.07487;
0.01046;4.98888;
0.01047;4.90003;
0.01048;4.80834;
0.01049;4.71383;
0.0105;4.61653;
0.01051;4.51644;
0.01052;4.41361;
0.01053;4.30804;
0.01054;4.19978;
0.01055;4.08884;
0.01056;3.97525;
0.01057;3.85906;
0.01058;3.74028;
0.01059;3.61895;
0.0106;3.49511;
0.01061;3.3688;
0.01062;3.24006;
0.01063;3.10891;
0.01064;2.97541;
0.01065;2.8396;
0.01066;2.70152;
0.01067;2.56122;
0.01068;2.41875;
0.01069;2.27414;
0.0107;2.12746;
0.01071;1.97875;
0.01072;1.82807;
0.01073;1.67547;
0.01074;1.521;
0.01075;1.36473;
0.01076;1.2067;
0.01077;1.04697;
0.01078;0.885614;
0.01079;0.722683;
0.0108;0.55824;
0.01081;0.39235;
0.01082;0.225074;
0.01083;0.0564799;
0.01084;-0.113368;
0.01085;-0.284401;
0.01086;-0.456552;
0.01087;-0.629752;
0.01088;-0.80393;
0.01089;-0.979017;
0.0109;-1.15494;
0.01091;-1.33163;
0.01092;-1.50901;
0.01093;-1.687;
0.01094;-1.86554;
0.01095;-2.04455;
0.01096;-2.22395;
0.01097;-2.40366;
0.01098;-2.58361;
0.01099;-2.76372;
0.011;-2.94392;
0.01101;-3.12411;
0.01102;-3.30424;
0.01103;-3.48421;
0.01104;-3.66395;
0.01105;-3.84338;
0.01106;-4.02241;
0.01107;-4.20097;
0.01108;-4.37898;
0.01109;-4.55635;
0.0111;-4.73301;
0.01111;-4.90887;
0.01112;-5.08386;
0.01113;-5.2579;
0.01114;-5.43089;
0.01115;-5.60277;
0.01116;-5.77346;
0.01117;-5.94286;
0.01118;-6.11091;
0.01119;-6.27753;
0.0112;-6.44262;
0.01121;-6.60613;
0.01122;-6.76796;
0.01123;-6.92804;
0.01124;-7.08629;
0.01125;-7.24264;
0.01126;-7.39701;
0.01127;-7.54932;
0.01128;-7.6995;
0.01129;-7.84747;
0.0113;-7.99316;
0.01131;-8.1365;
0.01132;-8.27741;
0.01133;-8.41583;
0.01134;-8.55168;
0.01135;-8.6849;
0.01136;-8.81541;
0.01137;-8.94315;
0.01138;-9.06805;
0.01139;-9.19005;
0.0114;-9.30908;
0.01141;-9.42507;
0.01142;-9.53798;
0.01143;-9.64773;
0.01144;-9.75427;
0.01145;-9.85754;
0.01146;-9.95748;
0.01147;-10.054;
0.01148;-10.1472;
0.01149;-10.2368;
0.0115;-10.3229;
0.01151;-10.4054;
0.01152;-10.4842;
0.01153;-10.5594;
0.01154;-10.6308;
0.01155;-10.6985;
0.01156;-10.7623;
0.01157;-10.8223;
0.01158;-10.8784;
0.01159;-10.9305;
0.0116;-10.9787;
0.01161;-11.0229;
0.01162;-11.063;
0.01163;-11.0991;
0.01164;-11.1311;
0.01165;-11.1589;
0.01166;-11.1827;
0.01167;-11.2022;
0.01168;-11.2176;
0.01169;-11.2287;
0.0117;-11.2356;
0.01171;-11.2383;
0.01172;-11.2367;
0.01173;-11.2309;
0.01174;-11.2208;
0.01175;-11.2064;
0.01176;-11.1877;
0.01177;-11.1647;
0.01178;-11.1374;
0.01179;-11.1058;
0.0118;-11.0699;
0.01181;-11.0297;
0.01182;-10.9853;
0.01183;-10.9365;
0.01184;-10.8835;
0.01185;-10.8263;
0.01186;-10.7648;
0.01187;-10.699;
0.01188;-10.6291;
0.01189;-10.555;
0.0119;-10.4767;
0.01191;-10.3942;
0.01192;-10.3077;
0.01193;-10.217;
0.01194;-10.1223;
0.01195;-10.0236;
0.01196;-9.92085;
0.01197;-9.81414;
0.01198;-9.70351;
0.01199;-9.58899;
0.012;-9.47063;
0.01201;-9.34846;
0.01202;-9.22252;
0.01203;-9.09288;
0.01204;-8.95956;
0.01205;-8.82263;
0.01206;-8.68213;
0.01207;-8.53811;
0.01208;-8.39063;
0.01209;-8.23975;
0.0121;-8.08553;
0.01211;-7.92801;
0.01212;-7.76727;
0.01213;-7.60337;
0.01214;-7.43636;
0.01215;-7.26632;
0.01216;-7.09331;
0.01217;-6.9174;
0.01218;-6.73866;
0.01219;-6.55716;
0.0122;-6.37298;
0.01221;-6.18618;
0.01222;-5.99684;
0.01223;-5.80503;
0.01224;-5.61085;
0.01225;-5.41435;
0.01226;-5.21563;
0.01227;-5.01476;
0.01228;-4.81182;
0.01229;-4.6069;
0.0123;-4.40008;
0.01231;-4.19144;
0.01232;-3.98108;
0.01233;-3.76907;
0.01234;-3.5555;
0.01235;-3.34046;
0.01236;-3.12405;
0.01237;-2.90634;
0.01238;-2.68743;
0.01239;-2.4674;
0.0124;-2.24636;
0.01241;-2.02438;
0.01242;-1.80157;
0.01243;-1.57801;
0.01244;-1.3538;
0.01245;-1.12902;
0.01246;-0.903779;
0.01247;-0.678162;
0.01248;-0.452264;
0.01249;-0.226179;
0.0125;1.02945e-14;
0.01251;0.226179;
0.01252;0.452264;
0.01253;0.678162;
0.01254;0.903779;
0.01255;1.12902;
0.01256;1.3538;
0.01257;1.57801;
0.01258;1.80157;
0.01259;2.02438;
0.0126;2.24636;
0.01261;2.4674;
0.01262;2.68743;
0.01263;2.90634;
0.01264;3.12405;
0.01265;3.34046;
0.01266;3.5555;
0.01267;3.76907;
0.01268;3.98108;
0.01269;4.19144;
0.0127;4.40008;
0.01271;4.6069;
0.01272;4.81182;
0.01273;5.01476;
0.01274;5.21563;
0.01275;5.41435;
0.01276;5.61085;
0.01277;5.80503;
0.01278;5.99684;
0.01279;6.18618;
0.0128;6.37298;
0.01281;6.55716;
0.01282;6.73866;
0.01283;6.9174;
0.01284;7.09331;
0.01285;7.26632;
0.01286;7.43636;
0.01287;7.60337;
0.01288;7.76727;
0.01289;7.92801;
0.0129;8.08553;
0.01291;8.23975;
0.01292;8.39063;
0.01293;8.53811;
0.01294;8.68213;
0.01295;8.82263;
0.01296;8.95956;
0.01297;9.09288;
0.01298;9.22252;
0.01299;9.34846;
0.013;9.47063;
0.01301;9.58899;
0.01302;9.70351;
0.01303;9.81414;
0.01304;9.92085;
0.01305;10.0236;
0.01306;10.1223;
0.01307;10.217;
0.01308;10.3077;
0.01309;10.3942;
0.0131;10.4767;
0.01311;10.555;
0.01312;10.6291;
0.01313;10.699;
0.01314;10.7648;
0.01315;10.8263;
0.01316;10.8835;
0.01317;10.9365;
0.01318;10.9853;
0.01319;11.0297;
0.0132;11.0699;
0.01321;11.1058;
0.01322;11.1374;
0.01323;11.1647;
0.01324;11.1877;
0.01325;11.2064;
0.01326;11.2208;
0.01327;11.2309;
0.01328;11.2367;
0.01329;11.2383;
0.0133;11.2356;
0.01331;11.2287;
0.01332;11.2176;
0.01333;11.2022;
0.01334;11.1827;
0.01335;11.1589;
0.01336;11.1311;
0.01337;11.0991;
0.01338;11.063;
0.01339;11.0229;
0.0134;10.9787;
0.01341;10.9305;
0.01342;10.8784;
0.01343;10.8223;
0.01344;10.7623;
0.01345;10.6985;
0.01346;10.6308;
0.01347;10.5594;
0.01348;10.4842;
0.01349;10.4054;
0.0135;10.3229;
0.01351;10.2368;
0.01352;10.1472;
0.01353;10.054;
0.01354;9.95748;
0.01355;9.85754;
0.01356;9.75427;
0.01357;9.64773;
0.01358;9.53798;
0.01359;9.42507;
0.0136;9.30908;
0.01361;9.19005;
0.01362;9.06805;
0.01363;8.94315;
0.01364;8.81541;
0.01365;8.6849;
0.01366;8.55168;
0.01367;8.41583;
0.01368;8.27741;
0.01369;8.1365;
0.0137;7.99316;
0.01371;7.84747;
0.01372;7.6995;
0.01373;7.54932;
0.01374;7.39701;
0.01375;7.24264;
0.01376;7.08629;
0.01377;6.92804;
0.01378;6.76796;
0.01379;6.60613;
0.0138;6.44262;
0.01381;6.27753;
0.01382;6.11091;
0.01383;5.94286;
0.01384;5.77346;
0.01385;5.60277;
0.01386;5.43089;
0.01387;5.2579;
0.01388;5.08386;
0.01389;4.90887;
0.0139;4.73301;
0.01391;4.55635;
0.01392;4.37898;
0.01393;4.20097;
0.01394;4.02241;
0.01395;3.84338;
0.01396;3.66395;
0.01397;3.48421;
0.01398;3.30424;
0.01399;3.12411;
0.014;2.94392;
0.01401;2.76372;
0.01402;2.58361;
0.01403;2.40366;
0.01404;2.22395;
0.01405;2.04455;
0.01406;1.86554;
0.01407;1.687;
0.01408;1.50901;
0.01409;1.33163;
0.0141;1.15494;
0.01411;0.979017;
0.01412;0.80393;
0.01413;0.629752;
0.01414;0.456552;
0.01415;0.284401;
0.01416;0.113368;
0.01417;-0.0564799;
0.01418;-0.225074;
0.01419;-0.39235;
0.0142;-0.55824;
0.01421;-0.722683;
0.01422;-0.885614;
0.01423;-1.04697;
0.01424;-1.2067;
0.01425;-1.36473;
0.01426;-1.521;
0.01427;-1.67547;
0.01428;-1.82807;
0.01429;-1.97875;
0.0143;-2.12746;
0.01431;-2.27414;
0.01432;-2.41875;
0.01433;-2.56122;
0.01434;-2.70152;
0.01435;-2.8396;
0.01436;-2.97541;
0.01437;-3.10891;
0.01438;-3.24006;
0.01439;-3.3688;
0.0144;-3.49511;
0.01441;-3.61895;
0.01442;-3.74028;
0.01443;-3.85906;
0.01444;-3.97525;
0.01445;-4.08884;
0.01446;-4.19978;
0.01447;-4.30804;
0.01448;-4.41361;
0.01449;-4.51644;
0.0145;-4.61653;
0.01451;-4.71383;
0.01452;-4.80834;
0.01453;-4.90003;
0.01454;-4.98888;
0.01455;-5.07487;
0.01456;-5.158;
0.01457;-5.23824;
0.01458;-5.31558;
0.01459;-5.39002;
0.0146;-5.46153;
0.01461;-5.53013;
0.01462;-5.59579;
0.01463;-5.65851;
0.01464;-5.71829;
0.01465;-5.77513;
0.01466;-5.82903;
0.01467;-5.87999;
0.01468;-5.928;
0.01469;-5.97308;
0.0147;-6.01524;
0.01471;-6.05446;
0.01472;-6.09078;
0.01473;-6.12419;
0.01474;-6.15471;
0.01475;-6.18234;
0.01476;-6.20711;
0.01477;-6.22903;
0.01478;-6.24812;
0.01479;-6.26438;
0.0148;-6.27785;
0.01481;-6.28854;
0.01482;-6.29648;
0.01483;-6.30168;
0.01484;-6.30418;
0.01485;-6.30399;
0.01486;-6.30115;
0.01487;-6.29568;
0.01488;-6.28761;
0.01489;-6.27697;
0.0149;-6.26379;
0.01491;-6.24811;
0.01492;-6.22996;
0.01493;-6.20936;
0.01494;-6.18636;
0.01495;-6.161;
0.01496;-6.13331;
0.01497;-6.10332;
0.01498;-6.07108;
0.01499;-6.03663;
0.015;-6;
0.01501;-5.96124;
0.01502;-5.92039;
0.01503;-5.8775;
0.01504;-5.8326;
0.01505;-5.78574;
0.01506;-5.73697;
0.01507;-5.68633;
0.01508;-5.63387;
0.01509;-5.57962;
0.0151;-5.52365;
0.01511;-5.466;
0.01512;-5.40671;
0.01513;-5.34584;
0.01514;-5.28343;
0.01515;-5.21953;
0.01516;-5.1542;
0.01517;-5.08747;
0.01518;-5.01941;
0.01519;-4.95006;
0.0152;-4.87947;
0.01521;-4.80769;
0.01522;-4.73478;
0.01523;-4.66078;
0.01524;-4.58575;
0.01525;-4.50973;
0.01526;-4.43279;
0.01527;-4.35496;
0.01528;-4.2763;
0.01529;-4.19686;
0.0153;-4.1167;
0.01531;-4.03586;
0.01532;-3.95439;
0.01533;-3.87234;
0.01534;-3.78977;
0.01535;-3.70673;
0.01536;-3.62326;
0.01537;-3.53941;
0.01538;-3.45523;
0.01539;-3.37077;
0.0154;-3.28609;
0.01541;-3.20122;
0.01542;-3.11622;
0.01543;-3.03113;
0.01544;-2.946;
0.01545;-2.86087;
0.01546;-2.7758;
0.01547;-2.69082;
0.01548;-2.60598;
0.01549;-2.52132;
0.0155;-2.4369;
0.01551;-2.35274;
0.01552;-2.2689;
0.01553;-2.18541;
0.01554;-2.10232;
0.01555;-2.01966;
0.01556;-1.93747;
0.01557;-1.8558;
0.01558;-1.77468;
0.01559;-1.69415;
0.0156;-1.61424;
0.01561;-1.53499;
0.01562;-1.45643;
0.01563;-1.3786;
0.01564;-1.30153;
0.01565;-1.22525;
0.01566;-1.1498;
0.01567;-1.0752;
0.01568;-1.00149;
0.01569;-0.928682;
0.0157;-0.856817;
0.01571;-0.785919;
0.01572;-0.716013;
0.01573;-0.647123;
0.01574;-0.579274;
0.01575;-0.512488;
0.01576;-0.446788;
0.01577;-0.382194;
0.01578;-0.318726;
0.01579;-0.256404;
0.0158;-0.195246;
0.01581;-0.135268;
0.01582;-0.0764869;
0.01583;-0.0189179;
0.01584;0.0374249;
0.01585;0.0925283;
0.01586;0.14638;
0.01587;0.198969;
0.01588;0.250284;
0.01589;0.300316;
0.0159;0.349058;
0.01591;0.396501;
0.01592;0.442639;
0.01593;0.487466;
0.01594;0.530978;
0.01595;0.573171;
0.01596;0.614043;
0.01597;0.653591;
0.01598;0.691814;
0.01599;0.728713;
0.016;0.764288;
0.01601;0.798541;
0.01602;0.831475;
0.01603;0.863093;
0.01604;0.893399;
0.01605;0.922399;
0.01606;0.950098;
0.01607;0.976503;
0.01608;1.00162;
0.01609;1.02546;
0.0161;1.04803;
0.01611;1.06935;
0.01612;1.08941;
0.01613;1.10824;
0.01614;1.12584;
0.01615;1.14223;
0.01616;1.15741;
0.01617;1.17142;
0.01618;1.18425;
0.01619;1.19593;
0.0162;1.20646;
0.01621;1.21588;
0.01622;1.22418;
0.01623;1.2314;
0.01624;1.23755;
0.01625;1.24264;
0.01626;1.2467;
0.01627;1.24975;
0.01628;1.2518;
0.01629;1.25288;
0.0163;1.253;
0.01631;1.25219;
0.01632;1.25047;
0.01633;1.24786;
0.01634;1.24439;
0.01635;1.24007;
0.01636;1.23493;
0.01637;1.22899;
0.01638;1.22227;
0.01639;1.2148;
0.0164;1.2066;
0.01641;1.1977;
0.01642;1.18812;
0.01643;1.17788;
0.01644;1.167;
0.01645;1.15552;
0.01646;1.14345;
0.01647;1.13082;
0.01648;1.11765;
0.01649;1.10398;
0.0165;1.08981;
0.01651;1.07519;
0.01652;1.06012;
0.01653;1.04464;
0.01654;1.02877;
0.01655;1.01253;
0.01656;0.995949;
0.01657;0.979049;
0.01658;0.961853;
0.01659;0.944385;
0.0166;0.926667;
0.01661;0.908724;
0.01662;0.890576;
0.01663;0.872248;
0.01664;0.85376;
0.01665;0.835136;
0.01666;0.816395;
0.01667;0.79756;
0.01668;0.778651;
0.01669;0.75969;
0.0167;0.740695;
0.01671;0.721688;
0.01672;0.702687;
0.01673;0.683711;
0.01674;0.664779;
0.01675;0.64591;
0.01676;0.62712;
0.01677;0.608427;
0.01678;0.589848;
0.01679;0.5714;
0.0168;0.553097;
0.01681;0.534957;
0.01682;0.516992;
0.01683;0.499219;
0.01684;0.48165;
0.01685;0.464299;
0.01686;0.447178;
0.01687;0.430301;
0.01688;0.413678;
0.01689;0.397321;
0.0169;0.381241;
0.01691;0.365447;
0.01692;0.349949;
0.01693;0.334756;
0.01694;0.319877;
0.01695;0.305318;
0.01696;0.291088;
0.01697;0.277193;
0.01698;0.26364;
0.01699;0.250432;
0.017;0.237577;
0.01701;0.225077;
0.01702;0.212937;
0.01703;0.20116;
0.01704;0.189749;
0.01705;0.178705;
0.01706;0.168031;
0.01707;0.157727;
0.01708;0.147793;
0.01709;0.138231;
0.0171;0.129038;
0.01711;0.120214;
0.01712;0.111757;
0.01713;0.103665;
0.01714;0.0959356;
0.01715;0.0885647;
0.01716;0.081549;
0.01717;0.0748842;
0.01718;0.0685656;
0.01719;0.062588;
0.0172;0.0569458;
0.01721;0.0516328;
0.01722;0.0466426;
0.01723;0.041968;
0.01724;0.0376019;
0.01725;0.0335363;
0.01726;0.029763;
0.01727;0.0262735;
0.01728;0.0230589;
0.01729;0.0201098;
0.0173;0.0174166;
0.01731;0.0149693;
0.01732;0.0127577;
0.01733;0.010771;
0.01734;0.00899855;
0.01735;0.00742903;
0.01736;0.00605109;
0.01737;0.00485306;
0.01738;0.00382305;
0.01739;0.00294897;
0.0174;0.00221853;
0.01741;0.00161923;
0.01742;0.00113845;
0.01743;0.000763388;
0.01744;0.000481125;
0.01745;0.000278621;
0.01746;0.000142734;
0.01747;6.02423e-05;
0.01748;1.78552e-05;
0.01749;2.23231e-06;
0.0175;-0;
0.01751;-2.23231e-06;
0.01752;-1.78552e-05;
0.01753;-6.02423e-05;
0.01754;-0.000142734;
0.01755;-0.000278621;
0.01756;-0.000481125;
0.01757;-0.000763388;
0.01758;-0.00113845;
0.01759;-0.00161923;
0.0176;-0.00221853;
0.01761;-0.00294897;
0.01762;-0.00382305;
0.01763;-0.00485306;
0.01764;-0.00605109;
0.01765;-0.00742903;
0.01766;-0.00899855;
0.01767;-0.010771;
0.01768;-0.0127577;
0.01769;-0.0149693;
0.0177;-0.0174166;
0.01771;-0.0201098;
0.01772;-0.0230589;
0.01773;-0.0262735;
0.01774;-0.029763;
0.01775;-0.0335363;
0.01776;-0.0376019;
0.01777;-0.041968;
0.01778;-0.0466426;
0.01779;-0.0516328;
0.0178;-0.0569458;
0.01781;-0.062588;
0.01782;-0.0685656;
0.01783;-0.0748842;
0.01784;-0.081549;
0.01785;-0.0885647;
0.01786;-0.0959356;
0.01787;-0.103665;
0.01788;-0.111757;
0.01789;-0.120214;
0.0179;-0.129038;
0.01791;-0.138231;
0.01792;-0.147793;
0.01793;-0.157727;
0.01794;-0.168031;
0.01795;-0.178705;
0.01796;-0.189749;
0.01797;-0.20116;
0.01798;-0.212937;
0.01799;-0.225077;
0.018;-0.237577;
0.01801;-0.250432;
0.01802;-0.26364;
0.01803;-0.277193;
0.01804;-0.291088;
0.01805;-0.305318;
0.01806;-0.319877;
0.01807;-0.334756;
0.01808;-0.349949;
0.01809;-0.365447;
0.0181;-0.381241;
0.01811;-0.397321;
0.01812;-0.413678;
0.01813;-0.430301;
0.01814;-0.447178;
0.01815;-0.464299;
0.01816;-0.48165;
0.01817;-0.499219;
0.01818;-0.516992;
0.01819;-0.534957;
0.0182;-0.553097;
0.01821;-0.5714;
0.01822;-0.589848;
0.01823;-0.608427;
0.01824;-0.62712;
0.01825;-0.64591;
0.01826;-0.664779;
0.01827;-0.683711;
0.01828;-0.702687;
0.01829;-0.721688;
0.0183;-0.740695;
0.01831;-0.75969;
0.01832;-0.778651;
0.01833;-0.79756;
0.01834;-0.816395;
0.01835;-0.835136;
0.01836;-0.85376;
0.01837;-0.872248;
0.01838;-0.890576;
0.01839;-0.908724;
0.0184;-0.926667;
0.01841;-0.944385;
0.01842;-0.961853;
0.01843;-0.979049;
0.01844;-0.995949;
0.01845;-1.01253;
0.01846;-1.02877;
0.01847;-1.04464;
0.01848;-1.06012;
0.01849;-1.07519;
0.0185;-1.08981;
0.01851;-1.10398;
0.01852;-1.11765;
0.01853;-1.13082;
0.01854;-1.14345;
0.01855;-1.15552;
0.01856;-1.167;
0.01857;-1.17788;
0.01858;-1.18812;
0.01859;-1.1977;
0.0186;-1.2066;
0.01861;-1.2148;
0.01862;-1.22227;
0.01863;-1.22899;
0.01864;-1.23493;
0.01865;-1.24007;
0.01866;-1.24439;
0.01867;-1.24786;
0.01868;-1.25047;
0.01869;-1.25219;
0.0187;-1.253;
0.01871;-1.25288;
0.01872;-1.2518;
0.01873;-1.24975;
0.01874;-1.2467;
0.01875;-1.24264;
0.01876;-1.23755;
0.01877;-1.2314;
0.01878;-1.22418;
0.01879;-1.21588;
0.0188;-1.20646;
0.01881;-1.19593;
0.01882;-1.18425;
0.01883;-1.17142;
0.01884;-1.15741;
0.01885;-1.14223;
0.01886;-1.12584;
0.01887;-1.10824;
0.01888;-1.08941;
0.01889;-1.06935;
0.0189;-1.04803;
0.01891;-1.02546;
0.01892;-1.00162;
0.01893;-0.976503;
0.01894;-0.950098;
0.01895;-0.922399;
0.01896;-0.893399;
0.01897;-0.863093;
0.01898;-0.831475;
0.01899;-0.798541;
0.019;-0.764288;
0.01901;-0.728713;
0.01902;-0.691814;
0.01903;-0.653591;
0.01904;-0.614043;
0.01905;-0.573171;
0.01906;-0.530978;
0.01907;-0.487466;
0.01908;-0.442639;
0.01909;-0.396501;
0.0191;-0.349058;
0.01911;-0.300316;
0.01912;-0.250284;
0.01913;-0.198969;
0.01914;-0.14638;
0.01915;-0.0925283;
0.01916;-0.0374249;
0.01917;0.0189179;
0.01918;0.0764869;
0.01919;0.135268;
0.0192;0.195246;
0.01921;0.256404;
0.01922;0.318726;
0.01923;0.382194;
0.01924;0.446788;
0.01925;0.512488;
0.01926;0.579274;
0.01927;0.647123;
0.01928;0.716013;
0.01929;0.785919;
0.0193;0.856817;
0.01931;0.928682;
0.01932;1.00149;
0.01933;1.0752;
0.01934;1.1498;
0.01935;1.22525;
0.01936;1.30153;
0.01937;1.3786;
0.01938;1.45643;
0.01939;1.53499;
0.0194;1.61424;
0.01941;1.69415;
0.01942;1.77468;
0.01943;1.8558;
0.01944;1.93747;
0.01945;2.01966;
0.01946;2.10232;
0.01947;2.18541;
0.01948;2.2689;
0.01949;2.35274;
0.0195;2.4369;
0.01951;2.52132;
0.01952;2.60598;
0.01953;2.69082;
0.01954;2.7758;
0.01955;2.86087;
0.01956;2.946;
0.01957;3.03113;
0.01958;3.11622;
0.01959;3.20122;
0.0196;3.28609;
0.01961;3.37077;
0.01962;3.45523;
0.01963;3.53941;
0.01964;3.62326;
0.01965;3.70673;
0.01966;3.78977;
0.01967;3.87234;
0.01968;3.95439;
0.01969;4.03586;
0.0197;4.1167;
0.01971;4.19686;
0.01972;4.2763;
0.01973;4.35496;
0.01974;4.43279;
0.01975;4.50973;
0.01976;4.58575;
0.01977;4.66078;
0.01978;4.73478;
0.01979;4.80769;
0.0198;4.87947;
0.01981;4.95006;
0.01982;5.01941;
0.01983;5.08747;
0.01984;5.1542;
0.01985;5.21953;
0.01986;5.28343;
0.01987;5.34584;
0.01988;5.40671;
0.01989;5.466;
0.0199;5.52365;
0.01991;5.57962;
0.01992;5.63387;
0.01993;5.68633;
0.01994;5.73697;
0.01995;5.78574;
0.01996;5.8326;
0.01997;5.8775;
0.01998;5.92039;
