0;1;
1e-05;0.999749;
2e-05;0.998996;
3e-05;0.997742;
4e-05;0.995988;
5e-05;0.993733;
6e-05;0.99098;
7e-05;0.98773;
8e-05;0.983985;
9e-05;0.979746;
0.0001;0.975016;
0.00011;0.969797;
0.00012;0.964093;
0.00013;0.957905;
0.00014;0.951238;
0.00015;0.944094;
0.00016;0.936478;
0.00017;0.928394;
0.00018;0.919845;
0.00019;0.910837;
0.0002;0.901374;
0.00021;0.89146;
0.00022;0.881102;
0.00023;0.870305;
0.00024;0.859073;
0.00025;0.847414;
0.00026;0.835333;
0.00027;0.822837;
0.00028;0.809932;
0.00029;0.796624;
0.0003;0.782921;
0.00031;0.768831;
0.00032;0.754359;
0.00033;0.739514;
0.00034;0.724304;
0.00035;0.708736;
0.00036;0.692818;
0.00037;0.67656;
0.00038;0.659968;
0.00039;0.643052;
0.0004;0.625821;
0.00041;0.608283;
0.00042;0.590447;
0.00043;0.572323;
0.00044;0.55392;
0.00045;0.535247;
0.00046;0.516315;
0.00047;0.497132;
0.00048;0.477709;
0.00049;0.458055;
0.0005;0.438181;
0.00051;0.418096;
0.00052;0.397811;
0.00053;0.377337;
0.00054;0.356683;
0.00055;0.335861;
0.00056;0.31488;
0.00057;0.293752;
0.00058;0.272486;
0.00059;0.251094;
0.0006;0.229587;
0.00061;0.207975;
0.00062;0.18627;
0.00063;0.164481;
0.00064;0.14262;
0.00065;0.120698;
0.00066;0.0987263;
0.00067;0.076715;
0.00068;0.0546754;
0.00069;0.0326183;
0.0007;0.0105547;
0.00071;-0.0115045;
0.00072;-0.0335485;
0.00073;-0.0555665;
0.00074;-0.0775476;
0.00075;-0.0994811;
0.00076;-0.121356;
0.00077;-0.143163;
0.00078;-0.164889;
0.00079;-0.186526;
0.0008;-0.208062;
0.00081;-0.229488;
0.00082;-0.250792;
0.00083;-0.271964;
0.00084;-0.292996;
0.00085;-0.313875;
0.00086;-0.334594;
0.00087;-0.355141;
0.00088;-0.375507;
0.00089;-0.395683;
0.0009;-0.415658;
0.00091;-0.435425;
0.00092;-0.454973;
0.00093;-0.474293;
0.00094;-0.493377;
0.00095;-0.512215;
0.00096;-0.5308;
0.00097;-0.549122;
0.00098;-0.567173;
0.00099;-0.584946;
0.001;-0.602432;
0.00101;-0.619622;
0.00102;-0.636511;
0.00103;-0.653089;
0.00104;-0.66935;
0.00105;-0.685287;
0.00106;-0.700892;
0.00107;-0.71616;
0.00108;-0.731082;
0.00109;-0.745654;
0.0011;-0.759868;
0.00111;-0.773718;
0.00112;-0.7872;
0.00113;-0.800307;
0.00114;-0.813033;
0.00115;-0.825375;
0.00116;-0.837326;
0.00117;-0.848881;
0.00118;-0.860037;
0.00119;-0.870789;
0.0012;-0.881133;
0.00121;-0.891064;
0.00122;-0.90058;
0.00123;-0.909676;
0.00124;-0.918349;
0.00125;-0.926596;
0.00126;-0.934414;
0.00127;-0.941802;
0.00128;-0.948755;
0.00129;-0.955272;
0.0013;-0.961351;
0.00131;-0.96699;
0.00132;-0.972188;
0.00133;-0.976943;
0.00134;-0.981254;
0.00135;-0.98512;
0.00136;-0.988541;
0.00137;-0.991515;
0.00138;-0.994043;
0.00139;-0.996125;
0.0014;-0.99776;
0.00141;-0.99895;
0.00142;-0.999694;
0.00143;-0.999993;
0.00144;-0.999849;
0.00145;-0.999262;
0.00146;-0.998234;
0.00147;-0.996767;
0.00148;-0.994862;
0.00149;-0.992521;
0.0015;-0.989746;
0.00151;-0.98654;
0.00152;-0.982905;
0.00153;-0.978844;
0.00154;-0.97436;
0.00155;-0.969456;
0.00156;-0.964136;
0.00157;-0.958402;
0.00158;-0.952258;
0.00159;-0.945708;
0.0016;-0.938757;
0.00161;-0.931407;
0.00162;-0.923664;
0.00163;-0.915532;
0.00164;-0.907016;
0.00165;-0.898119;
0.00166;-0.888848;
0.00167;-0.879207;
0.00168;-0.869202;
0.00169;-0.858837;
0.0017;-0.848119;
0.00171;-0.837052;
0.00172;-0.825643;
0.00173;-0.813898;
0.00174;-0.801821;
0.00175;-0.78942;
0.00176;-0.776701;
0.00177;-0.76367;
0.00178;-0.750333;
0.00179;-0.736698;
0.0018;-0.722769;
0.00181;-0.708555;
0.00182;-0.694063;
0.00183;-0.679298;
0.00184;-0.664268;
0.00185;-0.64898;
0.00186;-0.633441;
0.00187;-0.617659;
0.00188;-0.601641;
0.00189;-0.585393;
0.0019;-0.568924;
0.00191;-0.552241;
0.00192;-0.535351;
0.00193;-0.518263;
0.00194;-0.500983;
0.00195;-0.483519;
0.00196;-0.465879;
0.00197;-0.44807;
0.00198;-0.430102;
0.00199;-0.41198;
0.002;-0.393714;
0.00201;-0.37531;
0.00202;-0.356777;
0.00203;-0.338123;
0.00204;-0.319355;
0.00205;-0.300481;
0.00206;-0.281509;
0.00207;-0.262448;
0.00208;-0.243304;
0.00209;-0.224086;
0.0021;-0.204802;
0.00211;-0.185459;
0.00212;-0.166065;
0.00213;-0.146629;
0.00214;-0.127157;
0.00215;-0.107657;
0.00216;-0.0881383;
0.00217;-0.0686069;
0.00218;-0.0490711;
0.00219;-0.0295383;
0.0022;-0.0100162;
0.00221;0.0094879;
0.00222;0.0289664;
0.00223;0.0484119;
0.00224;0.0678172;
0.00225;0.0871749;
0.00226;0.106478;
0.00227;0.125719;
0.00228;0.144891;
0.00229;0.163987;
0.0023;0.182999;
0.00231;0.201922;
0.00232;0.220749;
0.00233;0.239471;
0.00234;0.258084;
0.00235;0.27658;
0.00236;0.294953;
0.00237;0.313197;
0.00238;0.331304;
0.00239;0.34927;
0.0024;0.367087;
0.00241;0.38475;
0.00242;0.402253;
0.00243;0.419589;
0.00244;0.436754;
0.00245;0.453742;
0.00246;0.470546;
0.00247;0.487162;
0.00248;0.503585;
0.00249;0.519808;
0.0025;0.535827;
0.00251;0.551637;
0.00252;0.567232;
0.00253;0.582609;
0.00254;0.597762;
0.00255;0.612687;
0.00256;0.627379;
0.00257;0.641833;
0.00258;0.656047;
0.00259;0.670015;
0.0026;0.683733;
0.00261;0.697198;
0.00262;0.710406;
0.00263;0.723353;
0.00264;0.736035;
0.00265;0.748449;
0.00266;0.760592;
0.00267;0.77246;
0.00268;0.784051;
0.00269;0.795361;
0.0027;0.806388;
0.00271;0.817128;
0.00272;0.82758;
0.00273;0.83774;
0.00274;0.847607;
0.00275;0.857177;
0.00276;0.866449;
0.00277;0.875421;
0.00278;0.884091;
0.00279;0.892457;
0.0028;0.900517;
0.00281;0.90827;
0.00282;0.915714;
0.00283;0.922848;
0.00284;0.92967;
0.00285;0.93618;
0.00286;0.942377;
0.00287;0.948259;
0.00288;0.953826;
0.00289;0.959078;
0.0029;0.964012;
0.00291;0.96863;
0.00292;0.972931;
0.00293;0.976914;
0.00294;0.980579;
0.00295;0.983927;
0.00296;0.986957;
0.00297;0.98967;
0.00298;0.992066;
0.00299;0.994144;
0.003;0.995907;
0.00301;0.997354;
0.00302;0.998485;
0.00303;0.999303;
0.00304;0.999807;
0.00305;0.999998;
0.00306;0.999878;
0.00307;0.999448;
0.00308;0.998709;
0.00309;0.997662;
0.0031;0.996308;
0.00311;0.99465;
0.00312;0.992689;
0.00313;0.990426;
0.00314;0.987864;
0.00315;0.985003;
0.00316;0.981847;
0.00317;0.978397;
0.00318;0.974654;
0.00319;0.970622;
0.0032;0.966302;
0.00321;0.961698;
0.00322;0.95681;
0.00323;0.951642;
0.00324;0.946196;
0.00325;0.940474;
0.00326;0.934481;
0.00327;0.928217;
0.00328;0.921686;
0.00329;0.91489;
0.0033;0.907834;
0.00331;0.900518;
0.00332;0.892948;
0.00333;0.885125;
0.00334;0.877053;
0.00335;0.868735;
0.00336;0.860174;
0.00337;0.851374;
0.00338;0.842337;
0.00339;0.833068;
0.0034;0.82357;
0.00341;0.813846;
0.00342;0.803899;
0.00343;0.793734;
0.00344;0.783354;
0.00345;0.772762;
0.00346;0.761963;
0.00347;0.750959;
0.00348;0.739756;
0.00349;0.728356;
0.0035;0.716763;
0.00351;0.704981;
0.00352;0.693015;
0.00353;0.680867;
0.00354;0.668543;
0.00355;0.656046;
0.00356;0.643379;
0.00357;0.630548;
0.00358;0.617555;
0.00359;0.604406;
0.0036;0.591104;
0.00361;0.577653;
0.00362;0.564057;
0.00363;0.550322;
0.00364;0.536449;
0.00365;0.522445;
0.00366;0.508313;
0.00367;0.494057;
0.00368;0.479681;
0.00369;0.46519;
0.0037;0.450588;
0.00371;0.435879;
0.00372;0.421067;
0.00373;0.406157;
0.00374;0.391153;
0.00375;0.376058;
0.00376;0.360878;
0.00377;0.345617;
0.00378;0.330278;
0.00379;0.314866;
0.0038;0.299385;
0.00381;0.28384;
0.00382;0.268234;
0.00383;0.252572;
0.00384;0.236859;
0.00385;0.221097;
0.00386;0.205292;
0.00387;0.189448;
0.00388;0.173569;
0.00389;0.157659;
0.0039;0.141721;
0.00391;0.125761;
0.00392;0.109783;
0.00393;0.0937899;
0.00394;0.0777866;
0.00395;0.0617769;
0.00396;0.045765;
0.00397;0.0297549;
0.00398;0.0137506;
0.00399;-0.00224381;
0.004;-0.0182245;
0.00401;-0.0341873;
0.00402;-0.0501285;
0.00403;-0.066044;
0.00404;-0.0819301;
0.00405;-0.0977827;
0.00406;-0.113598;
0.00407;-0.129372;
0.00408;-0.145102;
0.00409;-0.160783;
0.0041;-0.176411;
0.00411;-0.191984;
0.00412;-0.207496;
0.00413;-0.222945;
0.00414;-0.238327;
0.00415;-0.253639;
0.00416;-0.268876;
0.00417;-0.284035;
0.00418;-0.299114;
0.00419;-0.314107;
0.0042;-0.329012;
0.00421;-0.343826;
0.00422;-0.358544;
0.00423;-0.373164;
0.00424;-0.387683;
0.00425;-0.402096;
0.00426;-0.416402;
0.00427;-0.430596;
0.00428;-0.444675;
0.00429;-0.458637;
0.0043;-0.472478;
0.00431;-0.486195;
0.00432;-0.499785;
0.00433;-0.513245;
0.00434;-0.526573;
0.00435;-0.539764;
0.00436;-0.552817;
0.00437;-0.565729;
0.00438;-0.578496;
0.00439;-0.591116;
0.0044;-0.603587;
0.00441;-0.615905;
0.00442;-0.628068;
0.00443;-0.640074;
0.00444;-0.651919;
0.00445;-0.663601;
0.00446;-0.675119;
0.00447;-0.686468;
0.00448;-0.697648;
0.00449;-0.708655;
0.0045;-0.719487;
0.00451;-0.730143;
0.00452;-0.740619;
0.00453;-0.750914;
0.00454;-0.761025;
0.00455;-0.77095;
0.00456;-0.780688;
0.00457;-0.790237;
0.00458;-0.799593;
0.00459;-0.808756;
0.0046;-0.817723;
0.00461;-0.826494;
0.00462;-0.835065;
0.00463;-0.843435;
0.00464;-0.851602;
0.00465;-0.859566;
0.00466;-0.867323;
0.00467;-0.874873;
0.00468;-0.882214;
0.00469;-0.889345;
0.0047;-0.896263;
0.00471;-0.902969;
0.00472;-0.909459;
0.00473;-0.915734;
0.00474;-0.921792;
0.00475;-0.927631;
0.00476;-0.93325;
0.00477;-0.938649;
0.00478;-0.943826;
0.00479;-0.948781;
0.0048;-0.953511;
0.00481;-0.958017;
0.00482;-0.962297;
0.00483;-0.96635;
0.00484;-0.970176;
0.00485;-0.973774;
0.00486;-0.977144;
0.00487;-0.980283;
0.00488;-0.983193;
0.00489;-0.985872;
0.0049;-0.98832;
0.00491;-0.990536;
0.00492;-0.99252;
0.00493;-0.994272;
0.00494;-0.995791;
0.00495;-0.997076;
0.00496;-0.998129;
0.00497;-0.998947;
0.00498;-0.999532;
0.00499;-0.999883;
0.005;-1;
0.00501;-0.999883;
0.00502;-0.999532;
0.00503;-0.998947;
0.00504;-0.998129;
0.00505;-0.997076;
0.00506;-0.995791;
0.00507;-0.994272;
0.00508;-0.99252;
0.00509;-0.990536;
0.0051;-0.98832;
0.00511;-0.985872;
0.00512;-0.983193;
0.00513;-0.980283;
0.00514;-0.977144;
0.00515;-0.973774;
0.00516;-0.970176;
0.00517;-0.96635;
0.00518;-0.962297;
0.00519;-0.958017;
0.0052;-0.953511;
0.00521;-0.948781;
0.00522;-0.943826;
0.00523;-0.938649;
0.00524;-0.93325;
0.00525;-0.927631;
0.00526;-0.921792;
0.00527;-0.915734;
0.00528;-0.909459;
0.00529;-0.902969;
0.0053;-0.896263;
0.00531;-0.889345;
0.00532;-0.882214;
0.00533;-0.874873;
0.00534;-0.867323;
0.00535;-0.859566;
0.00536;-0.851602;
0.00537;-0.843435;
0.00538;-0.835065;
0.00539;-0.826494;
0.0054;-0.817723;
0.00541;-0.808756;
0.00542;-0.799593;
0.00543;-0.790237;
0.00544;-0.780688;
0.00545;-0.77095;
0.00546;-0.761025;
0.00547;-0.750914;
0.00548;-0.740619;
0.00549;-0.730143;
0.0055;-0.719487;
0.00551;-0.708655;
0.00552;-0.697648;
0.00553;-0.686468;
0.00554;-0.675119;
0.00555;-0.663601;
0.00556;-0.651919;
0.00557;-0.640074;
0.00558;-0.628068;
0.00559;-0.615905;
0.0056;-0.603587;
0.00561;-0.591116;
0.00562;-0.578496;
0.00563;-0.565729;
0.00564;-0.552817;
0.00565;-0.539764;
0.00566;-0.526573;
0.00567;-0.513245;
0.00568;-0.499785;
0.00569;-0.486195;
0.0057;-0.472478;
0.00571;-0.458637;
0.00572;-0.444675;
0.00573;-0.430596;
0.00574;-0.416402;
0.00575;-0.402096;
0.00576;-0.387683;
0.00577;-0.373164;
0.00578;-0.358544;
0.00579;-0.343826;
0.0058;-0.329012;
0.00581;-0.314107;
0.00582;-0.299114;
0.00583;-0.284035;
0.00584;-0.268876;
0.00585;-0.253639;
0.00586;-0.238327;
0.00587;-0.222945;
0.00588;-0.207496;
0.00589;-0.191984;
0.0059;-0.176411;
0.00591;-0.160783;
0.00592;-0.145102;
0.00593;-0.129372;
0.00594;-0.113598;
0.00595;-0.0977827;
0.00596;-0.0819301;
0.00597;-0.066044;
0.00598;-0.0501285;
0.00599;-0.0341873;
0.006;-0.0182245;
0.00601;-0.00224381;
0.00602;0.0137506;
0.00603;0.0297549;
0.00604;0.045765;
0.00605;0.0617769;
0.00606;0.0777866;
0.00607;0.0937899;
0.00608;0.109783;
0.00609;0.125761;
0.0061;0.141721;
0.00611;0.157659;
0.00612;0.173569;
0.00613;0.189448;
0.00614;0.205292;
0.00615;0.221097;
0.00616;0.236859;
0.00617;0.252572;
0.00618;0.268234;
0.00619;0.28384;
0.0062;0.299385;
0.00621;0.314866;
0.00622;0.330278;
0.00623;0.345617;
0.00624;0.360878;
0.00625;0.376058;
0.00626;0.391153;
0.00627;0.406157;
0.00628;0.421067;
0.00629;0.435879;
0.0063;0.450588;
0.00631;0.46519;
0.00632;0.479681;
0.00633;0.494057;
0.00634;0.508313;
0.00635;0.522445;
0.00636;0.536449;
0.00637;0.550322;
0.00638;0.564057;
0.00639;0.577653;
0.0064;0.591104;
0.00641;0.604406;
0.00642;0.617555;
0.00643;0.630548;
0.00644;0.643379;
0.00645;0.656046;
0.00646;0.668543;
0.00647;0.680867;
0.00648;0.693015;
0.00649;0.704981;
0.0065;0.716763;
0.00651;0.728356;
0.00652;0.739756;
0.00653;0.750959;
0.00654;0.761963;
0.00655;0.772762;
0.00656;0.783354;
0.00657;0.793734;
0.00658;0.803899;
0.00659;0.813846;
0.0066;0.82357;
0.00661;0.833068;
0.00662;0.842337;
0.00663;0.851374;
0.00664;0.860174;
0.00665;0.868735;
0.00666;0.877053;
0.00667;0.885125;
0.00668;0.892948;
0.00669;0.900518;
0.0067;0.907834;
0.00671;0.91489;
0.00672;0.921686;
0.00673;0.928217;
0.00674;0.934481;
0.00675;0.940474;
0.00676;0.946196;
0.00677;0.951642;
0.00678;0.95681;
0.00679;0.961698;
0.0068;0.966302;
0.00681;0.970622;
0.00682;0.974654;
0.00683;0.978397;
0.00684;0.981847;
0.00685;0.985003;
0.00686;0.987864;
0.00687;0.990426;
0.00688;0.992689;
0.00689;0.99465;
0.0069;0.996308;
0.00691;0.997662;
0.00692;0.998709;
0.00693;0.999448;
0.00694;0.999878;
0.00695;0.999998;
0.00696;0.999807;
0.00697;0.999303;
0.00698;0.998485;
0.00699;0.997354;
0.007;0.995907;
0.00701;0.994144;
0.00702;0.992066;
0.00703;0.98967;
0.00704;0.986957;
0.00705;0.983927;
0.00706;0.980579;
0.00707;0.976914;
0.00708;0.972931;
0.00709;0.96863;
0.0071;0.964012;
0.00711;0.959078;
0.00712;0.953826;
0.00713;0.948259;
0.00714;0.942377;
0.00715;0.93618;
0.00716;0.92967;
0.00717;0.922848;
0.00718;0.915714;
0.00719;0.90827;
0.0072;0.900517;
0.00721;0.892457;
0.00722;0.884091;
0.00723;0.875421;
0.00724;0.866449;
0.00725;0.857177;
0.00726;0.847607;
0.00727;0.83774;
0.00728;0.82758;
0.00729;0.817128;
0.0073;0.806388;
0.00731;0.795361;
0.00732;0.784051;
0.00733;0.77246;
0.00734;0.760592;
0.00735;0.748449;
0.00736;0.736035;
0.00737;0.723353;
0.00738;0.710406;
0.00739;0.697198;
0.0074;0.683733;
0.00741;0.670015;
0.00742;0.656047;
0.00743;0.641833;
0.00744;0.627379;
0.00745;0.612687;
0.00746;0.597762;
0.00747;0.582609;
0.00748;0.567232;
0.00749;0.551637;
0.0075;0.535827;
0.00751;0.519808;
0.00752;0.503585;
0.00753;0.487162;
0.00754;0.470546;
0.00755;0.453742;
0.00756;0.436754;
0.00757;0.419589;
0.00758;0.402253;
0.00759;0.38475;
0.0076;0.367087;
0.00761;0.34927;
0.00762;0.331304;
0.00763;0.313197;
0.00764;0.294953;
0.00765;0.27658;
0.00766;0.258084;
0.00767;0.239471;
0.00768;0.220749;
0.00769;0.201922;
0.0077;0.182999;
0.00771;0.163987;
0.00772;0.144891;
0.00773;0.125719;
0.00774;0.106478;
0.00775;0.0871749;
0.00776;0.0678172;
0.00777;0.0484119;
0.00778;0.0289664;
0.00779;0.0094879;
0.0078;-0.0100162;
0.00781;-0.0295383;
0.00782;-0.0490711;
0.00783;-0.0686069;
0.00784;-0.0881383;
0.00785;-0.107657;
0.00786;-0.127157;
0.00787;-0.146629;
0.00788;-0.166065;
0.00789;-0.185459;
0.0079;-0.204802;
0.00791;-0.224086;
0.00792;-0.243304;
0.00793;-0.262448;
0.00794;-0.281509;
0.00795;-0.300481;
0.00796;-0.319355;
0.00797;-0.338123;
0.00798;-0.356777;
0.00799;-0.37531;
0.008;-0.393714;
0.00801;-0.41198;
0.00802;-0.430102;
0.00803;-0.44807;
0.00804;-0.465879;
0.00805;-0.483519;
0.00806;-0.500983;
0.00807;-0.518263;
0.00808;-0.535351;
0.00809;-0.552241;
0.0081;-0.568924;
0.00811;-0.585393;
0.00812;-0.601641;
0.00813;-0.617659;
0.00814;-0.633441;
0.00815;-0.64898;
0.00816;-0.664268;
0.00817;-0.679298;
0.00818;-0.694063;
0.00819;-0.708555;
0.0082;-0.722769;
0.00821;-0.736698;
0.00822;-0.750333;
0.00823;-0.76367;
0.00824;-0.776701;
0.00825;-0.78942;
0.00826;-0.801821;
0.00827;-0.813898;
0.00828;-0.825643;
0.00829;-0.837052;
0.0083;-0.848119;
0.00831;-0.858837;
0.00832;-0.869202;
0.00833;-0.879207;
0.00834;-0.888848;
0.00835;-0.898119;
0.00836;-0.907016;
0.00837;-0.915532;
0.00838;-0.923664;
0.00839;-0.931407;
0.0084;-0.938757;
0.00841;-0.945708;
0.00842;-0.952258;
0.00843;-0.958402;
0.00844;-0.964136;
0.00845;-0.969456;
0.00846;-0.97436;
0.00847;-0.978844;
0.00848;-0.982905;
0.00849;-0.98654;
0.0085;-0.989746;
0.00851;-0.992521;
0.00852;-0.994862;
0.00853;-0.996767;
0.00854;-0.998234;
0.00855;-0.999262;
0.00856;-0.999849;
0.00857;-0.999993;
0.00858;-0.999694;
0.00859;-0.99895;
0.0086;-0.99776;
0.00861;-0.996125;
0.00862;-0.994043;
0.00863;-0.991515;
0.00864;-0.988541;
0.00865;-0.98512;
0.00866;-0.981254;
0.00867;-0.976943;
0.00868;-0.972188;
0.00869;-0.96699;
0.0087;-0.961351;
0.00871;-0.955272;
0.00872;-0.948755;
0.00873;-0.941802;
0.00874;-0.934414;
0.00875;-0.926596;
0.00876;-0.918349;
0.00877;-0.909676;
0.00878;-0.90058;
0.00879;-0.891064;
0.0088;-0.881133;
0.00881;-0.870789;
0.00882;-0.860037;
0.00883;-0.848881;
0.00884;-0.837326;
0.00885;-0.825375;
0.00886;-0.813033;
0.00887;-0.800307;
0.00888;-0.7872;
0.00889;-0.773718;
0.0089;-0.759868;
0.00891;-0.745654;
0.00892;-0.731082;
0.00893;-0.71616;
0.00894;-0.700892;
0.00895;-0.685287;
0.00896;-0.66935;
0.00897;-0.653089;
0.00898;-0.636511;
0.00899;-0.619622;
0.009;-0.602432;
0.00901;-0.584946;
0.00902;-0.567173;
0.00903;-0.549122;
0.00904;-0.5308;
0.00905;-0.512215;
0.00906;-0.493377;
0.00907;-0.474293;
0.00908;-0.454973;
0.00909;-0.435425;
0.0091;-0.415658;
0.00911;-0.395683;
0.00912;-0.375507;
0.00913;-0.355141;
0.00914;-0.334594;
0.00915;-0.313875;
0.00916;-0.292996;
0.00917;-0.271964;
0.00918;-0.250792;
0.00919;-0.229488;
0.0092;-0.208062;
0.00921;-0.186526;
0.00922;-0.164889;
0.00923;-0.143163;
0.00924;-0.121356;
0.00925;-0.0994811;
0.00926;-0.0775476;
0.00927;-0.0555665;
0.00928;-0.0335485;
0.00929;-0.0115045;
0.0093;0.0105547;
0.00931;0.0326183;
0.00932;0.0546754;
0.00933;0.076715;
0.00934;0.0987263;
0.00935;0.120698;
0.00936;0.14262;
0.00937;0.164481;
0.00938;0.18627;
0.00939;0.207975;
0.0094;0.229587;
0.00941;0.251094;
0.00942;0.272486;
0.00943;0.293752;
0.00944;0.31488;
0.00945;0.335861;
0.00946;0.356683;
0.00947;0.377337;
0.00948;0.397811;
0.00949;0.418096;
0.0095;0.438181;
0.00951;0.458055;
0.00952;0.477709;
0.00953;0.497132;
0.00954;0.516315;
0.00955;0.535247;
0.00956;0.55392;
0.00957;0.572323;
0.00958;0.590447;
0.00959;0.608283;
0.0096;0.625821;
0.00961;0.643052;
0.00962;0.659968;
0.00963;0.67656;
0.00964;0.692818;
0.00965;0.708736;
0.00966;0.724304;
0.00967;0.739514;
0.00968;0.754359;
0.00969;0.768831;
0.0097;0.782921;
0.00971;0.796624;
0.00972;0.809932;
0.00973;0.822837;
0.00974;0.835333;
0.00975;0.847414;
0.00976;0.859073;
0.00977;0.870305;
0.00978;0.881102;
0.00979;0.89146;
0.0098;0.901374;
0.00981;0.910837;
0.00982;0.919845;
0.00983;0.928394;
0.00984;0.936478;
0.00985;0.944094;
0.00986;0.951238;
0.00987;0.957905;
0.00988;0.964093;
0.00989;0.969797;
0.0099;0.975016;
0.00991;0.979746;
0.00992;0.983985;
0.00993;0.98773;
0.00994;0.99098;
0.00995;0.993733;
0.00996;0.995988;
0.00997;0.997742;
0.00998;0.998996;
0.00999;0.999749;
0.01;1;
0.01001;0.999749;
0.01002;0.998996;
0.01003;0.997742;
0.01004;0.995988;
0.01005;0.993733;
0.01006;0.99098;
0.01007;0.98773;
0.01008;0.983985;
0.01009;0.979746;
0.0101;0.975016;
0.01011;0.969797;
0.01012;0.964093;
0.01013;0.957905;
0.01014;0.951238;
0.01015;0.944094;
0.01016;0.936478;
0.01017;0.928394;
0.01018;0.919845;
0.01019;0.910837;
0.0102;0.901374;
0.01021;0.89146;
0.01022;0.881102;
0.01023;0.870305;
0.01024;0.859073;
0.01025;0.847414;
0.01026;0.835333;
0.01027;0.822837;
0.01028;0.809932;
0.01029;0.796624;
0.0103;0.782921;
0.01031;0.768831;
0.01032;0.754359;
0.01033;0.739514;
0.01034;0.724304;
0.01035;0.708736;
0.01036;0.692818;
0.01037;0.67656;
0.01038;0.659968;
0.01039;0.643052;
0.0104;0.625821;
0.01041;0.608283;
0.01042;0.590447;
0.01043;0.572323;
0.01044;0.55392;
0.01045;0.535247;
0.01046;0.516315;
0.01047;0.497132;
0.01048;0.477709;
0.01049;0.458055;
0.0105;0.438181;
0.01051;0.418096;
0.01052;0.397811;
0.01053;0.377337;
0.01054;0.356683;
0.01055;0.335861;
0.01056;0.31488;
0.01057;0.293752;
0.01058;0.272486;
0.01059;0.251094;
0.0106;0.229587;
0.01061;0.207975;
0.01062;0.18627;
0.01063;0.164481;
0.01064;0.14262;
0.01065;0.120698;
0.01066;0.0987263;
0.01067;0.076715;
0.01068;0.0546754;
0.01069;0.0326183;
0.0107;0.0105547;
0.01071;-0.0115045;
0.01072;-0.0335485;
0.01073;-0.0555665;
0.01074;-0.0775476;
0.01075;-0.0994811;
0.01076;-0.121356;
0.01077;-0.143163;
0.01078;-0.164889;
0.01079;-0.186526;
0.0108;-0.208062;
0.01081;-0.229488;
0.01082;-0.250792;
0.01083;-0.271964;
0.01084;-0.292996;
0.01085;-0.313875;
0.01086;-0.334594;
0.01087;-0.355141;
0.01088;-0.375507;
0.01089;-0.395683;
0.0109;-0.415658;
0.01091;-0.435425;
0.01092;-0.454973;
0.01093;-0.474293;
0.01094;-0.493377;
0.01095;-0.512215;
0.01096;-0.5308;
0.01097;-0.549122;
0.01098;-0.567173;
0.01099;-0.584946;
0.011;-0.602432;
0.01101;-0.619622;
0.01102;-0.636511;
0.01103;-0.653089;
0.01104;-0.66935;
0.01105;-0.685287;
0.01106;-0.700892;
0.01107;-0.71616;
0.01108;-0.731082;
0.01109;-0.745654;
0.0111;-0.759868;
0.01111;-0.773718;
0.01112;-0.7872;
0.01113;-0.800307;
0.01114;-0.813033;
0.01115;-0.825375;
0.01116;-0.837326;
0.01117;-0.848881;
0.01118;-0.860037;
0.01119;-0.870789;
0.0112;-0.881133;
0.01121;-0.891064;
0.01122;-0.90058;
0.01123;-0.909676;
0.01124;-0.918349;
0.01125;-0.926596;
0.01126;-0.934414;
0.01127;-0.941802;
0.01128;-0.948755;
0.01129;-0.955272;
0.0113;-0.961351;
0.01131;-0.96699;
0.01132;-0.972188;
0.01133;-0.976943;
0.01134;-0.981254;
0.01135;-0.98512;
0.01136;-0.988541;
0.01137;-0.991515;
0.01138;-0.994043;
0.01139;-0.996125;
0.0114;-0.99776;
0.01141;-0.99895;
0.01142;-0.999694;
0.01143;-0.999993;
0.01144;-0.999849;
0.01145;-0.999262;
0.01146;-0.998234;
0.01147;-0.996767;
0.01148;-0.994862;
0.01149;-0.992521;
0.0115;-0.989746;
0.01151;-0.98654;
0.01152;-0.982905;
0.01153;-0.978844;
0.01154;-0.97436;
0.01155;-0.969456;
0.01156;-0.964136;
0.01157;-0.958402;
0.01158;-0.952258;
0.01159;-0.945708;
0.0116;-0.938757;
0.01161;-0.931407;
0.01162;-0.923664;
0.01163;-0.915532;
0.01164;-0.907016;
0.01165;-0.898119;
0.01166;-0.888848;
0.01167;-0.879207;
0.01168;-0.869202;
0.01169;-0.858837;
0.0117;-0.848119;
0.01171;-0.837052;
0.01172;-0.825643;
0.01173;-0.813898;
0.01174;-0.801821;
0.01175;-0.78942;
0.01176;-0.776701;
0.01177;-0.76367;
0.01178;-0.750333;
0.01179;-0.736698;
0.0118;-0.722769;
0.01181;-0.708555;
0.01182;-0.694063;
0.01183;-0.679298;
0.01184;-0.664268;
0.01185;-0.64898;
0.01186;-0.633441;
0.01187;-0.617659;
0.01188;-0.601641;
0.01189;-0.585393;
0.0119;-0.568924;
0.01191;-0.552241;
0.01192;-0.535351;
0.01193;-0.518263;
0.01194;-0.500983;
0.01195;-0.483519;
0.01196;-0.465879;
0.01197;-0.44807;
0.01198;-0.430102;
0.01199;-0.41198;
0.012;-0.393714;
0.01201;-0.37531;
0.01202;-0.356777;
0.01203;-0.338123;
0.01204;-0.319355;
0.01205;-0.300481;
0.01206;-0.281509;
0.01207;-0.262448;
0.01208;-0.243304;
0.01209;-0.224086;
0.0121;-0.204802;
0.01211;-0.185459;
0.01212;-0.166065;
0.01213;-0.146629;
0.01214;-0.127157;
0.01215;-0.107657;
0.01216;-0.0881383;
0.01217;-0.0686069;
0.01218;-0.0490711;
0.01219;-0.0295383;
0.0122;-0.0100162;
0.01221;0.0094879;
0.01222;0.0289664;
0.01223;0.0484119;
0.01224;0.0678172;
0.01225;0.0871749;
0.01226;0.106478;
0.01227;0.125719;
0.01228;0.144891;
0.01229;0.163987;
0.0123;0.182999;
0.01231;0.201922;
0.01232;0.220749;
0.01233;0.239471;
0.01234;0.258084;
0.01235;0.27658;
0.01236;0.294953;
0.01237;0.313197;
0.01238;0.331304;
0.01239;0.34927;
0.0124;0.367087;
0.01241;0.38475;
0.01242;0.402253;
0.01243;0.419589;
0.01244;0.436754;
0.01245;0.453742;
0.01246;0.470546;
0.01247;0.487162;
0.01248;0.503585;
0.01249;0.519808;
0.0125;0.535827;
0.01251;0.551637;
0.01252;0.567232;
0.01253;0.582609;
0.01254;0.597762;
0.01255;0.612687;
0.01256;0.627379;
0.01257;0.641833;
0.01258;0.656047;
0.01259;0.670015;
0.0126;0.683733;
0.01261;0.697198;
0.01262;0.710406;
0.01263;0.723353;
0.01264;0.736035;
0.01265;0.748449;
0.01266;0.760592;
0.01267;0.77246;
0.01268;0.784051;
0.01269;0.795361;
0.0127;0.806388;
0.01271;0.817128;
0.01272;0.82758;
0.01273;0.83774;
0.01274;0.847607;
0.01275;0.857177;
0.01276;0.866449;
0.01277;0.875421;
0.01278;0.884091;
0.01279;0.892457;
0.0128;0.900517;
0.01281;0.90827;
0.01282;0.915714;
0.01283;0.922848;
0.01284;0.92967;
0.01285;0.93618;
0.01286;0.942377;
0.01287;0.948259;
0.01288;0.953826;
0.01289;0.959078;
0.0129;0.964012;
0.01291;0.96863;
0.01292;0.972931;
0.01293;0.976914;
0.01294;0.980579;
0.01295;0.983927;
0.01296;0.986957;
0.01297;0.98967;
0.01298;0.992066;
0.01299;0.994144;
0.013;0.995907;
0.01301;0.997354;
0.01302;0.998485;
0.01303;0.999303;
0.01304;0.999807;
0.01305;0.999998;
0.01306;0.999878;
0.01307;0.999448;
0.01308;0.998709;
0.01309;0.997662;
0.0131;0.996308;
0.01311;0.99465;
0.01312;0.992689;
0.01313;0.990426;
0.01314;0.987864;
0.01315;0.985003;
0.01316;0.981847;
0.01317;0.978397;
0.01318;0.974654;
0.01319;0.970622;
0.0132;0.966302;
0.01321;0.961698;
0.01322;0.95681;
0.01323;0.951642;
0.01324;0.946196;
0.01325;0.940474;
0.01326;0.934481;
0.01327;0.928217;
0.01328;0.921686;
0.01329;0.91489;
0.0133;0.907834;
0.01331;0.900518;
0.01332;0.892948;
0.01333;0.885125;
0.01334;0.877053;
0.01335;0.868735;
0.01336;0.860174;
0.01337;0.851374;
0.01338;0.842337;
0.01339;0.833068;
0.0134;0.82357;
0.01341;0.813846;
0.01342;0.803899;
0.01343;0.793734;
0.01344;0.783354;
0.01345;0.772762;
0.01346;0.761963;
0.01347;0.750959;
0.01348;0.739756;
0.01349;0.728356;
0.0135;0.716763;
0.01351;0.704981;
0.01352;0.693015;
0.01353;0.680867;
0.01354;0.668543;
0.01355;0.656046;
0.01356;0.643379;
0.01357;0.630548;
0.01358;0.617555;
0.01359;0.604406;
0.0136;0.591104;
0.01361;0.577653;
0.01362;0.564057;
0.01363;0.550322;
0.01364;0.536449;
0.01365;0.522445;
0.01366;0.508313;
0.01367;0.494057;
0.01368;0.479681;
0.01369;0.46519;
0.0137;0.450588;
0.01371;0.435879;
0.01372;0.421067;
0.01373;0.406157;
0.01374;0.391153;
0.01375;0.376058;
0.01376;0.360878;
0.01377;0.345617;
0.01378;0.330278;
0.01379;0.314866;
0.0138;0.299385;
0.01381;0.28384;
0.01382;0.268234;
0.01383;0.252572;
0.01384;0.236859;
0.01385;0.221097;
0.01386;0.205292;
0.01387;0.189448;
0.01388;0.173569;
0.01389;0.157659;
0.0139;0.141721;
0.01391;0.125761;
0.01392;0.109783;
0.01393;0.0937899;
0.01394;0.0777866;
0.01395;0.0617769;
0.01396;0.045765;
0.01397;0.0297549;
0.01398;0.0137506;
0.01399;-0.00224381;
0.014;-0.0182245;
0.01401;-0.0341873;
0.01402;-0.0501285;
0.01403;-0.066044;
0.01404;-0.0819301;
0.01405;-0.0977827;
0.01406;-0.113598;
0.01407;-0.129372;
0.01408;-0.145102;
0.01409;-0.160783;
0.0141;-0.176411;
0.01411;-0.191984;
0.01412;-0.207496;
0.01413;-0.222945;
0.01414;-0.238327;
0.01415;-0.253639;
0.01416;-0.268876;
0.01417;-0.284035;
0.01418;-0.299114;
0.01419;-0.314107;
0.0142;-0.329012;
0.01421;-0.343826;
0.01422;-0.358544;
0.01423;-0.373164;
0.01424;-0.387683;
0.01425;-0.402096;
0.01426;-0.416402;
0.01427;-0.430596;
0.01428;-0.444675;
0.01429;-0.458637;
0.0143;-0.472478;
0.01431;-0.486195;
0.01432;-0.499785;
0.01433;-0.513245;
0.01434;-0.526573;
0.01435;-0.539764;
0.01436;-0.552817;
0.01437;-0.565729;
0.01438;-0.578496;
0.01439;-0.591116;
0.0144;-0.603587;
0.01441;-0.615905;
0.01442;-0.628068;
0.01443;-0.640074;
0.01444;-0.651919;
0.01445;-0.663601;
0.01446;-0.675119;
0.01447;-0.686468;
0.01448;-0.697648;
0.01449;-0.708655;
0.0145;-0.719487;
0.01451;-0.730143;
0.01452;-0.740619;
0.01453;-0.750914;
0.01454;-0.761025;
0.01455;-0.77095;
0.01456;-0.780688;
0.01457;-0.790237;
0.01458;-0.799593;
0.01459;-0.808756;
0.0146;-0.817723;
0.01461;-0.826494;
0.01462;-0.835065;
0.01463;-0.843435;
0.01464;-0.851602;
0.01465;-0.859566;
0.01466;-0.867323;
0.01467;-0.874873;
0.01468;-0.882214;
0.01469;-0.889345;
0.0147;-0.896263;
0.01471;-0.902969;
0.01472;-0.909459;
0.01473;-0.915734;
0.01474;-0.921792;
0.01475;-0.927631;
0.01476;-0.93325;
0.01477;-0.938649;
0.01478;-0.943826;
0.01479;-0.948781;
0.0148;-0.953511;
0.01481;-0.958017;
0.01482;-0.962297;
0.01483;-0.96635;
0.01484;-0.970176;
0.01485;-0.973774;
0.01486;-0.977144;
0.01487;-0.980283;
0.01488;-0.983193;
0.01489;-0.985872;
0.0149;-0.98832;
0.01491;-0.990536;
0.01492;-0.99252;
0.01493;-0.994272;
0.01494;-0.995791;
0.01495;-0.997076;
0.01496;-0.998129;
0.01497;-0.998947;
0.01498;-0.999532;
0.01499;-0.999883;
0.015;-1;
0.01501;-0.999883;
0.01502;-0.999532;
0.01503;-0.998947;
0.01504;-0.998129;
0.01505;-0.997076;
0.01506;-0.995791;
0.01507;-0.994272;
0.01508;-0.99252;
0.01509;-0.990536;
0.0151;-0.98832;
0.01511;-0.985872;
0.01512;-0.983193;
0.01513;-0.980283;
0.01514;-0.977144;
0.01515;-0.973774;
0.01516;-0.970176;
0.01517;-0.96635;
0.01518;-0.962297;
0.01519;-0.958017;
0.0152;-0.953511;
0.01521;-0.948781;
0.01522;-0.943826;
0.01523;-0.938649;
0.01524;-0.93325;
0.01525;-0.927631;
0.01526;-0.921792;
0.01527;-0.915734;
0.01528;-0.909459;
0.01529;-0.902969;
0.0153;-0.896263;
0.01531;-0.889345;
0.01532;-0.882214;
0.01533;-0.874873;
0.01534;-0.867323;
0.01535;-0.859566;
0.01536;-0.851602;
0.01537;-0.843435;
0.01538;-0.835065;
0.01539;-0.826494;
0.0154;-0.817723;
0.01541;-0.808756;
0.01542;-0.799593;
0.01543;-0.790237;
0.01544;-0.780688;
0.01545;-0.77095;
0.01546;-0.761025;
0.01547;-0.750914;
0.01548;-0.740619;
0.01549;-0.730143;
0.0155;-0.719487;
0.01551;-0.708655;
0.01552;-0.697648;
0.01553;-0.686468;
0.01554;-0.675119;
0.01555;-0.663601;
0.01556;-0.651919;
0.01557;-0.640074;
0.01558;-0.628068;
0.01559;-0.615905;
0.0156;-0.603587;
0.01561;-0.591116;
0.01562;-0.578496;
0.01563;-0.565729;
0.01564;-0.552817;
0.01565;-0.539764;
0.01566;-0.526573;
0.01567;-0.513245;
0.01568;-0.499785;
0.01569;-0.486195;
0.0157;-0.472478;
0.01571;-0.458637;
0.01572;-0.444675;
0.01573;-0.430596;
0.01574;-0.416402;
0.01575;-0.402096;
0.01576;-0.387683;
0.01577;-0.373164;
0.01578;-0.358544;
0.01579;-0.343826;
0.0158;-0.329012;
0.01581;-0.314107;
0.01582;-0.299114;
0.01583;-0.284035;
0.01584;-0.268876;
0.01585;-0.253639;
0.01586;-0.238327;
0.01587;-0.222945;
0.01588;-0.207496;
0.01589;-0.191984;
0.0159;-0.176411;
0.01591;-0.160783;
0.01592;-0.145102;
0.01593;-0.129372;
0.01594;-0.113598;
0.01595;-0.0977827;
0.01596;-0.0819301;
0.01597;-0.066044;
0.01598;-0.0501285;
0.01599;-0.0341873;
0.016;-0.0182245;
0.01601;-0.00224381;
0.01602;0.0137506;
0.01603;0.0297549;
0.01604;0.045765;
0.01605;0.0617769;
0.01606;0.0777866;
0.01607;0.0937899;
0.01608;0.109783;
0.01609;0.125761;
0.0161;0.141721;
0.01611;0.157659;
0.01612;0.173569;
0.01613;0.189448;
0.01614;0.205292;
0.01615;0.221097;
0.01616;0.236859;
0.01617;0.252572;
0.01618;0.268234;
0.01619;0.28384;
0.0162;0.299385;
0.01621;0.314866;
0.01622;0.330278;
0.01623;0.345617;
0.01624;0.360878;
0.01625;0.376058;
0.01626;0.391153;
0.01627;0.406157;
0.01628;0.421067;
0.01629;0.435879;
0.0163;0.450588;
0.01631;0.46519;
0.01632;0.479681;
0.01633;0.494057;
0.01634;0.508313;
0.01635;0.522445;
0.01636;0.536449;
0.01637;0.550322;
0.01638;0.564057;
0.01639;0.577653;
0.0164;0.591104;
0.01641;0.604406;
0.01642;0.617555;
0.01643;0.630548;
0.01644;0.643379;
0.01645;0.656046;
0.01646;0.668543;
0.01647;0.680867;
0.01648;0.693015;
0.01649;0.704981;
0.0165;0.716763;
0.01651;0.728356;
0.01652;0.739756;
0.01653;0.750959;
0.01654;0.761963;
0.01655;0.772762;
0.01656;0.783354;
0.01657;0.793734;
0.01658;0.803899;
0.01659;0.813846;
0.0166;0.82357;
0.01661;0.833068;
0.01662;0.842337;
0.01663;0.851374;
0.01664;0.860174;
0.01665;0.868735;
0.01666;0.877053;
0.01667;0.885125;
0.01668;0.892948;
0.01669;0.900518;
0.0167;0.907834;
0.01671;0.91489;
0.01672;0.921686;
0.01673;0.928217;
0.01674;0.934481;
0.01675;0.940474;
0.01676;0.946196;
0.01677;0.951642;
0.01678;0.95681;
0.01679;0.961698;
0.0168;0.966302;
0.01681;0.970622;
0.01682;0.974654;
0.01683;0.978397;
0.01684;0.981847;
0.01685;0.985003;
0.01686;0.987864;
0.01687;0.990426;
0.01688;0.992689;
0.01689;0.99465;
0.0169;0.996308;
0.01691;0.997662;
0.01692;0.998709;
0.01693;0.999448;
0.01694;0.999878;
0.01695;0.999998;
0.01696;0.999807;
0.01697;0.999303;
0.01698;0.998485;
0.01699;0.997354;
0.017;0.995907;
0.01701;0.994144;
0.01702;0.992066;
0.01703;0.98967;
0.01704;0.986957;
0.01705;0.983927;
0.01706;0.980579;
0.01707;0.976914;
0.01708;0.972931;
0.01709;0.96863;
0.0171;0.964012;
0.01711;0.959078;
0.01712;0.953826;
0.01713;0.948259;
0.01714;0.942377;
0.01715;0.93618;
0.01716;0.92967;
0.01717;0.922848;
0.01718;0.915714;
0.01719;0.90827;
0.0172;0.900517;
0.01721;0.892457;
0.01722;0.884091;
0.01723;0.875421;
0.01724;0.866449;
0.01725;0.857177;
0.01726;0.847607;
0.01727;0.83774;
0.01728;0.82758;
0.01729;0.817128;
0.0173;0.806388;
0.01731;0.795361;
0.01732;0.784051;
0.01733;0.77246;
0.01734;0.760592;
0.01735;0.748449;
0.01736;0.736035;
0.01737;0.723353;
0.01738;0.710406;
0.01739;0.697198;
0.0174;0.683733;
0.01741;0.670015;
0.01742;0.656047;
0.01743;0.641833;
0.01744;0.627379;
0.01745;0.612687;
0.01746;0.597762;
0.01747;0.582609;
0.01748;0.567232;
0.01749;0.551637;
0.0175;0.535827;
0.01751;0.519808;
0.01752;0.503585;
0.01753;0.487162;
0.01754;0.470546;
0.01755;0.453742;
0.01756;0.436754;
0.01757;0.419589;
0.01758;0.402253;
0.01759;0.38475;
0.0176;0.367087;
0.01761;0.34927;
0.01762;0.331304;
0.01763;0.313197;
0.01764;0.294953;
0.01765;0.27658;
0.01766;0.258084;
0.01767;0.239471;
0.01768;0.220749;
0.01769;0.201922;
0.0177;0.182999;
0.01771;0.163987;
0.01772;0.144891;
0.01773;0.125719;
0.01774;0.106478;
0.01775;0.0871749;
0.01776;0.0678172;
0.01777;0.0484119;
0.01778;0.0289664;
0.01779;0.0094879;
0.0178;-0.0100162;
0.01781;-0.0295383;
0.01782;-0.0490711;
0.01783;-0.0686069;
0.01784;-0.0881383;
0.01785;-0.107657;
0.01786;-0.127157;
0.01787;-0.146629;
0.01788;-0.166065;
0.01789;-0.185459;
0.0179;-0.204802;
0.01791;-0.224086;
0.01792;-0.243304;
0.01793;-0.262448;
0.01794;-0.281509;
0.01795;-0.300481;
0.01796;-0.319355;
0.01797;-0.338123;
0.01798;-0.356777;
0.01799;-0.37531;
0.018;-0.393714;
0.01801;-0.41198;
0.01802;-0.430102;
0.01803;-0.44807;
0.01804;-0.465879;
0.01805;-0.483519;
0.01806;-0.500983;
0.01807;-0.518263;
0.01808;-0.535351;
0.01809;-0.552241;
0.0181;-0.568924;
0.01811;-0.585393;
0.01812;-0.601641;
0.01813;-0.617659;
0.01814;-0.633441;
0.01815;-0.64898;
0.01816;-0.664268;
0.01817;-0.679298;
0.01818;-0.694063;
0.01819;-0.708555;
0.0182;-0.722769;
0.01821;-0.736698;
0.01822;-0.750333;
0.01823;-0.76367;
0.01824;-0.776701;
0.01825;-0.78942;
0.01826;-0.801821;
0.01827;-0.813898;
0.01828;-0.825643;
0.01829;-0.837052;
0.0183;-0.848119;
0.01831;-0.858837;
0.01832;-0.869202;
0.01833;-0.879207;
0.01834;-0.888848;
0.01835;-0.898119;
0.01836;-0.907016;
0.01837;-0.915532;
0.01838;-0.923664;
0.01839;-0.931407;
0.0184;-0.938757;
0.01841;-0.945708;
0.01842;-0.952258;
0.01843;-0.958402;
0.01844;-0.964136;
0.01845;-0.969456;
0.01846;-0.97436;
0.01847;-0.978844;
0.01848;-0.982905;
0.01849;-0.98654;
0.0185;-0.989746;
0.01851;-0.992521;
0.01852;-0.994862;
0.01853;-0.996767;
0.01854;-0.998234;
0.01855;-0.999262;
0.01856;-0.999849;
0.01857;-0.999993;
0.01858;-0.999694;
0.01859;-0.99895;
0.0186;-0.99776;
0.01861;-0.996125;
0.01862;-0.994043;
0.01863;-0.991515;
0.01864;-0.988541;
0.01865;-0.98512;
0.01866;-0.981254;
0.01867;-0.976943;
0.01868;-0.972188;
0.01869;-0.96699;
0.0187;-0.961351;
0.01871;-0.955272;
0.01872;-0.948755;
0.01873;-0.941802;
0.01874;-0.934414;
0.01875;-0.926596;
0.01876;-0.918349;
0.01877;-0.909676;
0.01878;-0.90058;
0.01879;-0.891064;
0.0188;-0.881133;
0.01881;-0.870789;
0.01882;-0.860037;
0.01883;-0.848881;
0.01884;-0.837326;
0.01885;-0.825375;
0.01886;-0.813033;
0.01887;-0.800307;
0.01888;-0.7872;
0.01889;-0.773718;
0.0189;-0.759868;
0.01891;-0.745654;
0.01892;-0.731082;
0.01893;-0.71616;
0.01894;-0.700892;
0.01895;-0.685287;
0.01896;-0.66935;
0.01897;-0.653089;
0.01898;-0.636511;
0.01899;-0.619622;
0.019;-0.602432;
0.01901;-0.584946;
0.01902;-0.567173;
0.01903;-0.549122;
0.01904;-0.5308;
0.01905;-0.512215;
0.01906;-0.493377;
0.01907;-0.474293;
0.01908;-0.454973;
0.01909;-0.435425;
0.0191;-0.415658;
0.01911;-0.395683;
0.01912;-0.375507;
0.01913;-0.355141;
0.01914;-0.334594;
0.01915;-0.313875;
0.01916;-0.292996;
0.01917;-0.271964;
0.01918;-0.250792;
0.01919;-0.229488;
0.0192;-0.208062;
0.01921;-0.186526;
0.01922;-0.164889;
0.01923;-0.143163;
0.01924;-0.121356;
0.01925;-0.0994811;
0.01926;-0.0775476;
0.01927;-0.0555665;
0.01928;-0.0335485;
0.01929;-0.0115045;
0.0193;0.0105547;
0.01931;0.0326183;
0.01932;0.0546754;
0.01933;0.076715;
0.01934;0.0987263;
0.01935;0.120698;
0.01936;0.14262;
0.01937;0.164481;
0.01938;0.18627;
0.01939;0.207975;
0.0194;0.229587;
0.01941;0.251094;
0.01942;0.272486;
0.01943;0.293752;
0.01944;0.31488;
0.01945;0.335861;
0.01946;0.356683;
0.01947;0.377337;
0.01948;0.397811;
0.01949;0.418096;
0.0195;0.438181;
0.01951;0.458055;
0.01952;0.477709;
0.01953;0.497132;
0.01954;0.516315;
0.01955;0.535247;
0.01956;0.55392;
0.01957;0.572323;
0.01958;0.590447;
0.01959;0.608283;
0.0196;0.625821;
0.01961;0.643052;
0.01962;0.659968;
0.01963;0.67656;
0.01964;0.692818;
0.01965;0.708736;
0.01966;0.724304;
0.01967;0.739514;
0.01968;0.754359;
0.01969;0.768831;
0.0197;0.782921;
0.01971;0.796624;
0.01972;0.809932;
0.01973;0.822837;
0.01974;0.835333;
0.01975;0.847414;
0.01976;0.859073;
0.01977;0.870305;
0.01978;0.881102;
0.01979;0.89146;
0.0198;0.901374;
0.01981;0.910837;
0.01982;0.919845;
0.01983;0.928394;
0.01984;0.936478;
0.01985;0.944094;
0.01986;0.951238;
0.01987;0.957905;
0.01988;0.964093;
0.01989;0.969797;
0.0199;0.975016;
0.01991;0.979746;
0.01992;0.983985;
0.01993;0.98773;
0.01994;0.99098;
0.01995;0.993733;
0.01996;0.995988;
0.01997;0.997742;
0.01998;0.998996;
