0;70;
1e-05;70.4273;
2e-05;70.8293;
3e-05;71.2054;
4e-05;71.5552;
5e-05;71.8783;
6e-05;72.1742;
7e-05;72.4425;
8e-05;72.6828;
9e-05;72.8946;
0.0001;73.0776;
0.00011;73.2313;
0.00012;73.3554;
0.00013;73.4496;
0.00014;73.5134;
0.00015;73.5466;
0.00016;73.5487;
0.00017;73.5196;
0.00018;73.4589;
0.00019;73.3663;
0.0002;73.2416;
0.00021;73.0845;
0.00022;72.8947;
0.00023;72.672;
0.00024;72.4163;
0.00025;72.1273;
0.00026;71.8049;
0.00027;71.4489;
0.00028;71.0591;
0.00029;70.6354;
0.0003;70.1777;
0.00031;69.686;
0.00032;69.16;
0.00033;68.5998;
0.00034;68.0053;
0.00035;67.3765;
0.00036;66.7134;
0.00037;66.0159;
0.00038;65.2842;
0.00039;64.5181;
0.0004;63.7179;
0.00041;62.8835;
0.00042;62.0151;
0.00043;61.1128;
0.00044;60.1766;
0.00045;59.2068;
0.00046;58.2036;
0.00047;57.167;
0.00048;56.0973;
0.00049;54.9947;
0.0005;53.8595;
0.00051;52.6918;
0.00052;51.4921;
0.00053;50.2605;
0.00054;48.9974;
0.00055;47.7031;
0.00056;46.378;
0.00057;45.0223;
0.00058;43.6366;
0.00059;42.2211;
0.0006;40.7763;
0.00061;39.3027;
0.00062;37.8006;
0.00063;36.2706;
0.00064;34.7131;
0.00065;33.1287;
0.00066;31.5178;
0.00067;29.8809;
0.00068;28.2187;
0.00069;26.5317;
0.0007;24.8204;
0.00071;23.0855;
0.00072;21.3275;
0.00073;19.5472;
0.00074;17.745;
0.00075;15.9218;
0.00076;14.0781;
0.00077;12.2147;
0.00078;10.3322;
0.00079;8.4313;
0.0008;6.51281;
0.00081;4.57741;
0.00082;2.62587;
0.00083;0.658932;
0.00084;-1.32262;
0.00085;-3.31801;
0.00086;-5.32644;
0.00087;-7.3471;
0.00088;-9.37919;
0.00089;-11.4219;
0.0009;-13.4743;
0.00091;-15.5357;
0.00092;-17.6051;
0.00093;-19.6817;
0.00094;-21.7647;
0.00095;-23.8531;
0.00096;-25.946;
0.00097;-28.0427;
0.00098;-30.1421;
0.00099;-32.2434;
0.001;-34.3457;
0.00101;-36.448;
0.00102;-38.5495;
0.00103;-40.6491;
0.00104;-42.7461;
0.00105;-44.8394;
0.00106;-46.9281;
0.00107;-49.0113;
0.00108;-51.0881;
0.00109;-53.1574;
0.0011;-55.2185;
0.00111;-57.2702;
0.00112;-59.3117;
0.00113;-61.3421;
0.00114;-63.3604;
0.00115;-65.3657;
0.00116;-67.357;
0.00117;-69.3334;
0.00118;-71.294;
0.00119;-73.2378;
0.0012;-75.164;
0.00121;-77.0715;
0.00122;-78.9595;
0.00123;-80.8271;
0.00124;-82.6734;
0.00125;-84.4975;
0.00126;-86.2984;
0.00127;-88.0754;
0.00128;-89.8274;
0.00129;-91.5538;
0.0013;-93.2535;
0.00131;-94.9258;
0.00132;-96.5698;
0.00133;-98.1847;
0.00134;-99.7696;
0.00135;-101.324;
0.00136;-102.846;
0.00137;-104.337;
0.00138;-105.794;
0.00139;-107.217;
0.0014;-108.606;
0.00141;-109.959;
0.00142;-111.276;
0.00143;-112.557;
0.00144;-113.8;
0.00145;-115.005;
0.00146;-116.171;
0.00147;-117.297;
0.00148;-118.383;
0.00149;-119.429;
0.0015;-120.433;
0.00151;-121.396;
0.00152;-122.316;
0.00153;-123.193;
0.00154;-124.026;
0.00155;-124.815;
0.00156;-125.56;
0.00157;-126.26;
0.00158;-126.914;
0.00159;-127.523;
0.0016;-128.085;
0.00161;-128.6;
0.00162;-129.069;
0.00163;-129.49;
0.00164;-129.863;
0.00165;-130.188;
0.00166;-130.464;
0.00167;-130.692;
0.00168;-130.872;
0.00169;-131.002;
0.0017;-131.082;
0.00171;-131.114;
0.00172;-131.095;
0.00173;-131.027;
0.00174;-130.909;
0.00175;-130.741;
0.00176;-130.523;
0.00177;-130.254;
0.00178;-129.936;
0.00179;-129.567;
0.0018;-129.149;
0.00181;-128.68;
0.00182;-128.161;
0.00183;-127.593;
0.00184;-126.975;
0.00185;-126.306;
0.00186;-125.589;
0.00187;-124.822;
0.00188;-124.006;
0.00189;-123.141;
0.0019;-122.228;
0.00191;-121.266;
0.00192;-120.256;
0.00193;-119.199;
0.00194;-118.094;
0.00195;-116.942;
0.00196;-115.743;
0.00197;-114.498;
0.00198;-113.208;
0.00199;-111.872;
0.002;-110.491;
0.00201;-109.065;
0.00202;-107.596;
0.00203;-106.084;
0.00204;-104.528;
0.00205;-102.931;
0.00206;-101.291;
0.00207;-99.6113;
0.00208;-97.8907;
0.00209;-96.1305;
0.0021;-94.3312;
0.00211;-92.4935;
0.00212;-90.6182;
0.00213;-88.7059;
0.00214;-86.7575;
0.00215;-84.7737;
0.00216;-82.7553;
0.00217;-80.703;
0.00218;-78.6177;
0.00219;-76.5002;
0.0022;-74.3514;
0.00221;-72.172;
0.00222;-69.9631;
0.00223;-67.7254;
0.00224;-65.4599;
0.00225;-63.1674;
0.00226;-60.849;
0.00227;-58.5055;
0.00228;-56.1379;
0.00229;-53.7471;
0.0023;-51.3342;
0.00231;-48.9002;
0.00232;-46.4459;
0.00233;-43.9725;
0.00234;-41.4808;
0.00235;-38.9721;
0.00236;-36.4472;
0.00237;-33.9073;
0.00238;-31.3533;
0.00239;-28.7864;
0.0024;-26.2075;
0.00241;-23.6178;
0.00242;-21.0183;
0.00243;-18.4101;
0.00244;-15.7943;
0.00245;-13.1719;
0.00246;-10.5441;
0.00247;-7.91189;
0.00248;-5.27642;
0.00249;-2.63876;
0.0025;-2.57176e-14;
0.00251;2.63876;
0.00252;5.27642;
0.00253;7.91189;
0.00254;10.5441;
0.00255;13.1719;
0.00256;15.7943;
0.00257;18.4101;
0.00258;21.0183;
0.00259;23.6178;
0.0026;26.2075;
0.00261;28.7864;
0.00262;31.3533;
0.00263;33.9073;
0.00264;36.4472;
0.00265;38.9721;
0.00266;41.4808;
0.00267;43.9725;
0.00268;46.4459;
0.00269;48.9002;
0.0027;51.3342;
0.00271;53.7471;
0.00272;56.1379;
0.00273;58.5055;
0.00274;60.849;
0.00275;63.1674;
0.00276;65.4599;
0.00277;67.7254;
0.00278;69.9631;
0.00279;72.172;
0.0028;74.3514;
0.00281;76.5002;
0.00282;78.6177;
0.00283;80.703;
0.00284;82.7553;
0.00285;84.7737;
0.00286;86.7575;
0.00287;88.7059;
0.00288;90.6182;
0.00289;92.4935;
0.0029;94.3312;
0.00291;96.1305;
0.00292;97.8907;
0.00293;99.6113;
0.00294;101.291;
0.00295;102.931;
0.00296;104.528;
0.00297;106.084;
0.00298;107.596;
0.00299;109.065;
0.003;110.491;
0.00301;111.872;
0.00302;113.208;
0.00303;114.498;
0.00304;115.743;
0.00305;116.942;
0.00306;118.094;
0.00307;119.199;
0.00308;120.256;
0.00309;121.266;
0.0031;122.228;
0.00311;123.141;
0.00312;124.006;
0.00313;124.822;
0.00314;125.589;
0.00315;126.306;
0.00316;126.975;
0.00317;127.593;
0.00318;128.161;
0.00319;128.68;
0.0032;129.149;
0.00321;129.567;
0.00322;129.936;
0.00323;130.254;
0.00324;130.523;
0.00325;130.741;
0.00326;130.909;
0.00327;131.027;
0.00328;131.095;
0.00329;131.114;
0.0033;131.082;
0.00331;131.002;
0.00332;130.872;
0.00333;130.692;
0.00334;130.464;
0.00335;130.188;
0.00336;129.863;
0.00337;129.49;
0.00338;129.069;
0.00339;128.6;
0.0034;128.085;
0.00341;127.523;
0.00342;126.914;
0.00343;126.26;
0.00344;125.56;
0.00345;124.815;
0.00346;124.026;
0.00347;123.193;
0.00348;122.316;
0.00349;121.396;
0.0035;120.433;
0.00351;119.429;
0.00352;118.383;
0.00353;117.297;
0.00354;116.171;
0.00355;115.005;
0.00356;113.8;
0.00357;112.557;
0.00358;111.276;
0.00359;109.959;
0.0036;108.606;
0.00361;107.217;
0.00362;105.794;
0.00363;104.337;
0.00364;102.846;
0.00365;101.324;
0.00366;99.7696;
0.00367;98.1847;
0.00368;96.5698;
0.00369;94.9258;
0.0037;93.2535;
0.00371;91.5538;
0.00372;89.8274;
0.00373;88.0754;
0.00374;86.2984;
0.00375;84.4975;
0.00376;82.6734;
0.00377;80.8271;
0.00378;78.9595;
0.00379;77.0715;
0.0038;75.164;
0.00381;73.2378;
0.00382;71.294;
0.00383;69.3334;
0.00384;67.357;
0.00385;65.3657;
0.00386;63.3604;
0.00387;61.3421;
0.00388;59.3117;
0.00389;57.2702;
0.0039;55.2185;
0.00391;53.1574;
0.00392;51.0881;
0.00393;49.0113;
0.00394;46.9281;
0.00395;44.8394;
0.00396;42.7461;
0.00397;40.6491;
0.00398;38.5495;
0.00399;36.448;
0.004;34.3457;
0.00401;32.2434;
0.00402;30.1421;
0.00403;28.0427;
0.00404;25.946;
0.00405;23.8531;
0.00406;21.7647;
0.00407;19.6817;
0.00408;17.6051;
0.00409;15.5357;
0.0041;13.4743;
0.00411;11.4219;
0.00412;9.37919;
0.00413;7.3471;
0.00414;5.32644;
0.00415;3.31801;
0.00416;1.32262;
0.00417;-0.658932;
0.00418;-2.62587;
0.00419;-4.57741;
0.0042;-6.51281;
0.00421;-8.4313;
0.00422;-10.3322;
0.00423;-12.2147;
0.00424;-14.0781;
0.00425;-15.9218;
0.00426;-17.745;
0.00427;-19.5472;
0.00428;-21.3275;
0.00429;-23.0855;
0.0043;-24.8204;
0.00431;-26.5317;
0.00432;-28.2187;
0.00433;-29.8809;
0.00434;-31.5178;
0.00435;-33.1287;
0.00436;-34.7131;
0.00437;-36.2706;
0.00438;-37.8006;
0.00439;-39.3027;
0.0044;-40.7763;
0.00441;-42.2211;
0.00442;-43.6366;
0.00443;-45.0223;
0.00444;-46.378;
0.00445;-47.7031;
0.00446;-48.9974;
0.00447;-50.2605;
0.00448;-51.4921;
0.00449;-52.6918;
0.0045;-53.8595;
0.00451;-54.9947;
0.00452;-56.0973;
0.00453;-57.167;
0.00454;-58.2036;
0.00455;-59.2068;
0.00456;-60.1766;
0.00457;-61.1128;
0.00458;-62.0151;
0.00459;-62.8835;
0.0046;-63.7179;
0.00461;-64.5181;
0.00462;-65.2842;
0.00463;-66.0159;
0.00464;-66.7134;
0.00465;-67.3765;
0.00466;-68.0053;
0.00467;-68.5998;
0.00468;-69.16;
0.00469;-69.686;
0.0047;-70.1777;
0.00471;-70.6354;
0.00472;-71.0591;
0.00473;-71.4489;
0.00474;-71.8049;
0.00475;-72.1273;
0.00476;-72.4163;
0.00477;-72.672;
0.00478;-72.8947;
0.00479;-73.0845;
0.0048;-73.2416;
0.00481;-73.3663;
0.00482;-73.4589;
0.00483;-73.5196;
0.00484;-73.5487;
0.00485;-73.5466;
0.00486;-73.5134;
0.00487;-73.4496;
0.00488;-73.3554;
0.00489;-73.2313;
0.0049;-73.0776;
0.00491;-72.8946;
0.00492;-72.6828;
0.00493;-72.4425;
0.00494;-72.1742;
0.00495;-71.8783;
0.00496;-71.5552;
0.00497;-71.2054;
0.00498;-70.8293;
0.00499;-70.4273;
0.005;-70;
0.00501;-69.5478;
0.00502;-69.0713;
0.00503;-68.5708;
0.00504;-68.047;
0.00505;-67.5003;
0.00506;-66.9313;
0.00507;-66.3405;
0.00508;-65.7284;
0.00509;-65.0956;
0.0051;-64.4426;
0.00511;-63.77;
0.00512;-63.0783;
0.00513;-62.3681;
0.00514;-61.64;
0.00515;-60.8945;
0.00516;-60.1323;
0.00517;-59.3538;
0.00518;-58.5598;
0.00519;-57.7507;
0.0052;-56.9271;
0.00521;-56.0897;
0.00522;-55.2391;
0.00523;-54.3758;
0.00524;-53.5004;
0.00525;-52.6136;
0.00526;-51.7159;
0.00527;-50.8079;
0.00528;-49.8902;
0.00529;-48.9634;
0.0053;-48.0282;
0.00531;-47.085;
0.00532;-46.1345;
0.00533;-45.1774;
0.00534;-44.214;
0.00535;-43.2452;
0.00536;-42.2713;
0.00537;-41.2931;
0.00538;-40.311;
0.00539;-39.3257;
0.0054;-38.3377;
0.00541;-37.3476;
0.00542;-36.3559;
0.00543;-35.3632;
0.00544;-34.37;
0.00545;-33.3768;
0.00546;-32.3843;
0.00547;-31.3929;
0.00548;-30.4031;
0.00549;-29.4154;
0.0055;-28.4305;
0.00551;-27.4487;
0.00552;-26.4705;
0.00553;-25.4965;
0.00554;-24.527;
0.00555;-23.5627;
0.00556;-22.6039;
0.00557;-21.651;
0.00558;-20.7046;
0.00559;-19.765;
0.0056;-18.8328;
0.00561;-17.9082;
0.00562;-16.9917;
0.00563;-16.0837;
0.00564;-15.1845;
0.00565;-14.2946;
0.00566;-13.4143;
0.00567;-12.544;
0.00568;-11.684;
0.00569;-10.8346;
0.0057;-9.9962;
0.00571;-9.16906;
0.00572;-8.35348;
0.00573;-7.54977;
0.00574;-6.7582;
0.00575;-5.97903;
0.00576;-5.21253;
0.00577;-4.45893;
0.00578;-3.71847;
0.00579;-2.99138;
0.0058;-2.27787;
0.00581;-1.57813;
0.00582;-0.892347;
0.00583;-0.220708;
0.00584;0.436624;
0.00585;1.0795;
0.00586;1.70777;
0.00587;2.3213;
0.00588;2.91998;
0.00589;3.50369;
0.0059;4.07234;
0.00591;4.62584;
0.00592;5.16412;
0.00593;5.6871;
0.00594;6.19475;
0.00595;6.687;
0.00596;7.16383;
0.00597;7.62522;
0.00598;8.07116;
0.00599;8.50165;
0.006;8.9167;
0.00601;9.31632;
0.00602;9.70054;
0.00603;10.0694;
0.00604;10.423;
0.00605;10.7613;
0.00606;11.0845;
0.00607;11.3925;
0.00608;11.6856;
0.00609;11.9637;
0.0061;12.2271;
0.00611;12.4757;
0.00612;12.7098;
0.00613;12.9294;
0.00614;13.1348;
0.00615;13.326;
0.00616;13.5032;
0.00617;13.6665;
0.00618;13.8163;
0.00619;13.9525;
0.0062;14.0754;
0.00621;14.1852;
0.00622;14.2821;
0.00623;14.3663;
0.00624;14.438;
0.00625;14.4975;
0.00626;14.5448;
0.00627;14.5804;
0.00628;14.6043;
0.00629;14.6169;
0.0063;14.6183;
0.00631;14.6089;
0.00632;14.5888;
0.00633;14.5584;
0.00634;14.5179;
0.00635;14.4675;
0.00636;14.4075;
0.00637;14.3382;
0.00638;14.2598;
0.00639;14.1727;
0.0064;14.0771;
0.00641;13.9732;
0.00642;13.8614;
0.00643;13.7419;
0.00644;13.615;
0.00645;13.481;
0.00646;13.3402;
0.00647;13.1929;
0.00648;13.0393;
0.00649;12.8797;
0.0065;12.7145;
0.00651;12.5438;
0.00652;12.3681;
0.00653;12.1875;
0.00654;12.0023;
0.00655;11.8128;
0.00656;11.6194;
0.00657;11.4222;
0.00658;11.2216;
0.00659;11.0178;
0.0066;10.8111;
0.00661;10.6018;
0.00662;10.3901;
0.00663;10.1762;
0.00664;9.96054;
0.00665;9.74325;
0.00666;9.52461;
0.00667;9.30487;
0.00668;9.08427;
0.00669;8.86305;
0.0067;8.64145;
0.00671;8.41969;
0.00672;8.19801;
0.00673;7.97663;
0.00674;7.75576;
0.00675;7.53561;
0.00676;7.3164;
0.00677;7.09831;
0.00678;6.88156;
0.00679;6.66633;
0.0068;6.4528;
0.00681;6.24116;
0.00682;6.03158;
0.00683;5.82422;
0.00684;5.61925;
0.00685;5.41682;
0.00686;5.21708;
0.00687;5.02018;
0.00688;4.82624;
0.00689;4.63541;
0.0069;4.44781;
0.00691;4.26355;
0.00692;4.08274;
0.00693;3.90549;
0.00694;3.7319;
0.00695;3.56205;
0.00696;3.39603;
0.00697;3.23392;
0.00698;3.0758;
0.00699;2.92171;
0.007;2.77173;
0.00701;2.6259;
0.00702;2.48426;
0.00703;2.34687;
0.00704;2.21373;
0.00705;2.08489;
0.00706;1.96036;
0.00707;1.84014;
0.00708;1.72425;
0.00709;1.61269;
0.0071;1.50544;
0.00711;1.4025;
0.00712;1.30383;
0.00713;1.20943;
0.00714;1.11925;
0.00715;1.03326;
0.00716;0.951405;
0.00717;0.873649;
0.00718;0.799932;
0.00719;0.730194;
0.0072;0.664368;
0.00721;0.602383;
0.00722;0.544163;
0.00723;0.489627;
0.00724;0.438688;
0.00725;0.391256;
0.00726;0.347235;
0.00727;0.306525;
0.00728;0.269021;
0.00729;0.234615;
0.0073;0.203194;
0.00731;0.174642;
0.00732;0.14884;
0.00733;0.125662;
0.00734;0.104983;
0.00735;0.0866721;
0.00736;0.0705961;
0.00737;0.056619;
0.00738;0.0446023;
0.00739;0.0344047;
0.0074;0.0258828;
0.00741;0.018891;
0.00742;0.0132819;
0.00743;0.00890619;
0.00744;0.00561313;
0.00745;0.00325057;
0.00746;0.00166523;
0.00747;0.000702827;
0.00748;0.00020831;
0.00749;2.60436e-05;
0.0075;0;
0.00751;-2.60436e-05;
0.00752;-0.00020831;
0.00753;-0.000702827;
0.00754;-0.00166523;
0.00755;-0.00325057;
0.00756;-0.00561313;
0.00757;-0.00890619;
0.00758;-0.0132819;
0.00759;-0.018891;
0.0076;-0.0258828;
0.00761;-0.0344047;
0.00762;-0.0446023;
0.00763;-0.056619;
0.00764;-0.0705961;
0.00765;-0.0866721;
0.00766;-0.104983;
0.00767;-0.125662;
0.00768;-0.14884;
0.00769;-0.174642;
0.0077;-0.203194;
0.00771;-0.234615;
0.00772;-0.269021;
0.00773;-0.306525;
0.00774;-0.347235;
0.00775;-0.391256;
0.00776;-0.438688;
0.00777;-0.489627;
0.00778;-0.544163;
0.00779;-0.602383;
0.0078;-0.664368;
0.00781;-0.730194;
0.00782;-0.799932;
0.00783;-0.873649;
0.00784;-0.951405;
0.00785;-1.03326;
0.00786;-1.11925;
0.00787;-1.20943;
0.00788;-1.30383;
0.00789;-1.4025;
0.0079;-1.50544;
0.00791;-1.61269;
0.00792;-1.72425;
0.00793;-1.84014;
0.00794;-1.96036;
0.00795;-2.08489;
0.00796;-2.21373;
0.00797;-2.34687;
0.00798;-2.48426;
0.00799;-2.6259;
0.008;-2.77173;
0.00801;-2.92171;
0.00802;-3.0758;
0.00803;-3.23392;
0.00804;-3.39603;
0.00805;-3.56205;
0.00806;-3.7319;
0.00807;-3.90549;
0.00808;-4.08274;
0.00809;-4.26355;
0.0081;-4.44781;
0.00811;-4.63541;
0.00812;-4.82624;
0.00813;-5.02018;
0.00814;-5.21708;
0.00815;-5.41682;
0.00816;-5.61925;
0.00817;-5.82422;
0.00818;-6.03158;
0.00819;-6.24116;
0.0082;-6.4528;
0.00821;-6.66633;
0.00822;-6.88156;
0.00823;-7.09831;
0.00824;-7.3164;
0.00825;-7.53561;
0.00826;-7.75576;
0.00827;-7.97663;
0.00828;-8.19801;
0.00829;-8.41969;
0.0083;-8.64145;
0.00831;-8.86305;
0.00832;-9.08427;
0.00833;-9.30487;
0.00834;-9.52461;
0.00835;-9.74325;
0.00836;-9.96054;
0.00837;-10.1762;
0.00838;-10.3901;
0.00839;-10.6018;
0.0084;-10.8111;
0.00841;-11.0178;
0.00842;-11.2216;
0.00843;-11.4222;
0.00844;-11.6194;
0.00845;-11.8128;
0.00846;-12.0023;
0.00847;-12.1875;
0.00848;-12.3681;
0.00849;-12.5438;
0.0085;-12.7145;
0.00851;-12.8797;
0.00852;-13.0393;
0.00853;-13.1929;
0.00854;-13.3402;
0.00855;-13.481;
0.00856;-13.615;
0.00857;-13.7419;
0.00858;-13.8614;
0.00859;-13.9732;
0.0086;-14.0771;
0.00861;-14.1727;
0.00862;-14.2598;
0.00863;-14.3382;
0.00864;-14.4075;
0.00865;-14.4675;
0.00866;-14.5179;
0.00867;-14.5584;
0.00868;-14.5888;
0.00869;-14.6089;
0.0087;-14.6183;
0.00871;-14.6169;
0.00872;-14.6043;
0.00873;-14.5804;
0.00874;-14.5448;
0.00875;-14.4975;
0.00876;-14.438;
0.00877;-14.3663;
0.00878;-14.2821;
0.00879;-14.1852;
0.0088;-14.0754;
0.00881;-13.9525;
0.00882;-13.8163;
0.00883;-13.6665;
0.00884;-13.5032;
0.00885;-13.326;
0.00886;-13.1348;
0.00887;-12.9294;
0.00888;-12.7098;
0.00889;-12.4757;
0.0089;-12.2271;
0.00891;-11.9637;
0.00892;-11.6856;
0.00893;-11.3925;
0.00894;-11.0845;
0.00895;-10.7613;
0.00896;-10.423;
0.00897;-10.0694;
0.00898;-9.70054;
0.00899;-9.31632;
0.009;-8.9167;
0.00901;-8.50165;
0.00902;-8.07116;
0.00903;-7.62522;
0.00904;-7.16383;
0.00905;-6.687;
0.00906;-6.19475;
0.00907;-5.6871;
0.00908;-5.16412;
0.00909;-4.62584;
0.0091;-4.07234;
0.00911;-3.50369;
0.00912;-2.91998;
0.00913;-2.3213;
0.00914;-1.70777;
0.00915;-1.0795;
0.00916;-0.436624;
0.00917;0.220708;
0.00918;0.892347;
0.00919;1.57813;
0.0092;2.27787;
0.00921;2.99138;
0.00922;3.71847;
0.00923;4.45893;
0.00924;5.21253;
0.00925;5.97903;
0.00926;6.7582;
0.00927;7.54977;
0.00928;8.35348;
0.00929;9.16906;
0.0093;9.9962;
0.00931;10.8346;
0.00932;11.684;
0.00933;12.544;
0.00934;13.4143;
0.00935;14.2946;
0.00936;15.1845;
0.00937;16.0837;
0.00938;16.9917;
0.00939;17.9082;
0.0094;18.8328;
0.00941;19.765;
0.00942;20.7046;
0.00943;21.651;
0.00944;22.6039;
0.00945;23.5627;
0.00946;24.527;
0.00947;25.4965;
0.00948;26.4705;
0.00949;27.4487;
0.0095;28.4305;
0.00951;29.4154;
0.00952;30.4031;
0.00953;31.3929;
0.00954;32.3843;
0.00955;33.3768;
0.00956;34.37;
0.00957;35.3632;
0.00958;36.3559;
0.00959;37.3476;
0.0096;38.3377;
0.00961;39.3257;
0.00962;40.311;
0.00963;41.2931;
0.00964;42.2713;
0.00965;43.2452;
0.00966;44.214;
0.00967;45.1774;
0.00968;46.1345;
0.00969;47.085;
0.0097;48.0282;
0.00971;48.9634;
0.00972;49.8902;
0.00973;50.8079;
0.00974;51.7159;
0.00975;52.6136;
0.00976;53.5004;
0.00977;54.3758;
0.00978;55.2391;
0.00979;56.0897;
0.0098;56.9271;
0.00981;57.7507;
0.00982;58.5598;
0.00983;59.3538;
0.00984;60.1323;
0.00985;60.8945;
0.00986;61.64;
0.00987;62.3681;
0.00988;63.0783;
0.00989;63.77;
0.0099;64.4426;
0.00991;65.0956;
0.00992;65.7284;
0.00993;66.3405;
0.00994;66.9313;
0.00995;67.5003;
0.00996;68.047;
0.00997;68.5708;
0.00998;69.0713;
0.00999;69.5478;
0.01;70;
0.01001;70.4273;
0.01002;70.8293;
0.01003;71.2054;
0.01004;71.5552;
0.01005;71.8783;
0.01006;72.1742;
0.01007;72.4425;
0.01008;72.6828;
0.01009;72.8946;
0.0101;73.0776;
0.01011;73.2313;
0.01012;73.3554;
0.01013;73.4496;
0.01014;73.5134;
0.01015;73.5466;
0.01016;73.5487;
0.01017;73.5196;
0.01018;73.4589;
0.01019;73.3663;
0.0102;73.2416;
0.01021;73.0845;
0.01022;72.8947;
0.01023;72.672;
0.01024;72.4163;
0.01025;72.1273;
0.01026;71.8049;
0.01027;71.4489;
0.01028;71.0591;
0.01029;70.6354;
0.0103;70.1777;
0.01031;69.686;
0.01032;69.16;
0.01033;68.5998;
0.01034;68.0053;
0.01035;67.3765;
0.01036;66.7134;
0.01037;66.0159;
0.01038;65.2842;
0.01039;64.5181;
0.0104;63.7179;
0.01041;62.8835;
0.01042;62.0151;
0.01043;61.1128;
0.01044;60.1766;
0.01045;59.2068;
0.01046;58.2036;
0.01047;57.167;
0.01048;56.0973;
0.01049;54.9947;
0.0105;53.8595;
0.01051;52.6918;
0.01052;51.4921;
0.01053;50.2605;
0.01054;48.9974;
0.01055;47.7031;
0.01056;46.378;
0.01057;45.0223;
0.01058;43.6366;
0.01059;42.2211;
0.0106;40.7763;
0.01061;39.3027;
0.01062;37.8006;
0.01063;36.2706;
0.01064;34.7131;
0.01065;33.1287;
0.01066;31.5178;
0.01067;29.8809;
0.01068;28.2187;
0.01069;26.5317;
0.0107;24.8204;
0.01071;23.0855;
0.01072;21.3275;
0.01073;19.5472;
0.01074;17.745;
0.01075;15.9218;
0.01076;14.0781;
0.01077;12.2147;
0.01078;10.3322;
0.01079;8.4313;
0.0108;6.51281;
0.01081;4.57741;
0.01082;2.62587;
0.01083;0.658932;
0.01084;-1.32262;
0.01085;-3.31801;
0.01086;-5.32644;
0.01087;-7.3471;
0.01088;-9.37919;
0.01089;-11.4219;
0.0109;-13.4743;
0.01091;-15.5357;
0.01092;-17.6051;
0.01093;-19.6817;
0.01094;-21.7647;
0.01095;-23.8531;
0.01096;-25.946;
0.01097;-28.0427;
0.01098;-30.1421;
0.01099;-32.2434;
0.011;-34.3457;
0.01101;-36.448;
0.01102;-38.5495;
0.01103;-40.6491;
0.01104;-42.7461;
0.01105;-44.8394;
0.01106;-46.9281;
0.01107;-49.0113;
0.01108;-51.0881;
0.01109;-53.1574;
0.0111;-55.2185;
0.01111;-57.2702;
0.01112;-59.3117;
0.01113;-61.3421;
0.01114;-63.3604;
0.01115;-65.3657;
0.01116;-67.357;
0.01117;-69.3334;
0.01118;-71.294;
0.01119;-73.2378;
0.0112;-75.164;
0.01121;-77.0715;
0.01122;-78.9595;
0.01123;-80.8271;
0.01124;-82.6734;
0.01125;-84.4975;
0.01126;-86.2984;
0.01127;-88.0754;
0.01128;-89.8274;
0.01129;-91.5538;
0.0113;-93.2535;
0.01131;-94.9258;
0.01132;-96.5698;
0.01133;-98.1847;
0.01134;-99.7696;
0.01135;-101.324;
0.01136;-102.846;
0.01137;-104.337;
0.01138;-105.794;
0.01139;-107.217;
0.0114;-108.606;
0.01141;-109.959;
0.01142;-111.276;
0.01143;-112.557;
0.01144;-113.8;
0.01145;-115.005;
0.01146;-116.171;
0.01147;-117.297;
0.01148;-118.383;
0.01149;-119.429;
0.0115;-120.433;
0.01151;-121.396;
0.01152;-122.316;
0.01153;-123.193;
0.01154;-124.026;
0.01155;-124.815;
0.01156;-125.56;
0.01157;-126.26;
0.01158;-126.914;
0.01159;-127.523;
0.0116;-128.085;
0.01161;-128.6;
0.01162;-129.069;
0.01163;-129.49;
0.01164;-129.863;
0.01165;-130.188;
0.01166;-130.464;
0.01167;-130.692;
0.01168;-130.872;
0.01169;-131.002;
0.0117;-131.082;
0.01171;-131.114;
0.01172;-131.095;
0.01173;-131.027;
0.01174;-130.909;
0.01175;-130.741;
0.01176;-130.523;
0.01177;-130.254;
0.01178;-129.936;
0.01179;-129.567;
0.0118;-129.149;
0.01181;-128.68;
0.01182;-128.161;
0.01183;-127.593;
0.01184;-126.975;
0.01185;-126.306;
0.01186;-125.589;
0.01187;-124.822;
0.01188;-124.006;
0.01189;-123.141;
0.0119;-122.228;
0.01191;-121.266;
0.01192;-120.256;
0.01193;-119.199;
0.01194;-118.094;
0.01195;-116.942;
0.01196;-115.743;
0.01197;-114.498;
0.01198;-113.208;
0.01199;-111.872;
0.012;-110.491;
0.01201;-109.065;
0.01202;-107.596;
0.01203;-106.084;
0.01204;-104.528;
0.01205;-102.931;
0.01206;-101.291;
0.01207;-99.6113;
0.01208;-97.8907;
0.01209;-96.1305;
0.0121;-94.3312;
0.01211;-92.4935;
0.01212;-90.6182;
0.01213;-88.7059;
0.01214;-86.7575;
0.01215;-84.7737;
0.01216;-82.7553;
0.01217;-80.703;
0.01218;-78.6177;
0.01219;-76.5002;
0.0122;-74.3514;
0.01221;-72.172;
0.01222;-69.9631;
0.01223;-67.7254;
0.01224;-65.4599;
0.01225;-63.1674;
0.01226;-60.849;
0.01227;-58.5055;
0.01228;-56.1379;
0.01229;-53.7471;
0.0123;-51.3342;
0.01231;-48.9002;
0.01232;-46.4459;
0.01233;-43.9725;
0.01234;-41.4808;
0.01235;-38.9721;
0.01236;-36.4472;
0.01237;-33.9073;
0.01238;-31.3533;
0.01239;-28.7864;
0.0124;-26.2075;
0.01241;-23.6178;
0.01242;-21.0183;
0.01243;-18.4101;
0.01244;-15.7943;
0.01245;-13.1719;
0.01246;-10.5441;
0.01247;-7.91189;
0.01248;-5.27642;
0.01249;-2.63876;
0.0125;1.20102e-13;
0.01251;2.63876;
0.01252;5.27642;
0.01253;7.91189;
0.01254;10.5441;
0.01255;13.1719;
0.01256;15.7943;
0.01257;18.4101;
0.01258;21.0183;
0.01259;23.6178;
0.0126;26.2075;
0.01261;28.7864;
0.01262;31.3533;
0.01263;33.9073;
0.01264;36.4472;
0.01265;38.9721;
0.01266;41.4808;
0.01267;43.9725;
0.01268;46.4459;
0.01269;48.9002;
0.0127;51.3342;
0.01271;53.7471;
0.01272;56.1379;
0.01273;58.5055;
0.01274;60.849;
0.01275;63.1674;
0.01276;65.4599;
0.01277;67.7254;
0.01278;69.9631;
0.01279;72.172;
0.0128;74.3514;
0.01281;76.5002;
0.01282;78.6177;
0.01283;80.703;
0.01284;82.7553;
0.01285;84.7737;
0.01286;86.7575;
0.01287;88.7059;
0.01288;90.6182;
0.01289;92.4935;
0.0129;94.3312;
0.01291;96.1305;
0.01292;97.8907;
0.01293;99.6113;
0.01294;101.291;
0.01295;102.931;
0.01296;104.528;
0.01297;106.084;
0.01298;107.596;
0.01299;109.065;
0.013;110.491;
0.01301;111.872;
0.01302;113.208;
0.01303;114.498;
0.01304;115.743;
0.01305;116.942;
0.01306;118.094;
0.01307;119.199;
0.01308;120.256;
0.01309;121.266;
0.0131;122.228;
0.01311;123.141;
0.01312;124.006;
0.01313;124.822;
0.01314;125.589;
0.01315;126.306;
0.01316;126.975;
0.01317;127.593;
0.01318;128.161;
0.01319;128.68;
0.0132;129.149;
0.01321;129.567;
0.01322;129.936;
0.01323;130.254;
0.01324;130.523;
0.01325;130.741;
0.01326;130.909;
0.01327;131.027;
0.01328;131.095;
0.01329;131.114;
0.0133;131.082;
0.01331;131.002;
0.01332;130.872;
0.01333;130.692;
0.01334;130.464;
0.01335;130.188;
0.01336;129.863;
0.01337;129.49;
0.01338;129.069;
0.01339;128.6;
0.0134;128.085;
0.01341;127.523;
0.01342;126.914;
0.01343;126.26;
0.01344;125.56;
0.01345;124.815;
0.01346;124.026;
0.01347;123.193;
0.01348;122.316;
0.01349;121.396;
0.0135;120.433;
0.01351;119.429;
0.01352;118.383;
0.01353;117.297;
0.01354;116.171;
0.01355;115.005;
0.01356;113.8;
0.01357;112.557;
0.01358;111.276;
0.01359;109.959;
0.0136;108.606;
0.01361;107.217;
0.01362;105.794;
0.01363;104.337;
0.01364;102.846;
0.01365;101.324;
0.01366;99.7696;
0.01367;98.1847;
0.01368;96.5698;
0.01369;94.9258;
0.0137;93.2535;
0.01371;91.5538;
0.01372;89.8274;
0.01373;88.0754;
0.01374;86.2984;
0.01375;84.4975;
0.01376;82.6734;
0.01377;80.8271;
0.01378;78.9595;
0.01379;77.0715;
0.0138;75.164;
0.01381;73.2378;
0.01382;71.294;
0.01383;69.3334;
0.01384;67.357;
0.01385;65.3657;
0.01386;63.3604;
0.01387;61.3421;
0.01388;59.3117;
0.01389;57.2702;
0.0139;55.2185;
0.01391;53.1574;
0.01392;51.0881;
0.01393;49.0113;
0.01394;46.9281;
0.01395;44.8394;
0.01396;42.7461;
0.01397;40.6491;
0.01398;38.5495;
0.01399;36.448;
0.014;34.3457;
0.01401;32.2434;
0.01402;30.1421;
0.01403;28.0427;
0.01404;25.946;
0.01405;23.8531;
0.01406;21.7647;
0.01407;19.6817;
0.01408;17.6051;
0.01409;15.5357;
0.0141;13.4743;
0.01411;11.4219;
0.01412;9.37919;
0.01413;7.3471;
0.01414;5.32644;
0.01415;3.31801;
0.01416;1.32262;
0.01417;-0.658932;
0.01418;-2.62587;
0.01419;-4.57741;
0.0142;-6.51281;
0.01421;-8.4313;
0.01422;-10.3322;
0.01423;-12.2147;
0.01424;-14.0781;
0.01425;-15.9218;
0.01426;-17.745;
0.01427;-19.5472;
0.01428;-21.3275;
0.01429;-23.0855;
0.0143;-24.8204;
0.01431;-26.5317;
0.01432;-28.2187;
0.01433;-29.8809;
0.01434;-31.5178;
0.01435;-33.1287;
0.01436;-34.7131;
0.01437;-36.2706;
0.01438;-37.8006;
0.01439;-39.3027;
0.0144;-40.7763;
0.01441;-42.2211;
0.01442;-43.6366;
0.01443;-45.0223;
0.01444;-46.378;
0.01445;-47.7031;
0.01446;-48.9974;
0.01447;-50.2605;
0.01448;-51.4921;
0.01449;-52.6918;
0.0145;-53.8595;
0.01451;-54.9947;
0.01452;-56.0973;
0.01453;-57.167;
0.01454;-58.2036;
0.01455;-59.2068;
0.01456;-60.1766;
0.01457;-61.1128;
0.01458;-62.0151;
0.01459;-62.8835;
0.0146;-63.7179;
0.01461;-64.5181;
0.01462;-65.2842;
0.01463;-66.0159;
0.01464;-66.7134;
0.01465;-67.3765;
0.01466;-68.0053;
0.01467;-68.5998;
0.01468;-69.16;
0.01469;-69.686;
0.0147;-70.1777;
0.01471;-70.6354;
0.01472;-71.0591;
0.01473;-71.4489;
0.01474;-71.8049;
0.01475;-72.1273;
0.01476;-72.4163;
0.01477;-72.672;
0.01478;-72.8947;
0.01479;-73.0845;
0.0148;-73.2416;
0.01481;-73.3663;
0.01482;-73.4589;
0.01483;-73.5196;
0.01484;-73.5487;
0.01485;-73.5466;
0.01486;-73.5134;
0.01487;-73.4496;
0.01488;-73.3554;
0.01489;-73.2313;
0.0149;-73.0776;
0.01491;-72.8946;
0.01492;-72.6828;
0.01493;-72.4425;
0.01494;-72.1742;
0.01495;-71.8783;
0.01496;-71.5552;
0.01497;-71.2054;
0.01498;-70.8293;
0.01499;-70.4273;
0.015;-70;
0.01501;-69.5478;
0.01502;-69.0713;
0.01503;-68.5708;
0.01504;-68.047;
0.01505;-67.5003;
0.01506;-66.9313;
0.01507;-66.3405;
0.01508;-65.7284;
0.01509;-65.0956;
0.0151;-64.4426;
0.01511;-63.77;
0.01512;-63.0783;
0.01513;-62.3681;
0.01514;-61.64;
0.01515;-60.8945;
0.01516;-60.1323;
0.01517;-59.3538;
0.01518;-58.5598;
0.01519;-57.7507;
0.0152;-56.9271;
0.01521;-56.0897;
0.01522;-55.2391;
0.01523;-54.3758;
0.01524;-53.5004;
0.01525;-52.6136;
0.01526;-51.7159;
0.01527;-50.8079;
0.01528;-49.8902;
0.01529;-48.9634;
0.0153;-48.0282;
0.01531;-47.085;
0.01532;-46.1345;
0.01533;-45.1774;
0.01534;-44.214;
0.01535;-43.2452;
0.01536;-42.2713;
0.01537;-41.2931;
0.01538;-40.311;
0.01539;-39.3257;
0.0154;-38.3377;
0.01541;-37.3476;
0.01542;-36.3559;
0.01543;-35.3632;
0.01544;-34.37;
0.01545;-33.3768;
0.01546;-32.3843;
0.01547;-31.3929;
0.01548;-30.4031;
0.01549;-29.4154;
0.0155;-28.4305;
0.01551;-27.4487;
0.01552;-26.4705;
0.01553;-25.4965;
0.01554;-24.527;
0.01555;-23.5627;
0.01556;-22.6039;
0.01557;-21.651;
0.01558;-20.7046;
0.01559;-19.765;
0.0156;-18.8328;
0.01561;-17.9082;
0.01562;-16.9917;
0.01563;-16.0837;
0.01564;-15.1845;
0.01565;-14.2946;
0.01566;-13.4143;
0.01567;-12.544;
0.01568;-11.684;
0.01569;-10.8346;
0.0157;-9.9962;
0.01571;-9.16906;
0.01572;-8.35348;
0.01573;-7.54977;
0.01574;-6.7582;
0.01575;-5.97903;
0.01576;-5.21253;
0.01577;-4.45893;
0.01578;-3.71847;
0.01579;-2.99138;
0.0158;-2.27787;
0.01581;-1.57813;
0.01582;-0.892347;
0.01583;-0.220708;
0.01584;0.436624;
0.01585;1.0795;
0.01586;1.70777;
0.01587;2.3213;
0.01588;2.91998;
0.01589;3.50369;
0.0159;4.07234;
0.01591;4.62584;
0.01592;5.16412;
0.01593;5.6871;
0.01594;6.19475;
0.01595;6.687;
0.01596;7.16383;
0.01597;7.62522;
0.01598;8.07116;
0.01599;8.50165;
0.016;8.9167;
0.01601;9.31632;
0.01602;9.70054;
0.01603;10.0694;
0.01604;10.423;
0.01605;10.7613;
0.01606;11.0845;
0.01607;11.3925;
0.01608;11.6856;
0.01609;11.9637;
0.0161;12.2271;
0.01611;12.4757;
0.01612;12.7098;
0.01613;12.9294;
0.01614;13.1348;
0.01615;13.326;
0.01616;13.5032;
0.01617;13.6665;
0.01618;13.8163;
0.01619;13.9525;
0.0162;14.0754;
0.01621;14.1852;
0.01622;14.2821;
0.01623;14.3663;
0.01624;14.438;
0.01625;14.4975;
0.01626;14.5448;
0.01627;14.5804;
0.01628;14.6043;
0.01629;14.6169;
0.0163;14.6183;
0.01631;14.6089;
0.01632;14.5888;
0.01633;14.5584;
0.01634;14.5179;
0.01635;14.4675;
0.01636;14.4075;
0.01637;14.3382;
0.01638;14.2598;
0.01639;14.1727;
0.0164;14.0771;
0.01641;13.9732;
0.01642;13.8614;
0.01643;13.7419;
0.01644;13.615;
0.01645;13.481;
0.01646;13.3402;
0.01647;13.1929;
0.01648;13.0393;
0.01649;12.8797;
0.0165;12.7145;
0.01651;12.5438;
0.01652;12.3681;
0.01653;12.1875;
0.01654;12.0023;
0.01655;11.8128;
0.01656;11.6194;
0.01657;11.4222;
0.01658;11.2216;
0.01659;11.0178;
0.0166;10.8111;
0.01661;10.6018;
0.01662;10.3901;
0.01663;10.1762;
0.01664;9.96054;
0.01665;9.74325;
0.01666;9.52461;
0.01667;9.30487;
0.01668;9.08427;
0.01669;8.86305;
0.0167;8.64145;
0.01671;8.41969;
0.01672;8.19801;
0.01673;7.97663;
0.01674;7.75576;
0.01675;7.53561;
0.01676;7.3164;
0.01677;7.09831;
0.01678;6.88156;
0.01679;6.66633;
0.0168;6.4528;
0.01681;6.24116;
0.01682;6.03158;
0.01683;5.82422;
0.01684;5.61925;
0.01685;5.41682;
0.01686;5.21708;
0.01687;5.02018;
0.01688;4.82624;
0.01689;4.63541;
0.0169;4.44781;
0.01691;4.26355;
0.01692;4.08274;
0.01693;3.90549;
0.01694;3.7319;
0.01695;3.56205;
0.01696;3.39603;
0.01697;3.23392;
0.01698;3.0758;
0.01699;2.92171;
0.017;2.77173;
0.01701;2.6259;
0.01702;2.48426;
0.01703;2.34687;
0.01704;2.21373;
0.01705;2.08489;
0.01706;1.96036;
0.01707;1.84014;
0.01708;1.72425;
0.01709;1.61269;
0.0171;1.50544;
0.01711;1.4025;
0.01712;1.30383;
0.01713;1.20943;
0.01714;1.11925;
0.01715;1.03326;
0.01716;0.951405;
0.01717;0.873649;
0.01718;0.799932;
0.01719;0.730194;
0.0172;0.664368;
0.01721;0.602383;
0.01722;0.544163;
0.01723;0.489627;
0.01724;0.438688;
0.01725;0.391256;
0.01726;0.347235;
0.01727;0.306525;
0.01728;0.269021;
0.01729;0.234615;
0.0173;0.203194;
0.01731;0.174642;
0.01732;0.14884;
0.01733;0.125662;
0.01734;0.104983;
0.01735;0.0866721;
0.01736;0.0705961;
0.01737;0.056619;
0.01738;0.0446023;
0.01739;0.0344047;
0.0174;0.0258828;
0.01741;0.018891;
0.01742;0.0132819;
0.01743;0.00890619;
0.01744;0.00561313;
0.01745;0.00325057;
0.01746;0.00166523;
0.01747;0.000702827;
0.01748;0.00020831;
0.01749;2.60436e-05;
0.0175;-0;
0.01751;-2.60436e-05;
0.01752;-0.00020831;
0.01753;-0.000702827;
0.01754;-0.00166523;
0.01755;-0.00325057;
0.01756;-0.00561313;
0.01757;-0.00890619;
0.01758;-0.0132819;
0.01759;-0.018891;
0.0176;-0.0258828;
0.01761;-0.0344047;
0.01762;-0.0446023;
0.01763;-0.056619;
0.01764;-0.0705961;
0.01765;-0.0866721;
0.01766;-0.104983;
0.01767;-0.125662;
0.01768;-0.14884;
0.01769;-0.174642;
0.0177;-0.203194;
0.01771;-0.234615;
0.01772;-0.269021;
0.01773;-0.306525;
0.01774;-0.347235;
0.01775;-0.391256;
0.01776;-0.438688;
0.01777;-0.489627;
0.01778;-0.544163;
0.01779;-0.602383;
0.0178;-0.664368;
0.01781;-0.730194;
0.01782;-0.799932;
0.01783;-0.873649;
0.01784;-0.951405;
0.01785;-1.03326;
0.01786;-1.11925;
0.01787;-1.20943;
0.01788;-1.30383;
0.01789;-1.4025;
0.0179;-1.50544;
0.01791;-1.61269;
0.01792;-1.72425;
0.01793;-1.84014;
0.01794;-1.96036;
0.01795;-2.08489;
0.01796;-2.21373;
0.01797;-2.34687;
0.01798;-2.48426;
0.01799;-2.6259;
0.018;-2.77173;
0.01801;-2.92171;
0.01802;-3.0758;
0.01803;-3.23392;
0.01804;-3.39603;
0.01805;-3.56205;
0.01806;-3.7319;
0.01807;-3.90549;
0.01808;-4.08274;
0.01809;-4.26355;
0.0181;-4.44781;
0.01811;-4.63541;
0.01812;-4.82624;
0.01813;-5.02018;
0.01814;-5.21708;
0.01815;-5.41682;
0.01816;-5.61925;
0.01817;-5.82422;
0.01818;-6.03158;
0.01819;-6.24116;
0.0182;-6.4528;
0.01821;-6.66633;
0.01822;-6.88156;
0.01823;-7.09831;
0.01824;-7.3164;
0.01825;-7.53561;
0.01826;-7.75576;
0.01827;-7.97663;
0.01828;-8.19801;
0.01829;-8.41969;
0.0183;-8.64145;
0.01831;-8.86305;
0.01832;-9.08427;
0.01833;-9.30487;
0.01834;-9.52461;
0.01835;-9.74325;
0.01836;-9.96054;
0.01837;-10.1762;
0.01838;-10.3901;
0.01839;-10.6018;
0.0184;-10.8111;
0.01841;-11.0178;
0.01842;-11.2216;
0.01843;-11.4222;
0.01844;-11.6194;
0.01845;-11.8128;
0.01846;-12.0023;
0.01847;-12.1875;
0.01848;-12.3681;
0.01849;-12.5438;
0.0185;-12.7145;
0.01851;-12.8797;
0.01852;-13.0393;
0.01853;-13.1929;
0.01854;-13.3402;
0.01855;-13.481;
0.01856;-13.615;
0.01857;-13.7419;
0.01858;-13.8614;
0.01859;-13.9732;
0.0186;-14.0771;
0.01861;-14.1727;
0.01862;-14.2598;
0.01863;-14.3382;
0.01864;-14.4075;
0.01865;-14.4675;
0.01866;-14.5179;
0.01867;-14.5584;
0.01868;-14.5888;
0.01869;-14.6089;
0.0187;-14.6183;
0.01871;-14.6169;
0.01872;-14.6043;
0.01873;-14.5804;
0.01874;-14.5448;
0.01875;-14.4975;
0.01876;-14.438;
0.01877;-14.3663;
0.01878;-14.2821;
0.01879;-14.1852;
0.0188;-14.0754;
0.01881;-13.9525;
0.01882;-13.8163;
0.01883;-13.6665;
0.01884;-13.5032;
0.01885;-13.326;
0.01886;-13.1348;
0.01887;-12.9294;
0.01888;-12.7098;
0.01889;-12.4757;
0.0189;-12.2271;
0.01891;-11.9637;
0.01892;-11.6856;
0.01893;-11.3925;
0.01894;-11.0845;
0.01895;-10.7613;
0.01896;-10.423;
0.01897;-10.0694;
0.01898;-9.70054;
0.01899;-9.31632;
0.019;-8.9167;
0.01901;-8.50165;
0.01902;-8.07116;
0.01903;-7.62522;
0.01904;-7.16383;
0.01905;-6.687;
0.01906;-6.19475;
0.01907;-5.6871;
0.01908;-5.16412;
0.01909;-4.62584;
0.0191;-4.07234;
0.01911;-3.50369;
0.01912;-2.91998;
0.01913;-2.3213;
0.01914;-1.70777;
0.01915;-1.0795;
0.01916;-0.436624;
0.01917;0.220708;
0.01918;0.892347;
0.01919;1.57813;
0.0192;2.27787;
0.01921;2.99138;
0.01922;3.71847;
0.01923;4.45893;
0.01924;5.21253;
0.01925;5.97903;
0.01926;6.7582;
0.01927;7.54977;
0.01928;8.35348;
0.01929;9.16906;
0.0193;9.9962;
0.01931;10.8346;
0.01932;11.684;
0.01933;12.544;
0.01934;13.4143;
0.01935;14.2946;
0.01936;15.1845;
0.01937;16.0837;
0.01938;16.9917;
0.01939;17.9082;
0.0194;18.8328;
0.01941;19.765;
0.01942;20.7046;
0.01943;21.651;
0.01944;22.6039;
0.01945;23.5627;
0.01946;24.527;
0.01947;25.4965;
0.01948;26.4705;
0.01949;27.4487;
0.0195;28.4305;
0.01951;29.4154;
0.01952;30.4031;
0.01953;31.3929;
0.01954;32.3843;
0.01955;33.3768;
0.01956;34.37;
0.01957;35.3632;
0.01958;36.3559;
0.01959;37.3476;
0.0196;38.3377;
0.01961;39.3257;
0.01962;40.311;
0.01963;41.2931;
0.01964;42.2713;
0.01965;43.2452;
0.01966;44.214;
0.01967;45.1774;
0.01968;46.1345;
0.01969;47.085;
0.0197;48.0282;
0.01971;48.9634;
0.01972;49.8902;
0.01973;50.8079;
0.01974;51.7159;
0.01975;52.6136;
0.01976;53.5004;
0.01977;54.3758;
0.01978;55.2391;
0.01979;56.0897;
0.0198;56.9271;
0.01981;57.7507;
0.01982;58.5598;
0.01983;59.3538;
0.01984;60.1323;
0.01985;60.8945;
0.01986;61.64;
0.01987;62.3681;
0.01988;63.0783;
0.01989;63.77;
0.0199;64.4426;
0.01991;65.0956;
0.01992;65.7284;
0.01993;66.3405;
0.01994;66.9313;
0.01995;67.5003;
0.01996;68.047;
0.01997;68.5708;
0.01998;69.0713;
