0;0;
0.001;2.33283e-13;
0.002;-2.34163e-13;
0.003;4.72027e-14;
0.004;8.64066e-15;
0.005;7.55906e-14;
0.006;-2.13215e-13;
0.007;7.43121e-14;
0.008;-2.32338e-13;
0.009;-1.94903e-13;
0.01;4.38018e-14;
0.011;-5.37625e-14;
0.012;-4.34618e-14;
0.013;1.30933e-13;
0.014;-1.03612e-13;
0.015;-2.40821e-13;
0.016;-4.43534e-14;
0.017;9.71091e-13;
0.018;-1.57513e-14;
0.019;-2.22308e-13;
0.02;-1.77136e-13;
0.021;3.62002e-14;
0.022;-6.60604e-13;
0.023;-5.09773e-13;
0.024;-6.30759e-13;
0.025;-500;
0.026;-7.29028e-13;
0.027;6.40349e-13;
0.028;3.35801e-13;
0.029;6.71824e-14;
0.03;4.57467e-13;
0.031;-4.07313e-14;
0.032;1.05319e-13;
0.033;-3.01009e-13;
0.034;-3.10502e-13;
0.035;2.38712e-13;
0.036;1.93928e-13;
0.037;-7.42462e-14;
0.038;-7.34135e-14;
0.039;1.3177e-13;
0.04;1.25802e-13;
0.041;2.89338e-13;
0.042;5.02584e-13;
0.043;-1.84033e-13;
0.044;1.78191e-13;
0.045;-3.1862e-13;
0.046;2.96305e-13;
0.047;1.02598e-13;
0.048;-6.36158e-14;
0.049;-4.69041e-13;
0.05;-4.52263e-13;
0.051;5.00031e-13;
0.052;1.91319e-13;
0.053;2.43847e-13;
0.054;-3.98598e-13;
0.055;2.7553e-13;
0.056;-5.51767e-13;
0.057;5.09814e-13;
0.058;7.62945e-13;
0.059;9.15934e-16;
0.06;-3.59601e-13;
0.061;-1.26427e-13;
0.062;-1.70003e-13;
0.063;-2.0775e-13;
0.064;-2.76668e-13;
0.065;-1.77361e-12;
0.066;-250;
0.067;7.37133e-13;
0.068;-2.35784e-13;
0.069;2.88186e-13;
0.07;2.02088e-13;
0.071;6.20975e-13;
0.072;-4.14113e-14;
0.073;4.23994e-13;
0.074;-3.38535e-13;
0.075;7.93809e-14;
0.076;1.95288e-13;
0.077;1.57901e-13;
0.078;3.80668e-13;
0.079;-1.85685e-13;
0.08;4.61575e-14;
0.081;-7.11931e-14;
0.082;6.57308e-13;
0.083;2.3187e-13;
0.084;2.83745e-13;
0.085;-6.63997e-13;
0.086;9.40636e-14;
0.087;3.56243e-13;
0.088;3.1955e-13;
0.089;9.99201e-16;
0.09;-2.75724e-13;
0.091;2.6229e-14;
0.092;1.4197e-13;
0.093;-9.98368e-14;
0.094;-3.26378e-13;
0.095;-1.33893e-13;
0.096;-4.45199e-14;
0.097;2.56878e-13;
0.098;2.85882e-13;
0.099;-3.81389e-13;
0.1;2.02699e-13;
0.101;-2.90046e-14;
0.102;7.30083e-13;
0.103;3.44946e-13;
0.104;-4.85972e-13;
0.105;2.63123e-14;
0.106;3.69427e-14;
0.107;-3.77004e-13;
0.108;-1.68282e-13;
0.109;-1.43136e-13;
0.11;4.23273e-14;
0.111;3.85525e-14;
0.112;-1.93737e-12;
0.113;5.95357e-14;
0.114;2.31426e-13;
0.115;1.01197e-13;
0.116;9.50351e-14;
0.117;4.02733e-14;
0.118;-9.55902e-14;
0.119;1.93456e-13;
0.12;-2.06368e-12;
0.121;4.26853e-13;
0.122;1.89126e-13;
0.123;2.44804e-13;
0.124;-9.80327e-14;
0.125;6.64857e-13;
0.126;-2.70223e-12;
0.127;3.20188e-13;
0.128;8.2101e-14;
0.129;-1.55487e-13;
0.13;1.73417e-13;
0.131;7.91589e-14;
0.132;-2.00395e-14;
0.133;1.44995e-13;
0.134;2.95375e-13;
0.135;-4.5336e-13;
0.136;-2.61846e-13;
0.137;3.72313e-13;
0.138;-3.5516e-13;
0.139;-5.01266e-14;
0.14;-1.49991e-13;
0.141;-1.37435e-12;
0.142;-7.82707e-15;
0.143;-3.59934e-13;
0.144;-5.65659e-14;
0.145;4.64961e-13;
0.146;2.87326e-13;
0.147;-1.45328e-13;
0.148;3.74423e-13;
0.149;4.32987e-14;
0.15;2.82663e-13;
0.151;7.71605e-14;
0.152;1.68976e-13;
0.153;1.08524e-13;
0.154;-6.15896e-13;
0.155;3.27072e-13;
0.156;-4.3171e-13;
0.157;1.25733e-13;
0.158;1.83353e-13;
0.159;-2.67009e-14;
0.16;-1.53416e-12;
0.161;-1.33454e-12;
0.162;-1.47382e-13;
0.163;3.36398e-13;
0.164;2.93765e-13;
0.165;7.14706e-13;
0.166;-4.996e-16;
0.167;-1.1019e-13;
0.168;3.11307e-13;
0.169;-4.80949e-13;
0.17;-1.17784e-12;
0.171;-2.498e-15;
0.172;-1.40177e-12;
0.173;-7.14095e-13;
0.174;1.02396e-12;
0.175;-2.0306e-13;
0.176;-8.21454e-13;
0.177;-1.1488e-12;
0.178;1.0531e-12;
0.179;9.03944e-13;
0.18;-7.19258e-13;
0.181;1.44607e-13;
0.182;-4.34652e-14;
0.183;-1.01164e-12;
0.184;5.49616e-13;
0.185;7.59948e-14;
0.186;-5.66769e-14;
0.187;2.04659e-12;
0.188;8.77243e-13;
0.189;-3.17191e-13;
0.19;-1.15519e-13;
0.191;3.47111e-13;
0.192;1.02651e-12;
0.193;1.2601e-14;
0.194;-5.61218e-13;
0.195;-1.19882e-12;
0.196;5.10481e-13;
0.197;2.45415e-13;
0.198;-3.39562e-13;
0.199;-1.44551e-13;
0.2;-6.65246e-13;
0.201;6.31439e-13;
0.202;4.53804e-13;
0.203;-1.27631e-12;
0.204;2.68341e-13;
0.205;-5.50893e-13;
0.206;-4.25382e-13;
0.207;3.09364e-12;
0.208;3.14249e-13;
0.209;-1.68793e-12;
0.21;-7.71494e-13;
0.211;-4.5669e-13;
0.212;-9.5024e-13;
0.213;1.74338e-12;
0.214;-1.25877e-12;
0.215;-4.18998e-13;
0.216;2.49689e-13;
0.217;7.27196e-13;
0.218;1.67533e-13;
0.219;-3.98459e-13;
0.22;-9.59843e-13;
0.221;-8.7963e-13;
0.222;-3.51941e-13;
0.223;1.51301e-12;
0.224;-1.50269e-13;
0.225;-6.12899e-13;
0.226;-1.67089e-14;
0.227;2.67619e-13;
0.228;1.02973e-12;
0.229;3.33067e-13;
0.23;4.26825e-13;
0.231;-1.02157e-12;
0.232;2.03337e-13;
0.233;-1.00681e-12;
0.234;-1.72828e-12;
0.235;-7.55118e-13;
0.236;-1.4303e-12;
0.237;3.23963e-13;
0.238;-1.37779e-13;
0.239;-6.80955e-13;
0.24;-4.09173e-13;
0.241;8.56537e-13;
0.242;-5.16587e-13;
0.243;-1.0919e-12;
0.244;-5.4512e-14;
0.245;-1.82265e-12;
0.246;5.41678e-13;
0.247;-4.40981e-13;
0.248;8.17124e-13;
0.249;-1.16795e-13;
0.25;-2.33924e-13;
0.251;2.57017e-13;
0.252;5.18974e-13;
0.253;4.57523e-13;
0.254;-6.7224e-14;
0.255;5.03869e-12;
0.256;-1.95677e-13;
0.257;-4.44089e-15;
0.258;3.0359e-13;
0.259;2.26702e-12;
0.26;2.67786e-13;
0.261;1.70713e-12;
0.262;-1.00198e-12;
0.263;1.7038e-12;
0.264;-2.16382e-13;
0.265;-9.97424e-13;
0.266;8.30613e-13;
0.267;4.23261e-12;
0.268;-1.49775e-12;
0.269;-7.23921e-13;
0.27;8.05578e-13;
0.271;5.95524e-13;
0.272;3.44225e-13;
0.273;-1.42275e-13;
0.274;1.27742e-12;
0.275;-8.42659e-14;
0.276;7.68829e-14;
0.277;2.77944e-13;
0.278;4.09728e-13;
0.279;-7.18314e-14;
0.28;-2.61513e-13;
0.281;-1.25894e-12;
0.282;-5.93858e-13;
0.283;6.06959e-13;
0.284;2.87326e-13;
0.285;2.77556e-14;
0.286;6.34492e-14;
0.287;1.09579e-13;
0.288;-7.73942e-12;
0.289;1.00958e-12;
0.29;-1.88349e-13;
0.291;-1.76636e-13;
0.292;-9.53126e-14;
0.293;1.4394e-13;
0.294;-6.63747e-13;
0.295;6.48426e-13;
0.296;5.86753e-14;
0.297;3.60711e-13;
0.298;-4.22995e-13;
0.299;-2.24265e-13;
0.3;-2.83384e-13;
0.301;-3.69427e-13;
0.302;2.85605e-13;
0.303;-1.13187e-12;
0.304;-1.21103e-12;
0.305;1.6076e-13;
0.306;1.09956e-12;
0.307;7.50844e-13;
0.308;2.9976e-14;
0.309;8.471e-14;
0.31;1.75554e-12;
0.311;5.33296e-13;
0.312;1.74305e-13;
0.313;-8.11573e-14;
0.314;-3.72757e-13;
0.315;-1.69642e-13;
0.316;-4.91163e-13;
0.317;1.33282e-13;
0.318;5.85143e-13;
0.319;-5.12312e-13;
0.32;-1.21836e-12;
0.321;-4.5014e-13;
0.322;-4.42424e-14;
0.323;3.86358e-14;
0.324;-1.07858e-13;
0.325;-1.33227e-14;
0.326;-1.90792e-13;
0.327;2.70339e-13;
0.328;9.99201e-14;
0.329;-8.66862e-13;
0.33;-2.03892e-13;
0.331;-4.81282e-14;
0.332;-5.0393e-13;
0.333;2.22045e-14;
0.334;2.63733e-12;
0.335;4.89608e-14;
0.336;7.61002e-13;
0.337;3.94906e-13;
0.338;-7.57006e-13;
0.339;1.09912e-14;
0.34;-6.72407e-13;
0.341;-1.47254e-12;
0.342;2.22933e-13;
0.343;-5.76705e-13;
0.344;4.53748e-13;
0.345;7.27363e-13;
0.346;1.2127e-12;
0.347;-2.9054e-12;
0.348;-4.15756e-12;
0.349;-9.83769e-13;
0.35;-5.24802e-13;
0.351;-1.77058e-12;
0.352;1.19454e-12;
0.353;-2.23127e-12;
0.354;-3.192e-12;
0.355;8.77631e-14;
0.356;6.61471e-13;
0.357;-8.85403e-14;
0.358;6.74405e-13;
0.359;2.39442e-12;
0.36;8.94285e-14;
0.361;8.25284e-13;
0.362;-4.43034e-13;
0.363;-7.73992e-13;
0.364;-5.19307e-13;
0.365;3.48888e-13;
0.366;9.59788e-14;
0.367;6.09901e-13;
0.368;1.50852e-12;
0.369;1.18577e-12;
0.37;-8.26672e-13;
0.371;-2.04609e-12;
0.372;-1.24151e-12;
0.373;-7.33247e-13;
0.374;-1.2006e-12;
0.375;3.13871e-12;
0.376;1.11156e-12;
0.377;-2.8639e-12;
0.378;-2.56081e-12;
0.379;1.77006e-12;
0.38;-3.02813e-12;
0.381;1.48576e-13;
0.382;-1.04416e-13;
0.383;-1.29347e-12;
0.384;7.33552e-13;
0.385;1.00253e-12;
0.386;-1.78024e-13;
0.387;-3.15137e-13;
0.388;-1.42703e-12;
0.389;-2.02185e-12;
0.39;-3.42326e-12;
0.391;1.89293e-14;
0.392;4.83596e-12;
0.393;9.63146e-13;
0.394;-2.70514e-12;
0.395;-2.76085e-13;
0.396;1.12194e-12;
0.397;-1.37448e-12;
0.398;-3.25545e-13;
0.399;1.45689e-13;
0.4;2.54524e-12;
0.401;-8.3264e-13;
0.402;4.14391e-13;
0.403;1.45634e-12;
0.404;8.37802e-13;
0.405;9.14241e-13;
0.406;2.92849e-13;
0.407;-7.39409e-13;
0.408;7.90756e-14;
0.409;6.31911e-13;
0.41;-7.70828e-13;
0.411;-2.07634e-12;
0.412;-4.14946e-14;
0.413;1.41198e-12;
0.414;-4.38785e-12;
0.415;5.20417e-14;
0.416;-1.16035e-12;
0.417;-5.14616e-13;
0.418;-2.23219e-12;
0.419;-1.20134e-12;
0.42;-5.30215e-13;
0.421;8.03746e-13;
0.422;-3.21887e-12;
0.423;4.08368e-13;
0.424;1.38137e-12;
0.425;-1.03481e-12;
0.426;-1.05746e-12;
0.427;5.56361e-13;
0.428;1.03173e-12;
0.429;1.3442e-12;
0.43;2.08467e-12;
0.431;2.16133e-13;
0.432;8.70665e-13;
0.433;3.50553e-13;
0.434;-1.06182e-12;
0.435;-9.57151e-13;
0.436;-2.24185e-12;
0.437;1.19488e-13;
0.438;1.72423e-12;
0.439;-4.76896e-13;
0.44;-5.07908e-12;
0.441;-2.08555e-13;
0.442;-4.02503e-12;
0.443;-3.86896e-12;
0.444;8.31168e-13;
0.445;-1.4701e-12;
0.446;1.24609e-12;
0.447;-8.2441e-13;
0.448;-2.3305e-13;
0.449;-2.02727e-13;
0.45;9.54931e-14;
0.451;2.47626e-12;
0.452;-2.19366e-13;
0.453;-1.07078e-12;
0.454;-8.17818e-13;
0.455;4.6351e-12;
0.456;1.88874e-12;
0.457;6.62595e-13;
0.458;-1.94297e-12;
0.459;-4.92006e-12;
0.46;-5.02304e-12;
0.461;2.08653e-13;
0.462;1.6796e-12;
0.463;6.98649e-13;
0.464;6.07348e-13;
0.465;7.93449e-13;
0.466;-7.85969e-13;
0.467;3.83638e-13;
0.468;-7.47347e-13;
0.469;-7.0198e-13;
0.47;-5.59927e-13;
0.471;5.38042e-13;
0.472;-7.7359e-13;
0.473;1.71426e-12;
0.474;-1.27154e-12;
0.475;5.08892e-12;
0.476;8.40758e-13;
0.477;1.18949e-12;
0.478;7.20486e-13;
0.479;-7.82326e-13;
0.48;1.4324e-13;
0.481;-9.48283e-13;
0.482;-3.38216e-13;
0.483;-7.24885e-13;
0.484;2.42181e-13;
0.485;-8.06417e-13;
0.486;-4.95853e-13;
0.487;-2.86585e-12;
0.488;-4.26294e-13;
0.489;2.54321e-12;
0.49;-1.14924e-12;
0.491;-8.90708e-13;
0.492;-4.37178e-13;
0.493;4.63764e-13;
0.494;-4.67166e-13;
0.495;8.33892e-13;
0.496;4.40218e-12;
0.497;-2.21079e-13;
0.498;1.10264e-12;
0.499;-1.5699e-12;
0.5;1.52643e-12;
0.501;1.50599e-12;
0.502;-1.84967e-13;
0.503;8.76584e-13;
0.504;3.26954e-13;
0.505;-1.62973e-12;
0.506;-8.45829e-13;
0.507;8.06459e-13;
0.508;-1.04701e-11;
0.509;1.4258e-12;
0.51;6.80421e-13;
0.511;1.77646e-12;
0.512;2.40363e-14;
0.513;-7.02469e-13;
0.514;-3.59524e-12;
0.515;7.64257e-13;
0.516;6.71324e-13;
0.517;2.06167e-12;
0.518;-6.08326e-13;
0.519;-3.68417e-12;
0.52;2.22739e-12;
0.521;1.02293e-13;
0.522;5.78291e-12;
0.523;9.1839e-13;
0.524;-2.18531e-12;
0.525;-1.00151e-12;
0.526;1.07024e-12;
0.527;2.66988e-13;
0.528;-1.94156e-12;
0.529;2.25345e-12;
0.53;3.8955e-13;
0.531;2.57322e-13;
0.532;4.22343e-13;
0.533;2.62734e-12;
0.534;6.43013e-13;
0.535;6.16149e-12;
0.536;-1.48605e-12;
0.537;2.77375e-12;
0.538;-1.07372e-13;
0.539;2.41733e-12;
0.54;-6.66288e-12;
0.541;6.80345e-13;
0.542;-3.65485e-13;
0.543;-1.42082e-12;
0.544;5.39638e-12;
0.545;3.7674e-13;
0.546;-3.51968e-13;
0.547;2.25764e-13;
0.548;-5.51365e-14;
0.549;2.16487e-12;
0.55;2.81782e-12;
0.551;-5.23234e-13;
0.552;3.17153e-12;
0.553;3.02924e-13;
0.554;-5.31963e-13;
0.555;-7.38409e-13;
0.556;-6.74044e-14;
0.557;-3.74478e-13;
0.558;1.46272e-13;
0.559;-3.52218e-14;
0.56;6.60555e-13;
0.561;-6.56031e-13;
0.562;6.2888e-12;
0.563;-1.75135e-12;
0.564;-7.45737e-13;
0.565;6.54476e-14;
0.566;-2.33269e-12;
0.567;-5.82309e-12;
0.568;2.54796e-14;
0.569;-8.93174e-14;
0.57;1.84353e-12;
0.571;1.76997e-13;
0.572;8.56537e-13;
0.573;6.53533e-13;
0.574;5.67063e-12;
0.575;2.3184e-12;
0.576;-2.85494e-13;
0.577;-2.71339e-13;
0.578;1.5149e-12;
0.579;4.71734e-13;
0.58;-9.48269e-13;
0.581;-3.99403e-13;
0.582;-1.7526e-12;
0.583;-3.06172e-13;
0.584;4.01429e-13;
0.585;1.3817e-12;
0.586;1.08968e-12;
0.587;5.19523e-12;
0.588;1.50588e-12;
0.589;4.97657e-14;
0.59;5.54223e-13;
0.591;-1.40624e-12;
0.592;3.71425e-13;
0.593;1.92174e-12;
0.594;9.45577e-13;
0.595;8.02608e-13;
0.596;3.37341e-13;
0.597;-2.95042e-14;
0.598;-3.7273e-13;
0.599;-1.09263e-12;
0.6;-1.70458e-12;
0.601;3.51993e-12;
0.602;-2.35478e-13;
0.603;-9.29423e-13;
0.604;-7.15816e-13;
0.605;-1.41104e-12;
0.606;3.35817e-12;
0.607;2.46331e-13;
0.608;-3.14429e-12;
0.609;-2.84989e-12;
0.61;-8.9373e-14;
0.611;1.0546e-12;
0.612;4.61908e-13;
0.613;-7.75963e-13;
0.614;-1.73889e-13;
0.615;-6.4726e-14;
0.616;1.01122e-12;
0.617;1.06845e-12;
0.618;-2.26882e-12;
0.619;-2.148e-13;
0.62;-1.00281e-13;
0.621;1.5527e-12;
0.622;5.84033e-13;
0.623;4.77757e-13;
0.624;5.44176e-13;
0.625;5.18141e-13;
0.626;5.07439e-12;
0.627;-5.20017e-12;
0.628;-6.76292e-12;
0.629;-1.20776e-12;
0.63;-1.35114e-13;
0.631;-8.34161e-12;
0.632;6.53144e-13;
0.633;-6.88172e-13;
0.634;-2.29483e-13;
0.635;-1.91591e-12;
0.636;5.18197e-13;
0.637;-9.81715e-13;
0.638;-9.93261e-13;
0.639;5.0232e-13;
0.64;1.58079e-12;
0.641;1.25966e-12;
0.642;6.13343e-13;
0.643;-2.84534e-12;
0.644;1.29785e-12;
0.645;2.26208e-13;
0.646;5.12407e-12;
0.647;-3.21465e-13;
0.648;6.41709e-13;
0.649;-9.89542e-13;
0.65;5.12923e-14;
0.651;-1.30557e-12;
0.652;5.28411e-13;
0.653;6.76348e-13;
0.654;6.76514e-13;
0.655;-4.58855e-13;
0.656;-2.76779e-13;
0.657;8.5032e-13;
0.658;1.17961e-13;
0.659;-2.21595e-12;
0.66;-2.48529e-12;
0.661;-1.7617e-12;
0.662;-2.93254e-12;
0.663;-1.17739e-13;
0.664;-9.69225e-14;
0.665;-1.63264e-12;
0.666;-6.03184e-13;
0.667;-1.63441e-12;
0.668;-5.79647e-13;
0.669;1.83614e-12;
0.67;-4.91385e-13;
0.671;8.7097e-13;
0.672;1.85907e-13;
0.673;-6.88949e-13;
0.674;2.27801e-12;
0.675;2.29444e-12;
0.676;-1.88793e-13;
0.677;9.70002e-13;
0.678;-6.34381e-13;
0.679;2.08777e-12;
0.68;3.06088e-13;
0.681;-1.35014e-12;
0.682;8.0369e-13;
0.683;-1.56952e-12;
0.684;-2.25486e-13;
0.685;-6.78846e-13;
0.686;3.60934e-13;
0.687;-1.84303e-12;
0.688;-2.60181e-12;
0.689;1.34337e-12;
0.69;2.18731e-12;
0.691;5.47851e-12;
0.692;-5.41234e-13;
0.693;2.20951e-12;
0.694;-1.11028e-11;
0.695;-2.0367e-13;
0.696;-7.81203e-12;
0.697;-4.67848e-13;
0.698;2.75951e-12;
0.699;1.5965e-13;
0.7;-6.62914e-13;
0.701;5.10703e-13;
0.702;4.7673e-13;
0.703;-1.4081e-12;
0.704;-3.18912e-13;
0.705;1.92713e-12;
0.706;1.40948e-12;
0.707;3.63709e-13;
0.708;-1.34603e-12;
0.709;-4.48125e-12;
0.71;-1.03588e-11;
0.711;-1.93867e-12;
0.712;-1.58212e-12;
0.713;8.50542e-13;
0.714;-1.99574e-12;
0.715;8.03468e-13;
0.716;3.2126e-12;
0.717;2.45376e-12;
0.718;-1.35764e-12;
0.719;3.06666e-12;
0.72;4.65961e-13;
0.721;2.94376e-13;
0.722;-3.97959e-13;
0.723;-8.37219e-13;
0.724;-3.36398e-13;
0.725;-9.5618e-13;
0.726;8.64198e-13;
0.727;-3.67956e-12;
0.728;3.69144e-12;
0.729;1.17534e-12;
0.73;-2.19819e-12;
0.731;2.07184e-12;
0.732;2.00551e-12;
0.733;2.72615e-12;
0.734;1.99224e-12;
0.735;5.60829e-13;
0.736;3.32873e-12;
0.737;9.05442e-13;
0.738;-9.24538e-13;
0.739;-5.92254e-12;
0.74;1.30251e-12;
0.741;-9.31311e-13;
0.742;-2.98489e-12;
0.743;-6.74399e-12;
0.744;2.13857e-12;
0.745;-1.13182e-12;
0.746;2.68041e-12;
0.747;-1.32383e-12;
0.748;-2.34812e-14;
0.749;1.12854e-13;
0.75;-1.57929e-12;
0.751;1.34548e-12;
0.752;3.85159e-12;
0.753;-4.77729e-13;
0.754;9.9748e-13;
0.755;1.5849e-12;
0.756;2.76823e-12;
0.757;6.66556e-12;
0.758;-3.57836e-12;
0.759;-3.55493e-13;
0.76;8.89211e-12;
0.761;-4.13714e-12;
0.762;-4.33098e-13;
0.763;-7.73648e-12;
0.764;-2.16599e-12;
0.765;3.52773e-13;
0.766;3.90327e-12;
0.767;-1.04161e-12;
0.768;-1.27809e-12;
0.769;-8.38829e-13;
0.77;3.16136e-13;
0.771;1.59117e-12;
0.772;2.05364e-12;
0.773;3.11307e-12;
0.774;-9.62969e-12;
0.775;2.91211e-13;
0.776;8.50042e-13;
0.777;-9.39904e-12;
0.778;2.23388e-12;
0.779;3.20688e-13;
0.78;1.35869e-12;
0.781;-5.62272e-12;
0.782;-1.07364e-12;
0.783;-2.28378e-12;
0.784;-1.16973e-12;
0.785;-1.16041e-12;
0.786;-1.40571e-12;
0.787;-5.92137e-13;
0.788;-3.59268e-13;
0.789;9.12659e-13;
0.79;-4.33903e-12;
0.791;3.41338e-13;
0.792;-2.225e-12;
0.793;-1.08117e-11;
0.794;-3.69649e-13;
0.795;-4.61187e-12;
0.796;4.3604e-13;
0.797;2.18658e-13;
0.798;9.4369e-14;
0.799;-5.00788e-12;
0.8;-3.44502e-12;
0.801;-4.76374e-12;
0.802;5.17031e-13;
0.803;2.75052e-12;
0.804;-7.30527e-14;
0.805;-5.18796e-12;
0.806;1.68304e-12;
0.807;-2.71383e-12;
0.808;2.68408e-12;
0.809;1.32799e-12;
0.81;-1.40997e-11;
0.811;3.0051e-12;
0.812;-5.14516e-12;
0.813;-4.88942e-13;
0.814;1.63541e-12;
0.815;1.93084e-12;
0.816;-2.59953e-12;
0.817;-1.10495e-12;
0.818;8.07854e-13;
0.819;2.46025e-13;
0.82;6.07736e-13;
0.821;5.80419e-12;
0.822;5.18457e-12;
0.823;3.81301e-12;
0.824;2.28961e-12;
0.825;7.94254e-13;
0.826;1.4474e-12;
0.827;1.24523e-12;
0.828;-1.22324e-12;
0.829;-1.1357e-12;
0.83;1.71096e-12;
0.831;-4.97186e-12;
0.832;-4.32276e-12;
0.833;-2.86637e-12;
0.834;-8.39562e-12;
0.835;-6.95655e-12;
0.836;-2.82041e-12;
0.837;2.11248e-12;
0.838;-2.58882e-12;
0.839;-4.00924e-12;
0.84;-2.05747e-12;
0.841;-1.80322e-12;
0.842;2.02771e-12;
0.843;2.75968e-12;
0.844;1.55875e-13;
0.845;-3.23586e-12;
0.846;-2.71894e-13;
0.847;-1.20881e-12;
0.848;-1.99968e-12;
0.849;-5.91416e-13;
0.85;9.94604e-12;
0.851;2.69196e-12;
0.852;1.46771e-12;
0.853;9.35529e-13;
0.854;2.16682e-12;
0.855;-4.58994e-12;
0.856;-1.22352e-12;
0.857;-1.26421e-12;
0.858;1.43618e-12;
0.859;7.39164e-12;
0.86;3.61278e-12;
0.861;-7.60003e-13;
0.862;-1.79173e-12;
0.863;-2.45509e-12;
0.864;-5.70655e-14;
0.865;-2.38531e-13;
0.866;-6.10251e-12;
0.867;-1.95033e-12;
0.868;-2.97978e-12;
0.869;-3.72818e-12;
0.87;-9.73532e-12;
0.871;-1.89287e-12;
0.872;-2.73948e-12;
0.873;2.53902e-12;
0.874;-1.02796e-12;
0.875;-5.31641e-12;
0.876;-1.62564e-12;
0.877;-3.23469e-12;
0.878;-4.85056e-13;
0.879;-5.11652e-12;
0.88;8.67584e-13;
0.881;3.6546e-12;
0.882;7.99388e-13;
0.883;-2.02835e-12;
0.884;1.1759e-11;
0.885;6.45048e-12;
0.886;-3.20555e-12;
0.887;-2.21767e-12;
0.888;4.72705e-13;
0.889;1.94475e-12;
0.89;-2.12999e-12;
0.891;3.68899e-12;
0.892;2.28212e-12;
0.893;-8.07965e-12;
0.894;4.7326e-13;
0.895;1.02002e-12;
0.896;1.35369e-12;
0.897;-2.05691e-12;
0.898;1.62473e-12;
0.899;1.04916e-12;
0.9;-3.83032e-12;
0.901;-4.96758e-12;
0.902;-1.74868e-12;
0.903;-1.24209e-12;
0.904;2.69582e-12;
0.905;-2.56753e-12;
0.906;4.12009e-12;
0.907;-3.76546e-12;
0.908;-1.49886e-12;
0.909;2.40166e-12;
0.91;-1.24445e-12;
0.911;4.39232e-13;
0.912;2.27518e-12;
0.913;-1.77311e-12;
0.914;-2.30399e-13;
0.915;2.47566e-12;
0.916;3.29708e-13;
0.917;8.59507e-13;
0.918;2.9223e-12;
0.919;6.13981e-13;
0.92;-5.54917e-13;
0.921;-2.043e-12;
0.922;3.79571e-12;
0.923;7.0762e-12;
0.924;-1.56852e-12;
0.925;5.42233e-13;
0.926;1.58065e-12;
0.927;2.07015e-12;
0.928;-1.08299e-12;
0.929;-8.5589e-12;
0.93;1.8589e-12;
0.931;-4.12853e-12;
0.932;9.9738e-12;
0.933;2.86945e-11;
0.934;250;
0.935;3.68677e-12;
0.936;-9.17932e-13;
0.937;-1.39727e-12;
0.938;-6.31339e-12;
0.939;-9.13422e-12;
0.94;6.02962e-12;
0.941;1.90695e-12;
0.942;-1.56547e-11;
0.943;-2.37621e-12;
0.944;8.41993e-13;
0.945;-3.56894e-12;
0.946;6.5653e-13;
0.947;2.36608e-12;
0.948;-1.42734e-12;
0.949;-2.44163e-12;
0.95;-1.56639e-13;
0.951;-2.21254e-12;
0.952;-1.70507e-12;
0.953;3.40866e-13;
0.954;9.53043e-13;
0.955;2.15246e-12;
0.956;1.12052e-12;
0.957;-2.87831e-12;
0.958;-5.08427e-13;
0.959;4.90011e-13;
0.96;3.65581e-12;
0.961;4.07799e-13;
0.962;3.87301e-13;
0.963;5.96564e-13;
0.964;3.79016e-13;
0.965;-1.8897e-12;
0.966;-2.25223e-13;
0.967;5.59498e-12;
0.968;-5.35114e-13;
0.969;3.5328e-12;
0.97;7.89251e-12;
0.971;-4.50213e-12;
0.972;-2.32064e-12;
0.973;2.64555e-11;
0.974;4.80569e-11;
0.975;500;
0.976;-1.04092e-11;
0.977;-1.524e-11;
0.978;-1.53041e-11;
0.979;2.60204e-12;
0.98;-1.95733e-12;
0.981;-8.16971e-12;
0.982;3.46362e-13;
0.983;1.99351e-12;
0.984;1.63251e-11;
0.985;-5.92831e-12;
0.986;4.911e-13;
0.987;-2.55348e-13;
0.988;-2.75661e-12;
0.989;-8.56951e-12;
0.99;1.97607e-12;
0.991;-7.41723e-13;
0.992;-2.98492e-12;
0.993;2.10165e-12;
0.994;-1.89079e-12;
0.995;-4.20419e-12;
0.996;-9.8377e-12;
0.997;2.5893e-12;
0.998;-5.09767e-12;
0.999;-5.04703e-12;
